NumberOfTasks,taskDelay,wanDelay,manDelay,wlanDelay,lanDelay,directCommunicationDelay
1,1.222,0.0,0.0,0.0,0.0,1.95
2,1.222,0.0,0.0,0.0,0.0,1.95
3,0.022,0.5,0.1,0.02,0.0025,1.95
4,1.222,0.0,0.0,0.0,0.0,1.95
5,0.022,0.5,0.1,0.02,0.0025,1.95
6,0.022,0.5,0.1,0.02,0.0025,1.95
7,1.222,0.0,0.0,0.0,0.0,1.95
8,0.022,0.5,0.1,0.02,0.0025,1.95
9,0.022,0.5,0.1,0.02,0.0025,1.95
10,1.222,0.0,0.0,0.0,0.0,1.95
11,0.022,0.5,0.1,0.02,0.0025,1.95
12,0.022,0.5,0.1,0.02,0.0025,1.95
13,1.222,0.0,0.0,0.0,0.0,1.95
14,0.022,0.5,0.1,0.02,0.0025,1.95
15,0.022,0.5,0.1,0.02,0.0025,1.95
16,0.022,0.5,0.1,0.02,0.0025,1.95
17,0.022,0.5,0.1,0.02,0.0025,1.95
18,0.022,0.5,0.1,0.02,0.0025,1.95
19,1.222,0.0,0.0,0.0,0.0,1.95
20,1.222,0.0,0.0,0.0,0.0,1.95
21,0.022,0.5,0.1,0.02,0.0025,1.95
22,1.222,0.0,0.0,0.0,0.0,1.95
23,0.022,0.5,0.1,0.02,0.0025,1.95
24,1.222,0.0,0.0,0.0,0.0,1.95
25,1.222,0.0,0.0,0.0,0.0,1.95
26,0.022,0.5,0.1,0.02,0.0025,1.95
27,0.022,0.5,0.1,0.02,0.0025,1.95
28,0.022,0.5,0.1,0.02,0.0025,1.95
29,1.222,0.0,0.0,0.0,0.0,1.95
30,1.222,0.0,0.0,0.0,0.0,1.95
31,1.222,0.0,0.0,0.0,0.0,1.95
32,0.022,0.5,0.1,0.02,0.0025,1.95
33,1.222,0.0,0.0,0.0,0.0,1.95
34,1.222,0.0,0.0,0.0,0.0,1.95
35,0.022,0.5,0.1,0.02,0.0025,1.95
36,1.222,0.0,0.0,0.0,0.0,1.95
37,0.022,0.5,0.1,0.02,0.0025,1.95
38,0.022,0.5,0.1,0.02,0.0025,1.95
39,0.022,0.5,0.1,0.02,0.0025,1.95
40,0.022,0.5,0.1,0.02,0.0025,1.95
41,1.222,0.0,0.0,0.0,0.0,1.95
42,0.022,0.5,0.1,0.02,0.0025,1.95
43,1.222,0.0,0.0,0.0,0.0,1.95
44,0.022,0.5,0.1,0.02,0.0025,1.95
45,1.222,0.0,0.0,0.0,0.0,1.95
46,1.222,0.0,0.0,0.0,0.0,1.95
47,1.222,0.0,0.0,0.0,0.0,1.95
48,0.022,0.5,0.1,0.02,0.0025,1.95
49,1.222,0.0,0.0,0.0,0.0,1.95
50,0.022,0.5,0.1,0.02,0.0025,1.95
51,1.222,0.0,0.0,0.0,0.0,1.95
52,0.022,0.5,0.1,0.02,0.0025,1.95
53,0.022,0.5,0.1,0.02,0.0025,1.95
54,0.022,0.5,0.1,0.02,0.0025,1.95
55,0.022,0.5,0.1,0.02,0.0025,1.95
56,1.222,0.0,0.0,0.0,0.0,1.95
57,0.022,0.5,0.1,0.02,0.0025,1.95
58,1.222,0.0,0.0,0.0,0.0,1.95
59,1.222,0.0,0.0,0.0,0.0,1.95
60,0.022,0.5,0.1,0.02,0.0025,1.95
61,0.022,0.5,0.1,0.02,0.0025,1.95
62,0.022,0.5,0.1,0.02,0.0025,1.95
63,0.022,0.5,0.1,0.02,0.0025,1.95
64,1.222,0.0,0.0,0.0,0.0,1.95
65,0.022,0.5,0.1,0.02,0.0025,1.95
66,0.022,0.5,0.1,0.02,0.0025,1.95
67,0.022,0.5,0.1,0.02,0.0025,1.95
68,1.222,0.0,0.0,0.0,0.0,1.95
69,1.222,0.0,0.0,0.0,0.0,1.95
70,0.022,0.5,0.1,0.02,0.0025,1.95
71,1.222,0.0,0.0,0.0,0.0,1.95
72,1.222,0.0,0.0,0.0,0.0,1.95
73,0.022,0.5,0.1,0.02,0.0025,1.95
74,0.022,0.5,0.1,0.02,0.0025,1.95
75,0.022,0.5,0.1,0.02,0.0025,1.95
76,0.022,0.5,0.1,0.02,0.0025,1.95
77,1.222,0.0,0.0,0.0,0.0,1.95
78,0.022,0.5,0.1,0.02,0.0025,1.95
79,1.222,0.0,0.0,0.0,0.0,1.95
80,0.022,0.5,0.1,0.02,0.0025,1.95
81,1.222,0.0,0.0,0.0,0.0,1.95
82,0.022,0.5,0.1,0.02,0.0025,1.95
83,1.222,0.0,0.0,0.0,0.0,1.95
84,1.222,0.0,0.0,0.0,0.0,1.95
85,1.222,0.0,0.0,0.0,0.0,1.95
86,0.022,0.5,0.1,0.02,0.0025,1.95
87,0.022,0.5,0.1,0.02,0.0025,1.95
88,1.222,0.0,0.0,0.0,0.0,1.95
89,1.222,0.0,0.0,0.0,0.0,1.95
90,0.022,0.5,0.1,0.02,0.0025,1.95
91,1.222,0.0,0.0,0.0,0.0,1.95
92,0.022,0.5,0.1,0.02,0.0025,1.95
93,1.222,0.0,0.0,0.0,0.0,1.95
94,1.222,0.0,0.0,0.0,0.0,1.95
95,0.022,0.5,0.1,0.02,0.0025,1.95
96,1.222,0.0,0.0,0.0,0.0,1.95
97,1.222,0.0,0.0,0.0,0.0,1.95
98,1.222,0.0,0.0,0.0,0.0,1.95
99,1.222,0.0,0.0,0.0,0.0,1.95
100,1.222,0.0,0.0,0.0,0.0,1.95
101,0.022,0.5,0.1,0.02,0.0025,1.95
102,0.022,0.5,0.1,0.02,0.0025,1.95
103,1.222,0.0,0.0,0.0,0.0,1.95
104,1.222,0.0,0.0,0.0,0.0,1.95
105,1.222,0.0,0.0,0.0,0.0,1.95
106,0.022,0.5,0.1,0.02,0.0025,1.95
107,0.022,0.5,0.1,0.02,0.0025,1.95
108,0.022,0.5,0.1,0.02,0.0025,1.95
109,0.022,0.5,0.1,0.02,0.0025,1.95
110,1.222,0.0,0.0,0.0,0.0,1.95
111,0.022,0.5,0.1,0.02,0.0025,1.95
112,1.222,0.0,0.0,0.0,0.0,1.95
113,0.022,0.5,0.1,0.02,0.0025,1.95
114,1.222,0.0,0.0,0.0,0.0,1.95
115,0.022,0.5,0.1,0.02,0.0025,1.95
116,1.222,0.0,0.0,0.0,0.0,1.95
117,1.222,0.0,0.0,0.0,0.0,1.95
118,1.222,0.0,0.0,0.0,0.0,1.95
119,1.222,0.0,0.0,0.0,0.0,1.95
120,1.222,0.0,0.0,0.0,0.0,1.95
121,1.222,0.0,0.0,0.0,0.0,1.95
122,1.222,0.0,0.0,0.0,0.0,1.95
123,1.222,0.0,0.0,0.0,0.0,1.95
124,0.022,0.5,0.1,0.02,0.0025,1.95
125,0.022,0.5,0.1,0.02,0.0025,1.95
126,1.222,0.0,0.0,0.0,0.0,1.95
127,0.022,0.5,0.1,0.02,0.0025,1.95
128,1.222,0.0,0.0,0.0,0.0,1.95
129,0.022,0.5,0.1,0.02,0.0025,1.95
130,0.022,0.5,0.1,0.02,0.0025,1.95
131,0.022,0.5,0.1,0.02,0.0025,1.95
132,0.022,0.5,0.1,0.02,0.0025,1.95
133,1.222,0.0,0.0,0.0,0.0,1.95
134,1.222,0.0,0.0,0.0,0.0,1.95
135,0.022,0.5,0.1,0.02,0.0025,1.95
136,1.222,0.0,0.0,0.0,0.0,1.95
137,0.022,0.5,0.1,0.02,0.0025,1.95
138,1.222,0.0,0.0,0.0,0.0,1.95
139,1.222,0.0,0.0,0.0,0.0,1.95
140,0.022,0.5,0.1,0.02,0.0025,1.95
141,0.022,0.5,0.1,0.02,0.0025,1.95
142,0.022,0.5,0.1,0.02,0.0025,1.95
143,1.222,0.0,0.0,0.0,0.0,1.95
144,1.222,0.0,0.0,0.0,0.0,1.95
145,1.222,0.0,0.0,0.0,0.0,1.95
146,0.022,0.5,0.1,0.02,0.0025,1.95
147,1.222,0.0,0.0,0.0,0.0,1.95
148,0.022,0.5,0.1,0.02,0.0025,1.95
149,1.222,0.0,0.0,0.0,0.0,1.95
150,1.222,0.0,0.0,0.0,0.0,1.95
151,1.222,0.0,0.0,0.0,0.0,1.95
152,1.222,0.0,0.0,0.0,0.0,1.95
153,1.222,0.0,0.0,0.0,0.0,1.95
154,1.222,0.0,0.0,0.0,0.0,1.95
155,1.222,0.0,0.0,0.0,0.0,1.95
156,1.222,0.0,0.0,0.0,0.0,1.95
157,1.222,0.0,0.0,0.0,0.0,1.95
158,1.222,0.0,0.0,0.0,0.0,1.95
159,0.022,0.5,0.1,0.02,0.0025,1.95
160,1.222,0.0,0.0,0.0,0.0,1.95
161,0.022,0.5,0.1,0.02,0.0025,1.95
162,1.2225,0.5,0.1,0.0,0.0015,1.95
163,1.2225,0.5,0.1,0.0,0.0015,1.95
164,1.2225,0.5,0.1,0.0,0.0015,1.95
165,1.222,0.0,0.0,0.0,0.0,1.95
166,1.222,0.0,0.0,0.0,0.0,1.95
167,1.222,0.0,0.0,0.0,0.0,1.95
168,1.222,0.0,0.0,0.0,0.0,1.95
169,1.222,0.0,0.0,0.0,0.0,1.95
170,1.2225,0.5,0.1,0.0,0.0015,1.95
171,1.222,0.0,0.0,0.0,0.0,1.95
172,1.222,0.0,0.0,0.0,0.0,1.95
173,1.222,0.0,0.0,0.0,0.0,1.95
174,1.222,0.0,0.0,0.0,0.0,1.95
175,1.222,0.0,0.0,0.0,0.0,1.95
176,1.222,0.0,0.0,0.0,0.0,1.95
177,1.222,0.0,0.0,0.0,0.0,1.95
178,1.222,0.0,0.0,0.0,0.0,1.95
179,1.2225,0.5,0.1,0.0,0.0015,1.95
180,1.222,0.0,0.0,0.0,0.0,1.95
181,1.222,0.0,0.0,0.0,0.0,1.95
182,1.222,0.0,0.0,0.0,0.0,1.95
183,1.2225,0.5,0.1,0.0,0.0015,1.95
184,1.2225,0.5,0.1,0.0,0.0015,1.95
185,1.222,0.0,0.0,0.0,0.0,1.95
186,1.222,0.0,0.0,0.0,0.0,1.95
187,1.2225,0.5,0.1,0.0,0.0015,1.95
188,1.222,0.0,0.0,0.0,0.0,1.95
189,1.2225,0.5,0.1,0.0,0.0015,1.95
190,1.2225,0.5,0.1,0.0,0.0015,1.95
191,1.2225,0.5,0.1,0.0,0.0015,1.95
192,1.2225,0.5,0.1,0.0,0.0015,1.95
193,1.2225,0.5,0.1,0.0,0.0015,1.95
194,1.222,0.0,0.0,0.0,0.0,1.95
195,1.222,0.0,0.0,0.0,0.0,1.95
196,1.2225,0.5,0.1,0.0,0.0015,1.95
197,1.222,0.0,0.0,0.0,0.0,1.95
198,1.222,0.0,0.0,0.0,0.0,1.95
199,1.222,0.0,0.0,0.0,0.0,1.95
200,1.222,0.0,0.0,0.0,0.0,1.95
201,1.222,0.0,0.0,0.0,0.0,1.95
202,1.222,0.0,0.0,0.0,0.0,1.95
203,1.2225,0.5,0.1,0.0,0.0015,1.95
204,1.2225,0.5,0.1,0.0,0.0015,1.95
205,1.2225,0.5,0.1,0.0,0.0015,1.95
206,1.222,0.0,0.0,0.0,0.0,1.95
207,1.2225,0.5,0.1,0.0,0.0015,1.95
208,1.222,0.0,0.0,0.0,0.0,1.95
209,1.2225,0.5,0.1,0.0,0.0015,1.95
210,1.222,0.0,0.0,0.0,0.0,1.95
211,1.222,0.0,0.0,0.0,0.0,1.95
212,1.222,0.0,0.0,0.0,0.0,1.95
213,1.2225,0.5,0.1,0.0,0.0015,1.95
214,1.222,0.0,0.0,0.0,0.0,1.95
215,1.2225,0.5,0.1,0.0,0.0015,1.95
216,1.2225,0.5,0.1,0.0,0.0015,1.95
217,1.222,0.0,0.0,0.0,0.0,1.95
218,1.222,0.0,0.0,0.0,0.0,1.95
219,1.222,0.0,0.0,0.0,0.0,1.95
220,1.2225,0.5,0.1,0.0,0.0015,1.95
221,1.222,0.0,0.0,0.0,0.0,1.95
222,1.222,0.0,0.0,0.0,0.0,1.95
223,1.2225,0.5,0.1,0.0,0.0015,1.95
224,1.222,0.0,0.0,0.0,0.0,1.95
225,1.222,0.0,0.0,0.0,0.0,1.95
226,1.2225,0.5,0.1,0.0,0.0015,1.95
227,1.222,0.0,0.0,0.0,0.0,1.95
228,1.222,0.0,0.0,0.0,0.0,1.95
229,1.2225,0.5,0.1,0.0,0.0015,1.95
230,1.2225,0.5,0.1,0.0,0.0015,1.95
231,1.222,0.0,0.0,0.0,0.0,1.95
232,1.2225,0.5,0.1,0.0,0.0015,1.95
233,1.222,0.0,0.0,0.0,0.0,1.95
234,1.2225,0.5,0.1,0.0,0.0015,1.95
235,1.2225,0.5,0.1,0.0,0.0015,1.95
236,1.2225,0.5,0.1,0.0,0.0015,1.95
237,1.2225,0.5,0.1,0.0,0.0015,1.95
238,1.2225,0.5,0.1,0.0,0.0015,1.95
239,1.222,0.0,0.0,0.0,0.0,1.95
240,1.2225,0.5,0.1,0.0,0.0015,1.95
241,1.222,0.0,0.0,0.0,0.0,1.95
242,1.2225,0.5,0.1,0.0,0.0015,1.95
243,1.222,0.0,0.0,0.0,0.0,1.95
244,1.2225,0.5,0.1,0.0,0.0015,1.95
245,1.222,0.0,0.0,0.0,0.0,1.95
246,1.2225,0.5,0.1,0.0,0.0015,1.95
247,1.222,0.0,0.0,0.0,0.0,1.95
248,1.2225,0.5,0.1,0.0,0.0015,1.95
249,1.2225,0.5,0.1,0.0,0.0015,1.95
250,1.222,0.0,0.0,0.0,0.0,1.95
251,1.2225,0.5,0.1,0.0,0.0015,1.95
252,1.2225,0.5,0.1,0.0,0.0015,1.95
253,1.222,0.0,0.0,0.0,0.0,1.95
254,1.2225,0.5,0.1,0.0,0.0015,1.95
255,1.222,0.0,0.0,0.0,0.0,1.95
256,1.2225,0.5,0.1,0.0,0.0015,1.95
257,1.222,0.0,0.0,0.0,0.0,1.95
258,1.222,0.0,0.0,0.0,0.0,1.95
259,1.222,0.0,0.0,0.0,0.0,1.95
260,1.2225,0.5,0.1,0.0,0.0015,1.95
261,1.222,0.0,0.0,0.0,0.0,1.95
262,1.222,0.0,0.0,0.0,0.0,1.95
263,1.222,0.0,0.0,0.0,0.0,1.95
264,1.2225,0.5,0.1,0.0,0.0015,1.95
265,1.2225,0.5,0.1,0.0,0.0015,1.95
266,1.222,0.0,0.0,0.0,0.0,1.95
267,1.222,0.0,0.0,0.0,0.0,1.95
268,1.222,0.0,0.0,0.0,0.0,1.95
269,1.2225,0.5,0.1,0.0,0.0015,1.95
270,1.222,0.0,0.0,0.0,0.0,1.95
271,1.2225,0.5,0.1,0.0,0.0015,1.95
272,1.2225,0.5,0.1,0.0,0.0015,1.95
273,1.222,0.0,0.0,0.0,0.0,1.95
274,1.222,0.0,0.0,0.0,0.0,1.95
275,1.222,0.0,0.0,0.0,0.0,1.95
276,1.2225,0.5,0.1,0.0,0.0015,1.95
277,1.222,0.0,0.0,0.0,0.0,1.95
278,1.2225,0.5,0.1,0.0,0.0015,1.95
279,1.222,0.0,0.0,0.0,0.0,1.95
280,1.222,0.0,0.0,0.0,0.0,1.95
281,1.222,0.0,0.0,0.0,0.0,1.95
282,1.222,0.0,0.0,0.0,0.0,1.95
283,1.2225,0.5,0.1,0.0,0.0015,1.95
284,1.222,0.0,0.0,0.0,0.0,1.95
285,1.222,0.0,0.0,0.0,0.0,1.95
286,1.2225,0.5,0.1,0.0,0.0015,1.95
287,1.222,0.0,0.0,0.0,0.0,1.95
288,1.2225,0.5,0.1,0.0,0.0015,1.95
289,1.222,0.0,0.0,0.0,0.0,1.95
290,1.2225,0.5,0.1,0.0,0.0015,1.95
291,1.222,0.0,0.0,0.0,0.0,1.95
292,1.222,0.0,0.0,0.0,0.0,1.95
293,1.222,0.0,0.0,0.0,0.0,1.95
294,1.222,0.0,0.0,0.0,0.0,1.95
295,1.2225,0.5,0.1,0.0,0.0015,1.95
296,1.2225,0.5,0.1,0.0,0.0015,1.95
297,1.2225,0.5,0.1,0.0,0.0015,1.95
298,1.222,0.0,0.0,0.0,0.0,1.95
299,1.2225,0.5,0.1,0.0,0.0015,1.95
300,1.2225,0.5,0.1,0.0,0.0015,1.95
301,1.222,0.0,0.0,0.0,0.0,1.95
302,1.2225,0.5,0.1,0.0,0.0015,1.95
303,1.2225,0.5,0.1,0.0,0.0015,1.95
304,1.222,0.0,0.0,0.0,0.0,1.95
305,1.2225,0.5,0.1,0.0,0.0015,1.95
306,1.2225,0.5,0.1,0.0,0.0015,1.95
307,1.2225,0.5,0.1,0.0,0.0015,1.95
308,1.2225,0.5,0.1,0.0,0.0015,1.95
309,1.2225,0.5,0.1,0.0,0.0015,1.95
310,1.222,0.0,0.0,0.0,0.0,1.95
311,1.222,0.0,0.0,0.0,0.0,1.95
312,1.2225,0.5,0.1,0.0,0.0015,1.95
313,1.2225,0.5,0.1,0.0,0.0015,1.95
314,1.222,0.0,0.0,0.0,0.0,1.95
315,1.222,0.0,0.0,0.0,0.0,1.95
316,1.2225,0.5,0.1,0.0,0.0015,1.95
317,1.222,0.0,0.0,0.0,0.0,1.95
318,1.2225,0.5,0.1,0.0,0.0015,1.95
319,1.2225,0.5,0.1,0.0,0.0015,1.95
320,1.222,0.0,0.0,0.0,0.0,1.95
321,1.222,0.0,0.0,0.0,0.0,1.95
322,1.222,0.0,0.0,0.0,0.0,1.95
323,1.2225,0.5,0.1,0.0,0.0015,1.95
324,1.222,0.0,0.0,0.0,0.0,1.95
325,1.2225,0.5,0.1,0.0,0.0015,1.95
326,1.222,0.0,0.0,0.0,0.0,1.95
327,1.2225,0.5,0.1,0.0,0.0015,1.95
328,1.222,0.0,0.0,0.0,0.0,1.95
329,1.222,0.0,0.0,0.0,0.0,1.95
330,1.2225,0.5,0.1,0.0,0.0015,1.95
331,1.222,0.0,0.0,0.0,0.0,1.95
332,1.222,0.0,0.0,0.0,0.0,1.95
333,1.222,0.0,0.0,0.0,0.0,1.95
334,1.2225,0.5,0.1,0.0,0.0015,1.95
335,1.222,0.0,0.0,0.0,0.0,1.95
336,1.222,0.0,0.0,0.0,0.0,1.95
337,1.2225,0.5,0.1,0.0,0.0015,1.95
338,1.222,0.0,0.0,0.0,0.0,1.95
339,1.222,0.0,0.0,0.0,0.0,1.95
340,1.222,0.0,0.0,0.0,0.0,1.95
341,1.222,0.0,0.0,0.0,0.0,1.95
342,1.2225,0.5,0.1,0.0,0.0015,1.95
343,1.222,0.0,0.0,0.0,0.0,1.95
344,1.222,0.0,0.0,0.0,0.0,1.95
345,1.2225,0.5,0.1,0.0,0.0015,1.95
346,1.2225,0.5,0.1,0.0,0.0015,1.95
347,1.2225,0.5,0.1,0.0,0.0015,1.95
348,1.222,0.0,0.0,0.0,0.0,1.95
349,1.2225,0.5,0.1,0.0,0.0015,1.95
350,1.2225,0.5,0.1,0.0,0.0015,1.95
351,1.2225,0.5,0.1,0.0,0.0015,1.95
352,1.222,0.0,0.0,0.0,0.0,1.95
353,1.222,0.0,0.0,0.0,0.0,1.95
354,1.222,0.0,0.0,0.0,0.0,1.95
355,1.222,0.0,0.0,0.0,0.0,1.95
356,1.2225,0.5,0.1,0.0,0.0015,1.95
357,1.222,0.0,0.0,0.0,0.0,1.95
358,1.222,0.0,0.0,0.0,0.0,1.95
359,1.2225,0.5,0.1,0.0,0.0015,1.95
360,1.222,0.0,0.0,0.0,0.0,1.95
361,1.222,0.0,0.0,0.0,0.0,1.95
362,1.222,0.0,0.0,0.0,0.0,1.95
363,1.2225,0.5,0.1,0.0,0.0015,1.95
364,1.2225,0.5,0.1,0.0,0.0015,1.95
365,1.222,0.0,0.0,0.0,0.0,1.95
366,1.222,0.0,0.0,0.0,0.0,1.95
367,1.2225,0.5,0.1,0.0,0.0015,1.95
368,1.2225,0.5,0.1,0.0,0.0015,1.95
369,1.222,0.0,0.0,0.0,0.0,1.95
370,1.222,0.0,0.0,0.0,0.0,1.95
371,1.2225,0.5,0.1,0.0,0.0015,1.95
372,1.2225,0.5,0.1,0.0,0.0015,1.95
373,1.2225,0.5,0.1,0.0,0.0015,1.95
374,1.222,0.0,0.0,0.0,0.0,1.95
375,1.2225,0.5,0.1,0.0,0.0015,1.95
376,1.222,0.0,0.0,0.0,0.0,1.95
377,1.2225,0.5,0.1,0.0,0.0015,1.95
378,1.2225,0.5,0.1,0.0,0.0015,1.95
379,1.222,0.0,0.0,0.0,0.0,1.95
380,1.222,0.0,0.0,0.0,0.0,1.95
381,1.2225,0.5,0.1,0.0,0.0015,1.95
382,1.222,0.0,0.0,0.0,0.0,1.95
383,1.2225,0.5,0.1,0.0,0.0015,1.95
384,1.2225,0.5,0.1,0.0,0.0015,1.95
385,1.222,0.0,0.0,0.0,0.0,1.95
386,1.2225,0.5,0.1,0.0,0.0015,1.95
387,1.2225,0.5,0.1,0.0,0.0015,1.95
388,1.2225,0.5,0.1,0.0,0.0015,1.95
389,1.2225,0.5,0.1,0.0,0.0015,1.95
390,1.2225,0.5,0.1,0.0,0.0015,1.95
391,1.2225,0.5,0.1,0.0,0.0015,1.95
392,1.222,0.0,0.0,0.0,0.0,1.95
393,1.2225,0.5,0.1,0.0,0.0015,1.95
394,1.2225,0.5,0.1,0.0,0.0015,1.95
395,1.222,0.0,0.0,0.0,0.0,1.95
396,1.2225,0.5,0.1,0.0,0.0015,1.95
397,1.2225,0.5,0.1,0.0,0.0015,1.95
398,1.222,0.0,0.0,0.0,0.0,1.95
399,1.2225,0.5,0.1,0.0,0.0015,1.95
400,1.222,0.0,0.0,0.0,0.0,1.95
401,1.222,0.0,0.0,0.0,0.0,1.95
402,1.222,0.0,0.0,0.0,0.0,1.95
403,1.2225,0.5,0.1,0.0,0.0015,1.95
404,1.2225,0.5,0.1,0.0,0.0015,1.95
405,1.2225,0.5,0.1,0.0,0.0015,1.95
406,1.2225,0.5,0.1,0.0,0.0015,1.95
407,1.2225,0.5,0.1,0.0,0.0015,1.95
408,1.2225,0.5,0.1,0.0,0.0015,1.95
409,1.222,0.0,0.0,0.0,0.0,1.95
410,1.2225,0.5,0.1,0.0,0.0015,1.95
411,1.2225,0.5,0.1,0.0,0.0015,1.95
412,1.222,0.0,0.0,0.0,0.0,1.95
413,1.2225,0.5,0.1,0.0,0.0015,1.95
414,1.2225,0.5,0.1,0.0,0.0015,1.95
415,1.2225,0.5,0.1,0.0,0.0015,1.95
416,1.2225,0.5,0.1,0.0,0.0015,1.95
417,1.2225,0.5,0.1,0.0,0.0015,1.95
418,1.222,0.0,0.0,0.0,0.0,1.95
419,1.222,0.0,0.0,0.0,0.0,1.95
420,1.2225,0.5,0.1,0.0,0.0015,1.95
421,1.2225,0.5,0.1,0.0,0.0015,1.95
422,1.222,0.0,0.0,0.0,0.0,1.95
423,1.222,0.0,0.0,0.0,0.0,1.95
424,1.222,0.0,0.0,0.0,0.0,1.95
425,1.2225,0.5,0.1,0.0,0.0015,1.95
426,1.222,0.0,0.0,0.0,0.0,1.95
427,1.222,0.0,0.0,0.0,0.0,1.95
428,1.2225,0.5,0.1,0.0,0.0015,1.95
429,1.222,0.0,0.0,0.0,0.0,1.95
430,1.2225,0.5,0.1,0.0,0.0015,1.95
431,1.222,0.0,0.0,0.0,0.0,1.95
432,1.2225,0.5,0.1,0.0,0.0015,1.95
433,1.2225,0.5,0.1,0.0,0.0015,1.95
434,1.2225,0.5,0.1,0.0,0.0015,1.95
435,1.222,0.0,0.0,0.0,0.0,1.95
436,1.2225,0.5,0.1,0.0,0.0015,1.95
437,1.222,0.0,0.0,0.0,0.0,1.95
438,1.222,0.0,0.0,0.0,0.0,1.95
439,1.222,0.0,0.0,0.0,0.0,1.95
440,1.222,0.0,0.0,0.0,0.0,1.95
441,1.222,0.0,0.0,0.0,0.0,1.95
442,1.222,0.0,0.0,0.0,0.0,1.95
443,1.222,0.0,0.0,0.0,0.0,1.95
444,1.2225,0.5,0.1,0.0,0.0015,1.95
445,1.2225,0.5,0.1,0.0,0.0015,1.95
446,1.222,0.0,0.0,0.0,0.0,1.95
447,1.2225,0.5,0.1,0.0,0.0015,1.95
448,1.222,0.0,0.0,0.0,0.0,1.95
449,1.2225,0.5,0.1,0.0,0.0015,1.95
450,1.222,0.0,0.0,0.0,0.0,1.95
451,1.222,0.0,0.0,0.0,0.0,1.95
452,1.2225,0.5,0.1,0.0,0.0015,1.95
453,1.222,0.0,0.0,0.0,0.0,1.95
454,1.222,0.0,0.0,0.0,0.0,1.95
455,1.222,0.0,0.0,0.0,0.0,1.95
456,1.2225,0.5,0.1,0.0,0.0015,1.95
457,1.2225,0.5,0.1,0.0,0.0015,1.95
458,1.2225,0.5,0.1,0.0,0.0015,1.95
459,1.222,0.0,0.0,0.0,0.0,1.95
460,1.2225,0.5,0.1,0.0,0.0015,1.95
461,1.2225,0.5,0.1,0.0,0.0015,1.95
462,1.2225,0.5,0.1,0.0,0.0015,1.95
463,1.222,0.0,0.0,0.0,0.0,1.95
464,1.2225,0.5,0.1,0.0,0.0015,1.95
465,1.2225,0.5,0.1,0.0,0.0015,1.95
466,1.2225,0.5,0.1,0.0,0.0015,1.95
467,1.2225,0.5,0.1,0.0,0.0015,1.95
468,1.222,0.0,0.0,0.0,0.0,1.95
469,1.222,0.0,0.0,0.0,0.0,1.95
470,1.222,0.0,0.0,0.0,0.0,1.95
471,1.2225,0.5,0.1,0.0,0.0015,1.95
472,1.222,0.0,0.0,0.0,0.0,1.95
473,1.222,0.0,0.0,0.0,0.0,1.95
474,1.2225,0.5,0.1,0.0,0.0015,1.95
475,1.2225,0.5,0.1,0.0,0.0015,1.95
476,1.222,0.0,0.0,0.0,0.0,1.95
477,1.222,0.0,0.0,0.0,0.0,1.95
478,1.2225,0.5,0.1,0.0,0.0015,1.95
479,1.222,0.0,0.0,0.0,0.0,1.95
480,1.222,0.0,0.0,0.0,0.0,1.95
481,1.2225,0.5,0.1,0.0,0.0015,1.95
482,1.222,0.0,0.0,0.0,0.0,1.95
483,1.222,0.0,0.0,0.0,0.0,1.95
484,1.2225,0.5,0.1,0.0,0.0015,1.95
485,1.2225,0.5,0.1,0.0,0.0015,1.95
486,1.222,0.0,0.0,0.0,0.0,1.95
487,1.2225,0.5,0.1,0.0,0.0015,1.95
488,1.222,0.0,0.0,0.0,0.0,1.95
489,1.222,0.0,0.0,0.0,0.0,1.95
490,1.222,0.0,0.0,0.0,0.0,1.95
491,1.222,0.0,0.0,0.0,0.0,1.95
492,1.2225,0.5,0.1,0.0,0.0015,1.95
493,1.2225,0.5,0.1,0.0,0.0015,1.95
494,1.222,0.0,0.0,0.0,0.0,1.95
495,1.222,0.0,0.0,0.0,0.0,1.95
496,1.222,0.0,0.0,0.0,0.0,1.95
497,1.2225,0.5,0.1,0.0,0.0015,1.95
498,1.2225,0.5,0.1,0.0,0.0015,1.95
499,1.222,0.0,0.0,0.0,0.0,1.95
500,1.2225,0.5,0.1,0.0,0.0015,1.95
501,1.2225,0.5,0.1,0.0,0.0015,1.95
502,1.222,0.0,0.0,0.0,0.0,1.95
503,1.2225,0.5,0.1,0.0,0.0015,1.95
504,1.222,0.0,0.0,0.0,0.0,1.95
505,1.2225,0.5,0.1,0.0,0.0015,1.95
506,1.2225,0.5,0.1,0.0,0.0015,1.95
507,1.222,0.0,0.0,0.0,0.0,1.95
508,1.2225,0.5,0.1,0.0,0.0015,1.95
509,1.222,0.0,0.0,0.0,0.0,1.95
510,1.2225,0.5,0.1,0.0,0.0015,1.95
511,1.2225,0.5,0.1,0.0,0.0015,1.95
512,1.2225,0.5,0.1,0.0,0.0015,1.95
513,1.222,0.0,0.0,0.0,0.0,1.95
514,1.2225,0.5,0.1,0.0,0.0015,1.95
515,1.2225,0.5,0.1,0.0,0.0015,1.95
516,1.2225,0.5,0.1,0.0,0.0015,1.95
517,1.2225,0.5,0.1,0.0,0.0015,1.95
518,1.2225,0.5,0.1,0.0,0.0015,1.95
519,1.222,0.0,0.0,0.0,0.0,1.95
520,1.222,0.0,0.0,0.0,0.0,1.95
521,1.222,0.0,0.0,0.0,0.0,1.95
522,1.2225,0.5,0.1,0.0,0.0015,1.95
523,1.2225,0.5,0.1,0.0,0.0015,1.95
524,1.2225,0.5,0.1,0.0,0.0015,1.95
525,1.2225,0.5,0.1,0.0,0.0015,1.95
526,1.222,0.0,0.0,0.0,0.0,1.95
527,1.222,0.0,0.0,0.0,0.0,1.95
528,1.222,0.0,0.0,0.0,0.0,1.95
529,1.222,0.0,0.0,0.0,0.0,1.95
530,1.2225,0.5,0.1,0.0,0.0015,1.95
531,1.222,0.0,0.0,0.0,0.0,1.95
532,1.222,0.0,0.0,0.0,0.0,1.95
533,1.2225,0.5,0.1,0.0,0.0015,1.95
534,1.2225,0.5,0.1,0.0,0.0015,1.95
535,1.222,0.0,0.0,0.0,0.0,1.95
536,1.222,0.0,0.0,0.0,0.0,1.95
537,1.222,0.0,0.0,0.0,0.0,1.95
538,1.2225,0.5,0.1,0.0,0.0015,1.95
539,1.2225,0.5,0.1,0.0,0.0015,1.95
540,1.222,0.0,0.0,0.0,0.0,1.95
541,1.222,0.0,0.0,0.0,0.0,1.95
542,1.222,0.0,0.0,0.0,0.0,1.95
543,1.2225,0.5,0.1,0.0,0.0015,1.95
544,1.222,0.0,0.0,0.0,0.0,1.95
545,1.2225,0.5,0.1,0.0,0.0015,1.95
546,1.222,0.0,0.0,0.0,0.0,1.95
547,1.222,0.0,0.0,0.0,0.0,1.95
548,1.222,0.0,0.0,0.0,0.0,1.95
549,1.2225,0.5,0.1,0.0,0.0015,1.95
550,1.222,0.0,0.0,0.0,0.0,1.95
551,1.222,0.0,0.0,0.0,0.0,1.95
552,1.2225,0.5,0.1,0.0,0.0015,1.95
553,1.2225,0.5,0.1,0.0,0.0015,1.95
554,1.222,0.0,0.0,0.0,0.0,1.95
555,1.2225,0.5,0.1,0.0,0.0015,1.95
556,1.222,0.0,0.0,0.0,0.0,1.95
557,1.222,0.0,0.0,0.0,0.0,1.95
558,1.2225,0.5,0.1,0.0,0.0015,1.95
559,1.2225,0.5,0.1,0.0,0.0015,1.95
560,1.2225,0.5,0.1,0.0,0.0015,1.95
561,1.2225,0.5,0.1,0.0,0.0015,1.95
562,1.2225,0.5,0.1,0.0,0.0015,1.95
563,1.222,0.0,0.0,0.0,0.0,1.95
564,1.222,0.0,0.0,0.0,0.0,1.95
565,1.222,0.0,0.0,0.0,0.0,1.95
566,1.2225,0.5,0.1,0.0,0.0015,1.95
567,1.222,0.0,0.0,0.0,0.0,1.95
568,1.222,0.0,0.0,0.0,0.0,1.95
569,1.222,0.0,0.0,0.0,0.0,1.95
570,1.2225,0.5,0.1,0.0,0.0015,1.95
571,1.2225,0.5,0.1,0.0,0.0015,1.95
572,1.222,0.0,0.0,0.0,0.0,1.95
573,1.2225,0.5,0.1,0.0,0.0015,1.95
574,1.2225,0.5,0.1,0.0,0.0015,1.95
575,1.2225,0.5,0.1,0.0,0.0015,1.95
576,1.2225,0.5,0.1,0.0,0.0015,1.95
577,1.222,0.0,0.0,0.0,0.0,1.95
578,1.2225,0.5,0.1,0.0,0.0015,1.95
579,1.2225,0.5,0.1,0.0,0.0015,1.95
580,1.2225,0.5,0.1,0.0,0.0015,1.95
581,1.222,0.0,0.0,0.0,0.0,1.95
582,1.222,0.0,0.0,0.0,0.0,1.95
583,1.2225,0.5,0.1,0.0,0.0015,1.95
584,1.222,0.0,0.0,0.0,0.0,1.95
585,1.222,0.0,0.0,0.0,0.0,1.95
586,1.222,0.0,0.0,0.0,0.0,1.95
587,1.222,0.0,0.0,0.0,0.0,1.95
588,1.222,0.0,0.0,0.0,0.0,1.95
589,1.222,0.0,0.0,0.0,0.0,1.95
590,1.222,0.0,0.0,0.0,0.0,1.95
591,1.222,0.0,0.0,0.0,0.0,1.95
592,1.2225,0.5,0.1,0.0,0.0015,1.95
593,1.222,0.0,0.0,0.0,0.0,1.95
594,1.2225,0.5,0.1,0.0,0.0015,1.95
595,1.2225,0.5,0.1,0.0,0.0015,1.95
596,1.222,0.0,0.0,0.0,0.0,1.95
597,1.222,0.0,0.0,0.0,0.0,1.95
598,1.222,0.0,0.0,0.0,0.0,1.95
599,1.222,0.0,0.0,0.0,0.0,1.95
600,1.222,0.0,0.0,0.0,0.0,1.95
601,1.2225,0.5,0.1,0.0,0.0015,1.95
602,1.2225,0.5,0.1,0.0,0.0015,1.95
603,1.222,0.0,0.0,0.0,0.0,1.95
604,1.2225,0.5,0.1,0.0,0.0015,1.95
605,1.222,0.0,0.0,0.0,0.0,1.95
606,1.222,0.0,0.0,0.0,0.0,1.95
607,1.222,0.0,0.0,0.0,0.0,1.95
608,1.222,0.0,0.0,0.0,0.0,1.95
609,1.222,0.0,0.0,0.0,0.0,1.95
610,1.2225,0.5,0.1,0.0,0.0015,1.95
611,1.222,0.0,0.0,0.0,0.0,1.95
612,1.222,0.0,0.0,0.0,0.0,1.95
613,1.222,0.0,0.0,0.0,0.0,1.95
614,1.222,0.0,0.0,0.0,0.0,1.95
615,1.222,0.0,0.0,0.0,0.0,1.95
616,1.222,0.0,0.0,0.0,0.0,1.95
617,1.222,0.0,0.0,0.0,0.0,1.95
618,1.222,0.0,0.0,0.0,0.0,1.95
619,1.2225,0.5,0.1,0.0,0.0015,1.95
620,1.2225,0.5,0.1,0.0,0.0015,1.95
621,1.2225,0.5,0.1,0.0,0.0015,1.95
622,1.222,0.0,0.0,0.0,0.0,1.95
623,1.2225,0.5,0.1,0.0,0.0015,1.95
624,1.222,0.0,0.0,0.0,0.0,1.95
625,1.2225,0.5,0.1,0.0,0.0015,1.95
626,1.2225,0.5,0.1,0.0,0.0015,1.95
627,1.222,0.0,0.0,0.0,0.0,1.95
628,1.2225,0.5,0.1,0.0,0.0015,1.95
629,1.222,0.0,0.0,0.0,0.0,1.95
630,1.2225,0.5,0.1,0.0,0.0015,1.95
631,1.222,0.0,0.0,0.0,0.0,1.95
632,1.2225,0.5,0.1,0.0,0.0015,1.95
633,1.222,0.0,0.0,0.0,0.0,1.95
634,1.222,0.0,0.0,0.0,0.0,1.95
635,1.222,0.0,0.0,0.0,0.0,1.95
636,1.2225,0.5,0.1,0.0,0.0015,1.95
637,1.222,0.0,0.0,0.0,0.0,1.95
638,1.2225,0.5,0.1,0.0,0.0015,1.95
639,1.222,0.0,0.0,0.0,0.0,1.95
640,1.2225,0.5,0.1,0.0,0.0015,1.95
641,1.222,0.0,0.0,0.0,0.0,1.95
642,1.222,0.0,0.0,0.0,0.0,1.95
643,1.2225,0.5,0.1,0.0,0.0015,1.95
644,1.2225,0.5,0.1,0.0,0.0015,1.95
645,1.222,0.0,0.0,0.0,0.0,1.95
646,1.2225,0.5,0.1,0.0,0.0015,1.95
647,1.222,0.0,0.0,0.0,0.0,1.95
648,1.2225,0.5,0.1,0.0,0.0015,1.95
649,1.222,0.0,0.0,0.0,0.0,1.95
650,1.2225,0.5,0.1,0.0,0.0015,1.95
651,1.2225,0.5,0.1,0.0,0.0015,1.95
652,1.2225,0.5,0.1,0.0,0.0015,1.95
653,1.2225,0.5,0.1,0.0,0.0015,1.95
654,1.2225,0.5,0.1,0.0,0.0015,1.95
655,1.222,0.0,0.0,0.0,0.0,1.95
656,1.2225,0.5,0.1,0.0,0.0015,1.95
657,1.222,0.0,0.0,0.0,0.0,1.95
658,1.2225,0.5,0.1,0.0,0.0015,1.95
659,1.222,0.0,0.0,0.0,0.0,1.95
660,1.222,0.0,0.0,0.0,0.0,1.95
661,1.2225,0.5,0.1,0.0,0.0015,1.95
662,1.222,0.0,0.0,0.0,0.0,1.95
663,1.222,0.0,0.0,0.0,0.0,1.95
664,1.2225,0.5,0.1,0.0,0.0015,1.95
665,1.2225,0.5,0.1,0.0,0.0015,1.95
666,1.222,0.0,0.0,0.0,0.0,1.95
667,1.222,0.0,0.0,0.0,0.0,1.95
668,1.222,0.0,0.0,0.0,0.0,1.95
669,1.2225,0.5,0.1,0.0,0.0015,1.95
670,1.2225,0.5,0.1,0.0,0.0015,1.95
671,1.222,0.0,0.0,0.0,0.0,1.95
672,1.222,0.0,0.0,0.0,0.0,1.95
673,1.222,0.0,0.0,0.0,0.0,1.95
674,1.222,0.0,0.0,0.0,0.0,1.95
675,1.222,0.0,0.0,0.0,0.0,1.95
676,1.2225,0.5,0.1,0.0,0.0015,1.95
677,1.2225,0.5,0.1,0.0,0.0015,1.95
678,1.2225,0.5,0.1,0.0,0.0015,1.95
679,1.222,0.0,0.0,0.0,0.0,1.95
680,1.2225,0.5,0.1,0.0,0.0015,1.95
681,1.2225,0.5,0.1,0.0,0.0015,1.95
682,1.222,0.0,0.0,0.0,0.0,1.95
683,1.2225,0.5,0.1,0.0,0.0015,1.95
684,1.2225,0.5,0.1,0.0,0.0015,1.95
685,1.2225,0.5,0.1,0.0,0.0015,1.95
686,1.2225,0.5,0.1,0.0,0.0015,1.95
687,1.222,0.0,0.0,0.0,0.0,1.95
688,1.222,0.0,0.0,0.0,0.0,1.95
689,1.222,0.0,0.0,0.0,0.0,1.95
690,1.222,0.0,0.0,0.0,0.0,1.95
691,1.2225,0.5,0.1,0.0,0.0015,1.95
692,1.222,0.0,0.0,0.0,0.0,1.95
693,1.2225,0.5,0.1,0.0,0.0015,1.95
694,1.222,0.0,0.0,0.0,0.0,1.95
695,1.2225,0.5,0.1,0.0,0.0015,1.95
696,1.222,0.0,0.0,0.0,0.0,1.95
697,1.222,0.0,0.0,0.0,0.0,1.95
698,1.222,0.0,0.0,0.0,0.0,1.95
699,1.222,0.0,0.0,0.0,0.0,1.95
700,1.222,0.0,0.0,0.0,0.0,1.95
701,1.2225,0.5,0.1,0.0,0.0015,1.95
702,1.222,0.0,0.0,0.0,0.0,1.95
703,1.2225,0.5,0.1,0.0,0.0015,1.95
704,1.222,0.0,0.0,0.0,0.0,1.95
705,1.222,0.0,0.0,0.0,0.0,1.95
706,1.2225,0.5,0.1,0.0,0.0015,1.95
707,1.222,0.0,0.0,0.0,0.0,1.95
708,1.222,0.0,0.0,0.0,0.0,1.95
709,1.2225,0.5,0.1,0.0,0.0015,1.95
710,1.2225,0.5,0.1,0.0,0.0015,1.95
711,1.222,0.0,0.0,0.0,0.0,1.95
712,1.2225,0.5,0.1,0.0,0.0015,1.95
713,1.222,0.0,0.0,0.0,0.0,1.95
714,1.222,0.0,0.0,0.0,0.0,1.95
715,1.222,0.0,0.0,0.0,0.0,1.95
716,1.2225,0.5,0.1,0.0,0.0015,1.95
717,1.2225,0.5,0.1,0.0,0.0015,1.95
718,1.222,0.0,0.0,0.0,0.0,1.95
719,1.2225,0.5,0.1,0.0,0.0015,1.95
720,1.2225,0.5,0.1,0.0,0.0015,1.95
721,1.222,0.0,0.0,0.0,0.0,1.95
722,1.222,0.0,0.0,0.0,0.0,1.95
723,1.222,0.0,0.0,0.0,0.0,1.95
724,1.222,0.0,0.0,0.0,0.0,1.95
725,1.222,0.0,0.0,0.0,0.0,1.95
726,1.222,0.0,0.0,0.0,0.0,1.95
727,1.2225,0.5,0.1,0.0,0.0015,1.95
728,1.222,0.0,0.0,0.0,0.0,1.95
729,1.222,0.0,0.0,0.0,0.0,1.95
730,1.222,0.0,0.0,0.0,0.0,1.95
731,1.222,0.0,0.0,0.0,0.0,1.95
732,1.222,0.0,0.0,0.0,0.0,1.95
733,1.222,0.0,0.0,0.0,0.0,1.95
734,1.2225,0.5,0.1,0.0,0.0015,1.95
735,1.2225,0.5,0.1,0.0,0.0015,1.95
736,1.222,0.0,0.0,0.0,0.0,1.95
737,1.2225,0.5,0.1,0.0,0.0015,1.95
738,1.222,0.0,0.0,0.0,0.0,1.95
739,1.2225,0.5,0.1,0.0,0.0015,1.95
740,1.2225,0.5,0.1,0.0,0.0015,1.95
741,1.2225,0.5,0.1,0.0,0.0015,1.95
742,1.2225,0.5,0.1,0.0,0.0015,1.95
743,1.2225,0.5,0.1,0.0,0.0015,1.95
744,1.2225,0.5,0.1,0.0,0.0015,1.95
745,1.222,0.0,0.0,0.0,0.0,1.95
746,1.222,0.0,0.0,0.0,0.0,1.95
747,1.222,0.0,0.0,0.0,0.0,1.95
748,1.222,0.0,0.0,0.0,0.0,1.95
749,1.222,0.0,0.0,0.0,0.0,1.95
750,1.2225,0.5,0.1,0.0,0.0015,1.95
751,1.2225,0.5,0.1,0.0,0.0015,1.95
752,1.222,0.0,0.0,0.0,0.0,1.95
753,1.222,0.0,0.0,0.0,0.0,1.95
754,1.2225,0.5,0.1,0.0,0.0015,1.95
755,1.2225,0.5,0.1,0.0,0.0015,1.95
756,1.222,0.0,0.0,0.0,0.0,1.95
757,1.2225,0.5,0.1,0.0,0.0015,1.95
758,1.2225,0.5,0.1,0.0,0.0015,1.95
759,1.2225,0.5,0.1,0.0,0.0015,1.95
760,1.222,0.0,0.0,0.0,0.0,1.95
761,1.2225,0.5,0.1,0.0,0.0015,1.95
762,1.2225,0.5,0.1,0.0,0.0015,1.95
763,1.2225,0.5,0.1,0.0,0.0015,1.95
764,1.2225,0.5,0.1,0.0,0.0015,1.95
765,1.2225,0.5,0.1,0.0,0.0015,1.95
766,1.2225,0.5,0.1,0.0,0.0015,1.95
767,1.222,0.0,0.0,0.0,0.0,1.95
768,1.222,0.0,0.0,0.0,0.0,1.95
769,1.2225,0.5,0.1,0.0,0.0015,1.95
770,1.2225,0.5,0.1,0.0,0.0015,1.95
771,1.222,0.0,0.0,0.0,0.0,1.95
772,1.2225,0.5,0.1,0.0,0.0015,1.95
773,1.222,0.0,0.0,0.0,0.0,1.95
774,1.2225,0.5,0.1,0.0,0.0015,1.95
775,1.222,0.0,0.0,0.0,0.0,1.95
776,1.2225,0.5,0.1,0.0,0.0015,1.95
777,1.222,0.0,0.0,0.0,0.0,1.95
778,1.2225,0.5,0.1,0.0,0.0015,1.95
779,1.222,0.0,0.0,0.0,0.0,1.95
780,1.222,0.0,0.0,0.0,0.0,1.95
781,1.2225,0.5,0.1,0.0,0.0015,1.95
782,1.222,0.0,0.0,0.0,0.0,1.95
783,1.2225,0.5,0.1,0.0,0.0015,1.95
784,1.2225,0.5,0.1,0.0,0.0015,1.95
785,1.222,0.0,0.0,0.0,0.0,1.95
786,1.2225,0.5,0.1,0.0,0.0015,1.95
787,1.222,0.0,0.0,0.0,0.0,1.95
788,1.2225,0.5,0.1,0.0,0.0015,1.95
789,1.222,0.0,0.0,0.0,0.0,1.95
790,1.222,0.0,0.0,0.0,0.0,1.95
791,1.222,0.0,0.0,0.0,0.0,1.95
792,1.2225,0.5,0.1,0.0,0.0015,1.95
793,1.2225,0.5,0.1,0.0,0.0015,1.95
794,1.222,0.0,0.0,0.0,0.0,1.95
795,1.2225,0.5,0.1,0.0,0.0015,1.95
796,1.2225,0.5,0.1,0.0,0.0015,1.95
797,1.2225,0.5,0.1,0.0,0.0015,1.95
798,1.222,0.0,0.0,0.0,0.0,1.95
799,1.222,0.0,0.0,0.0,0.0,1.95
800,1.2225,0.5,0.1,0.0,0.0015,1.95
801,1.222,0.0,0.0,0.0,0.0,1.95
802,1.2225,0.5,0.1,0.0,0.0015,1.95
803,1.2225,0.5,0.1,0.0,0.0015,1.95
804,1.222,0.0,0.0,0.0,0.0,1.95
805,1.222,0.0,0.0,0.0,0.0,1.95
806,1.2225,0.5,0.1,0.0,0.0015,1.95
807,1.2225,0.5,0.1,0.0,0.0015,1.95
808,1.2225,0.5,0.1,0.0,0.0015,1.95
809,1.2225,0.5,0.1,0.0,0.0015,1.95
810,1.222,0.0,0.0,0.0,0.0,1.95
811,1.2225,0.5,0.1,0.0,0.0015,1.95
812,1.222,0.0,0.0,0.0,0.0,1.95
813,1.2225,0.5,0.1,0.0,0.0015,1.95
814,1.2225,0.5,0.1,0.0,0.0015,1.95
815,1.2225,0.5,0.1,0.0,0.0015,1.95
816,1.222,0.0,0.0,0.0,0.0,1.95
817,1.222,0.0,0.0,0.0,0.0,1.95
818,1.2225,0.5,0.1,0.0,0.0015,1.95
819,1.222,0.0,0.0,0.0,0.0,1.95
820,1.2225,0.5,0.1,0.0,0.0015,1.95
821,1.222,0.0,0.0,0.0,0.0,1.95
822,1.2225,0.5,0.1,0.0,0.0015,1.95
823,1.222,0.0,0.0,0.0,0.0,1.95
824,1.2225,0.5,0.1,0.0,0.0015,1.95
825,1.222,0.0,0.0,0.0,0.0,1.95
826,1.2225,0.5,0.1,0.0,0.0015,1.95
827,1.2225,0.5,0.1,0.0,0.0015,1.95
828,1.222,0.0,0.0,0.0,0.0,1.95
829,1.222,0.0,0.0,0.0,0.0,1.95
830,1.2225,0.5,0.1,0.0,0.0015,1.95
831,1.222,0.0,0.0,0.0,0.0,1.95
832,1.2225,0.5,0.1,0.0,0.0015,1.95
833,1.222,0.0,0.0,0.0,0.0,1.95
834,1.222,0.0,0.0,0.0,0.0,1.95
835,1.2225,0.5,0.1,0.0,0.0015,1.95
836,1.222,0.0,0.0,0.0,0.0,1.95
837,1.222,0.0,0.0,0.0,0.0,1.95
838,1.2225,0.5,0.1,0.0,0.0015,1.95
839,1.222,0.0,0.0,0.0,0.0,1.95
840,1.2225,0.5,0.1,0.0,0.0015,1.95
841,1.2225,0.5,0.1,0.0,0.0015,1.95
842,1.222,0.0,0.0,0.0,0.0,1.95
843,1.222,0.0,0.0,0.0,0.0,1.95
844,1.222,0.0,0.0,0.0,0.0,1.95
845,1.222,0.0,0.0,0.0,0.0,1.95
846,1.222,0.0,0.0,0.0,0.0,1.95
847,1.222,0.0,0.0,0.0,0.0,1.95
848,1.222,0.0,0.0,0.0,0.0,1.95
849,1.222,0.0,0.0,0.0,0.0,1.95
850,1.2225,0.5,0.1,0.0,0.0015,1.95
851,1.222,0.0,0.0,0.0,0.0,1.95
852,1.222,0.0,0.0,0.0,0.0,1.95
853,1.222,0.0,0.0,0.0,0.0,1.95
854,1.222,0.0,0.0,0.0,0.0,1.95
855,1.222,0.0,0.0,0.0,0.0,1.95
856,1.2225,0.5,0.1,0.0,0.0015,1.95
857,1.222,0.0,0.0,0.0,0.0,1.95
858,1.2225,0.5,0.1,0.0,0.0015,1.95
859,1.222,0.0,0.0,0.0,0.0,1.95
860,1.2225,0.5,0.1,0.0,0.0015,1.95
861,1.2225,0.5,0.1,0.0,0.0015,1.95
862,1.222,0.0,0.0,0.0,0.0,1.95
863,1.222,0.0,0.0,0.0,0.0,1.95
864,1.222,0.0,0.0,0.0,0.0,1.95
865,1.2225,0.5,0.1,0.0,0.0015,1.95
866,1.2225,0.5,0.1,0.0,0.0015,1.95
867,1.222,0.0,0.0,0.0,0.0,1.95
868,1.2225,0.5,0.1,0.0,0.0015,1.95
869,1.222,0.0,0.0,0.0,0.0,1.95
870,1.222,0.0,0.0,0.0,0.0,1.95
871,1.2225,0.5,0.1,0.0,0.0015,1.95
872,1.2225,0.5,0.1,0.0,0.0015,1.95
873,1.2225,0.5,0.1,0.0,0.0015,1.95
874,1.2225,0.5,0.1,0.0,0.0015,1.95
875,1.222,0.0,0.0,0.0,0.0,1.95
876,1.222,0.0,0.0,0.0,0.0,1.95
877,1.222,0.0,0.0,0.0,0.0,1.95
878,1.222,0.0,0.0,0.0,0.0,1.95
879,1.222,0.0,0.0,0.0,0.0,1.95
880,1.222,0.0,0.0,0.0,0.0,1.95
881,1.222,0.0,0.0,0.0,0.0,1.95
882,1.2225,0.5,0.1,0.0,0.0015,1.95
883,1.2225,0.5,0.1,0.0,0.0015,1.95
884,1.2225,0.5,0.1,0.0,0.0015,1.95
885,1.2225,0.5,0.1,0.0,0.0015,1.95
886,1.222,0.0,0.0,0.0,0.0,1.95
887,1.2225,0.5,0.1,0.0,0.0015,1.95
888,1.222,0.0,0.0,0.0,0.0,1.95
889,1.2225,0.5,0.1,0.0,0.0015,1.95
890,1.2225,0.5,0.1,0.0,0.0015,1.95
891,1.2225,0.5,0.1,0.0,0.0015,1.95
892,1.222,0.0,0.0,0.0,0.0,1.95
893,1.2225,0.5,0.1,0.0,0.0015,1.95
894,1.222,0.0,0.0,0.0,0.0,1.95
895,1.2225,0.5,0.1,0.0,0.0015,1.95
896,1.222,0.0,0.0,0.0,0.0,1.95
897,1.222,0.0,0.0,0.0,0.0,1.95
898,1.2225,0.5,0.1,0.0,0.0015,1.95
899,1.222,0.0,0.0,0.0,0.0,1.95
900,1.222,0.0,0.0,0.0,0.0,1.95
901,1.222,0.0,0.0,0.0,0.0,1.95
902,1.222,0.0,0.0,0.0,0.0,1.95
903,1.222,0.0,0.0,0.0,0.0,1.95
904,1.2225,0.5,0.1,0.0,0.0015,1.95
905,1.222,0.0,0.0,0.0,0.0,1.95
906,1.2225,0.5,0.1,0.0,0.0015,1.95
907,1.222,0.0,0.0,0.0,0.0,1.95
908,1.222,0.0,0.0,0.0,0.0,1.95
909,1.2225,0.5,0.1,0.0,0.0015,1.95
910,1.2225,0.5,0.1,0.0,0.0015,1.95
911,1.222,0.0,0.0,0.0,0.0,1.95
912,1.222,0.0,0.0,0.0,0.0,1.95
913,1.2225,0.5,0.1,0.0,0.0015,1.95
914,1.222,0.0,0.0,0.0,0.0,1.95
915,1.222,0.0,0.0,0.0,0.0,1.95
916,1.2225,0.5,0.1,0.0,0.0015,1.95
917,1.222,0.0,0.0,0.0,0.0,1.95
918,1.2225,0.5,0.1,0.0,0.0015,1.95
919,1.222,0.0,0.0,0.0,0.0,1.95
920,1.222,0.0,0.0,0.0,0.0,1.95
921,1.2225,0.5,0.1,0.0,0.0015,1.95
922,1.2225,0.5,0.1,0.0,0.0015,1.95
923,1.2225,0.5,0.1,0.0,0.0015,1.95
924,1.222,0.0,0.0,0.0,0.0,1.95
925,1.222,0.0,0.0,0.0,0.0,1.95
926,1.2225,0.5,0.1,0.0,0.0015,1.95
927,1.2225,0.5,0.1,0.0,0.0015,1.95
928,1.2225,0.5,0.1,0.0,0.0015,1.95
929,1.222,0.0,0.0,0.0,0.0,1.95
930,1.222,0.0,0.0,0.0,0.0,1.95
931,1.2225,0.5,0.1,0.0,0.0015,1.95
932,1.222,0.0,0.0,0.0,0.0,1.95
933,1.222,0.0,0.0,0.0,0.0,1.95
934,1.2225,0.5,0.1,0.0,0.0015,1.95
935,1.2225,0.5,0.1,0.0,0.0015,1.95
936,1.222,0.0,0.0,0.0,0.0,1.95
937,1.2225,0.5,0.1,0.0,0.0015,1.95
938,1.222,0.0,0.0,0.0,0.0,1.95
939,1.222,0.0,0.0,0.0,0.0,1.95
940,1.222,0.0,0.0,0.0,0.0,1.95
941,1.2225,0.5,0.1,0.0,0.0015,1.95
942,1.2225,0.5,0.1,0.0,0.0015,1.95
943,1.222,0.0,0.0,0.0,0.0,1.95
944,1.222,0.0,0.0,0.0,0.0,1.95
945,1.222,0.0,0.0,0.0,0.0,1.95
946,1.222,0.0,0.0,0.0,0.0,1.95
947,1.222,0.0,0.0,0.0,0.0,1.95
948,1.222,0.0,0.0,0.0,0.0,1.95
949,1.2225,0.5,0.1,0.0,0.0015,1.95
950,1.222,0.0,0.0,0.0,0.0,1.95
951,1.2225,0.5,0.1,0.0,0.0015,1.95
952,1.2225,0.5,0.1,0.0,0.0015,1.95
953,1.2225,0.5,0.1,0.0,0.0015,1.95
954,1.2225,0.5,0.1,0.0,0.0015,1.95
955,1.222,0.0,0.0,0.0,0.0,1.95
956,1.222,0.0,0.0,0.0,0.0,1.95
957,1.2225,0.5,0.1,0.0,0.0015,1.95
958,1.222,0.0,0.0,0.0,0.0,1.95
959,1.222,0.0,0.0,0.0,0.0,1.95
960,1.222,0.0,0.0,0.0,0.0,1.95
961,1.2225,0.5,0.1,0.0,0.0015,1.95
962,1.2225,0.5,0.1,0.0,0.0015,1.95
963,1.222,0.0,0.0,0.0,0.0,1.95
964,1.222,0.0,0.0,0.0,0.0,1.95
965,1.222,0.0,0.0,0.0,0.0,1.95
966,1.222,0.0,0.0,0.0,0.0,1.95
967,1.2225,0.5,0.1,0.0,0.0015,1.95
968,1.2225,0.5,0.1,0.0,0.0015,1.95
969,1.2225,0.5,0.1,0.0,0.0015,1.95
970,1.2225,0.5,0.1,0.0,0.0015,1.95
971,1.222,0.0,0.0,0.0,0.0,1.95
972,1.222,0.0,0.0,0.0,0.0,1.95
973,1.222,0.0,0.0,0.0,0.0,1.95
974,1.222,0.0,0.0,0.0,0.0,1.95
975,1.222,0.0,0.0,0.0,0.0,1.95
976,1.222,0.0,0.0,0.0,0.0,1.95
977,1.2225,0.5,0.1,0.0,0.0015,1.95
978,1.2225,0.5,0.1,0.0,0.0015,1.95
979,1.222,0.0,0.0,0.0,0.0,1.95
980,1.222,0.0,0.0,0.0,0.0,1.95
981,1.2225,0.5,0.1,0.0,0.0015,1.95
982,1.222,0.0,0.0,0.0,0.0,1.95
983,1.222,0.0,0.0,0.0,0.0,1.95
984,1.2225,0.5,0.1,0.0,0.0015,1.95
985,1.2225,0.5,0.1,0.0,0.0015,1.95
986,1.222,0.0,0.0,0.0,0.0,1.95
987,1.2225,0.5,0.1,0.0,0.0015,1.95
988,1.222,0.0,0.0,0.0,0.0,1.95
989,1.222,0.0,0.0,0.0,0.0,1.95
990,1.222,0.0,0.0,0.0,0.0,1.95
991,1.222,0.0,0.0,0.0,0.0,1.95
992,1.222,0.0,0.0,0.0,0.0,1.95
993,1.2225,0.5,0.1,0.0,0.0015,1.95
994,1.2225,0.5,0.1,0.0,0.0015,1.95
995,1.2225,0.5,0.1,0.0,0.0015,1.95
996,1.2225,0.5,0.1,0.0,0.0015,1.95
997,1.2225,0.5,0.1,0.0,0.0015,1.95
998,1.2225,0.5,0.1,0.0,0.0015,1.95
999,1.222,0.0,0.0,0.0,0.0,1.95
1000,1.2225,0.5,0.1,0.0,0.0015,1.95
1001,1.222,0.0,0.0,0.0,0.0,1.95
1002,1.222,0.0,0.0,0.0,0.0,1.95
1003,1.222,0.0,0.0,0.0,0.0,1.95
1004,1.2225,0.5,0.1,0.0,0.0015,1.95
1005,1.222,0.0,0.0,0.0,0.0,1.95
1006,1.2225,0.5,0.1,0.0,0.0015,1.95
1007,1.2225,0.5,0.1,0.0,0.0015,1.95
1008,1.222,0.0,0.0,0.0,0.0,1.95
1009,1.2225,0.5,0.1,0.0,0.0015,1.95
1010,1.2225,0.5,0.1,0.0,0.0015,1.95
1011,1.2225,0.5,0.1,0.0,0.0015,1.95
1012,1.222,0.0,0.0,0.0,0.0,1.95
1013,1.222,0.0,0.0,0.0,0.0,1.95
1014,1.222,0.0,0.0,0.0,0.0,1.95
1015,1.2225,0.5,0.1,0.0,0.0015,1.95
1016,1.2225,0.5,0.1,0.0,0.0015,1.95
1017,1.222,0.0,0.0,0.0,0.0,1.95
1018,1.222,0.0,0.0,0.0,0.0,1.95
1019,1.222,0.0,0.0,0.0,0.0,1.95
1020,1.2225,0.5,0.1,0.0,0.0015,1.95
1021,1.222,0.0,0.0,0.0,0.0,1.95
1022,1.2225,0.5,0.1,0.0,0.0015,1.95
1023,1.222,0.0,0.0,0.0,0.0,1.95
1024,1.222,0.0,0.0,0.0,0.0,1.95
1025,1.2225,0.5,0.1,0.0,0.0015,1.95
1026,1.2225,0.5,0.1,0.0,0.0015,1.95
1027,1.2225,0.5,0.1,0.0,0.0015,1.95
1028,1.2225,0.5,0.1,0.0,0.0015,1.95
1029,1.222,0.0,0.0,0.0,0.0,1.95
1030,1.2225,0.5,0.1,0.0,0.0015,1.95
1031,1.2225,0.5,0.1,0.0,0.0015,1.95
1032,1.222,0.0,0.0,0.0,0.0,1.95
1033,1.222,0.0,0.0,0.0,0.0,1.95
1034,1.2225,0.5,0.1,0.0,0.0015,1.95
1035,1.222,0.0,0.0,0.0,0.0,1.95
1036,1.2225,0.5,0.1,0.0,0.0015,1.95
1037,1.2225,0.5,0.1,0.0,0.0015,1.95
1038,1.222,0.0,0.0,0.0,0.0,1.95
1039,1.2225,0.5,0.1,0.0,0.0015,1.95
1040,1.222,0.0,0.0,0.0,0.0,1.95
1041,1.2225,0.5,0.1,0.0,0.0015,1.95
1042,1.2225,0.5,0.1,0.0,0.0015,1.95
1043,1.2225,0.5,0.1,0.0,0.0015,1.95
1044,1.2225,0.5,0.1,0.0,0.0015,1.95
1045,1.222,0.0,0.0,0.0,0.0,1.95
1046,1.222,0.0,0.0,0.0,0.0,1.95
1047,1.222,0.0,0.0,0.0,0.0,1.95
1048,1.2225,0.5,0.1,0.0,0.0015,1.95
1049,1.2225,0.5,0.1,0.0,0.0015,1.95
1050,1.2225,0.5,0.1,0.0,0.0015,1.95
1051,1.222,0.0,0.0,0.0,0.0,1.95
1052,1.2225,0.5,0.1,0.0,0.0015,1.95
1053,1.222,0.0,0.0,0.0,0.0,1.95
1054,1.222,0.0,0.0,0.0,0.0,1.95
1055,1.222,0.0,0.0,0.0,0.0,1.95
1056,1.2225,0.5,0.1,0.0,0.0015,1.95
1057,1.2225,0.5,0.1,0.0,0.0015,1.95
1058,1.2225,0.5,0.1,0.0,0.0015,1.95
1059,1.2225,0.5,0.1,0.0,0.0015,1.95
1060,1.2225,0.5,0.1,0.0,0.0015,1.95
1061,1.222,0.0,0.0,0.0,0.0,1.95
1062,1.222,0.0,0.0,0.0,0.0,1.95
1063,1.2225,0.5,0.1,0.0,0.0015,1.95
1064,1.2225,0.5,0.1,0.0,0.0015,1.95
1065,1.222,0.0,0.0,0.0,0.0,1.95
1066,1.2225,0.5,0.1,0.0,0.0015,1.95
1067,1.222,0.0,0.0,0.0,0.0,1.95
1068,1.222,0.0,0.0,0.0,0.0,1.95
1069,1.2225,0.5,0.1,0.0,0.0015,1.95
1070,1.222,0.0,0.0,0.0,0.0,1.95
1071,1.222,0.0,0.0,0.0,0.0,1.95
1072,1.222,0.0,0.0,0.0,0.0,1.95
1073,1.2225,0.5,0.1,0.0,0.0015,1.95
1074,1.2225,0.5,0.1,0.0,0.0015,1.95
1075,1.2225,0.5,0.1,0.0,0.0015,1.95
1076,1.222,0.0,0.0,0.0,0.0,1.95
1077,1.2225,0.5,0.1,0.0,0.0015,1.95
1078,1.222,0.0,0.0,0.0,0.0,1.95
1079,1.2225,0.5,0.1,0.0,0.0015,1.95
1080,1.222,0.0,0.0,0.0,0.0,1.95
1081,1.222,0.0,0.0,0.0,0.0,1.95
1082,1.2225,0.5,0.1,0.0,0.0015,1.95
1083,1.2225,0.5,0.1,0.0,0.0015,1.95
1084,1.2225,0.5,0.1,0.0,0.0015,1.95
1085,1.222,0.0,0.0,0.0,0.0,1.95
1086,1.2225,0.5,0.1,0.0,0.0015,1.95
1087,1.222,0.0,0.0,0.0,0.0,1.95
1088,1.2225,0.5,0.1,0.0,0.0015,1.95
1089,1.2225,0.5,0.1,0.0,0.0015,1.95
1090,1.222,0.0,0.0,0.0,0.0,1.95
1091,1.2225,0.5,0.1,0.0,0.0015,1.95
1092,1.2225,0.5,0.1,0.0,0.0015,1.95
1093,1.2225,0.5,0.1,0.0,0.0015,1.95
1094,1.2225,0.5,0.1,0.0,0.0015,1.95
1095,1.2225,0.5,0.1,0.0,0.0015,1.95
1096,1.2225,0.5,0.1,0.0,0.0015,1.95
1097,1.2225,0.5,0.1,0.0,0.0015,1.95
1098,1.222,0.0,0.0,0.0,0.0,1.95
1099,1.2225,0.5,0.1,0.0,0.0015,1.95
1100,1.2225,0.5,0.1,0.0,0.0015,1.95
1101,1.222,0.0,0.0,0.0,0.0,1.95
1102,1.2225,0.5,0.1,0.0,0.0015,1.95
1103,1.222,0.0,0.0,0.0,0.0,1.95
1104,1.2225,0.5,0.1,0.0,0.0015,1.95
1105,1.222,0.0,0.0,0.0,0.0,1.95
1106,1.222,0.0,0.0,0.0,0.0,1.95
1107,1.2225,0.5,0.1,0.0,0.0015,1.95
1108,1.222,0.0,0.0,0.0,0.0,1.95
1109,1.2225,0.5,0.1,0.0,0.0015,1.95
1110,1.222,0.0,0.0,0.0,0.0,1.95
1111,1.2225,0.5,0.1,0.0,0.0015,1.95
1112,1.2225,0.5,0.1,0.0,0.0015,1.95
1113,1.222,0.0,0.0,0.0,0.0,1.95
1114,1.2225,0.5,0.1,0.0,0.0015,1.95
1115,1.2225,0.5,0.1,0.0,0.0015,1.95
1116,1.2225,0.5,0.1,0.0,0.0015,1.95
1117,1.222,0.0,0.0,0.0,0.0,1.95
1118,1.2225,0.5,0.1,0.0,0.0015,1.95
1119,1.2225,0.5,0.1,0.0,0.0015,1.95
1120,1.2225,0.5,0.1,0.0,0.0015,1.95
1121,1.222,0.0,0.0,0.0,0.0,1.95
1122,1.222,0.0,0.0,0.0,0.0,1.95
1123,1.2225,0.5,0.1,0.0,0.0015,1.95
1124,1.222,0.0,0.0,0.0,0.0,1.95
1125,1.222,0.0,0.0,0.0,0.0,1.95
1126,1.222,0.0,0.0,0.0,0.0,1.95
1127,1.222,0.0,0.0,0.0,0.0,1.95
1128,1.2225,0.5,0.1,0.0,0.0015,1.95
1129,1.222,0.0,0.0,0.0,0.0,1.95
1130,1.222,0.0,0.0,0.0,0.0,1.95
1131,1.222,0.0,0.0,0.0,0.0,1.95
1132,1.222,0.0,0.0,0.0,0.0,1.95
1133,1.2225,0.5,0.1,0.0,0.0015,1.95
1134,1.2225,0.5,0.1,0.0,0.0015,1.95
1135,1.222,0.0,0.0,0.0,0.0,1.95
1136,1.222,0.0,0.0,0.0,0.0,1.95
1137,1.222,0.0,0.0,0.0,0.0,1.95
1138,1.222,0.0,0.0,0.0,0.0,1.95
1139,1.222,0.0,0.0,0.0,0.0,1.95
1140,1.2225,0.5,0.1,0.0,0.0015,1.95
1141,1.222,0.0,0.0,0.0,0.0,1.95
1142,1.2225,0.5,0.1,0.0,0.0015,1.95
1143,1.2225,0.5,0.1,0.0,0.0015,1.95
1144,1.2225,0.5,0.1,0.0,0.0015,1.95
1145,1.2225,0.5,0.1,0.0,0.0015,1.95
1146,1.222,0.0,0.0,0.0,0.0,1.95
1147,1.2225,0.5,0.1,0.0,0.0015,1.95
1148,1.2225,0.5,0.1,0.0,0.0015,1.95
1149,1.222,0.0,0.0,0.0,0.0,1.95
1150,1.222,0.0,0.0,0.0,0.0,1.95
1151,1.222,0.0,0.0,0.0,0.0,1.95
1152,1.222,0.0,0.0,0.0,0.0,1.95
1153,1.2225,0.5,0.1,0.0,0.0015,1.95
1154,1.222,0.0,0.0,0.0,0.0,1.95
1155,1.222,0.0,0.0,0.0,0.0,1.95
1156,1.2225,0.5,0.1,0.0,0.0015,1.95
1157,1.222,0.0,0.0,0.0,0.0,1.95
1158,1.222,0.0,0.0,0.0,0.0,1.95
1159,1.2225,0.5,0.1,0.0,0.0015,1.95
1160,1.222,0.0,0.0,0.0,0.0,1.95
1161,1.2225,0.5,0.1,0.0,0.0015,1.95
1162,1.2225,0.5,0.1,0.0,0.0015,1.95
1163,1.222,0.0,0.0,0.0,0.0,1.95
1164,1.2225,0.5,0.1,0.0,0.0015,1.95
1165,1.222,0.0,0.0,0.0,0.0,1.95
1166,1.222,0.0,0.0,0.0,0.0,1.95
1167,1.222,0.0,0.0,0.0,0.0,1.95
1168,1.2225,0.5,0.1,0.0,0.0015,1.95
1169,1.222,0.0,0.0,0.0,0.0,1.95
1170,1.2225,0.5,0.1,0.0,0.0015,1.95
1171,1.222,0.0,0.0,0.0,0.0,1.95
1172,1.222,0.0,0.0,0.0,0.0,1.95
1173,1.222,0.0,0.0,0.0,0.0,1.95
1174,1.222,0.0,0.0,0.0,0.0,1.95
1175,1.222,0.0,0.0,0.0,0.0,1.95
1176,1.222,0.0,0.0,0.0,0.0,1.95
1177,1.2225,0.5,0.1,0.0,0.0015,1.95
1178,1.222,0.0,0.0,0.0,0.0,1.95
1179,1.222,0.0,0.0,0.0,0.0,1.95
1180,1.2225,0.5,0.1,0.0,0.0015,1.95
1181,1.2225,0.5,0.1,0.0,0.0015,1.95
1182,1.222,0.0,0.0,0.0,0.0,1.95
1183,1.2225,0.5,0.1,0.0,0.0015,1.95
1184,1.2225,0.5,0.1,0.0,0.0015,1.95
1185,1.222,0.0,0.0,0.0,0.0,1.95
1186,1.2225,0.5,0.1,0.0,0.0015,1.95
1187,1.222,0.0,0.0,0.0,0.0,1.95
1188,1.222,0.0,0.0,0.0,0.0,1.95
1189,1.2225,0.5,0.1,0.0,0.0015,1.95
1190,1.2225,0.5,0.1,0.0,0.0015,1.95
1191,1.2225,0.5,0.1,0.0,0.0015,1.95
1192,1.222,0.0,0.0,0.0,0.0,1.95
1193,1.222,0.0,0.0,0.0,0.0,1.95
1194,1.222,0.0,0.0,0.0,0.0,1.95
1195,1.222,0.0,0.0,0.0,0.0,1.95
1196,1.222,0.0,0.0,0.0,0.0,1.95
1197,1.222,0.0,0.0,0.0,0.0,1.95
1198,1.2225,0.5,0.1,0.0,0.0015,1.95
1199,1.2225,0.5,0.1,0.0,0.0015,1.95
1200,1.2225,0.5,0.1,0.0,0.0015,1.95
1201,1.222,0.0,0.0,0.0,0.0,1.95
1202,1.2225,0.5,0.1,0.0,0.0015,1.95
1203,1.2225,0.5,0.1,0.0,0.0015,1.95
1204,1.222,0.0,0.0,0.0,0.0,1.95
1205,1.222,0.0,0.0,0.0,0.0,1.95
1206,1.222,0.0,0.0,0.0,0.0,1.95
1207,1.222,0.0,0.0,0.0,0.0,1.95
1208,1.2225,0.5,0.1,0.0,0.0015,1.95
1209,1.222,0.0,0.0,0.0,0.0,1.95
1210,1.2225,0.5,0.1,0.0,0.0015,1.95
1211,1.222,0.0,0.0,0.0,0.0,1.95
1212,1.222,0.0,0.0,0.0,0.0,1.95
1213,1.222,0.0,0.0,0.0,0.0,1.95
1214,1.2225,0.5,0.1,0.0,0.0015,1.95
1215,1.2225,0.5,0.1,0.0,0.0015,1.95
1216,1.2225,0.5,0.1,0.0,0.0015,1.95
1217,1.2225,0.5,0.1,0.0,0.0015,1.95
1218,1.2225,0.5,0.1,0.0,0.0015,1.95
1219,1.222,0.0,0.0,0.0,0.0,1.95
1220,1.222,0.0,0.0,0.0,0.0,1.95
1221,1.2225,0.5,0.1,0.0,0.0015,1.95
1222,1.222,0.0,0.0,0.0,0.0,1.95
1223,1.222,0.0,0.0,0.0,0.0,1.95
1224,1.2225,0.5,0.1,0.0,0.0015,1.95
1225,1.222,0.0,0.0,0.0,0.0,1.95
1226,1.2225,0.5,0.1,0.0,0.0015,1.95
1227,1.222,0.0,0.0,0.0,0.0,1.95
1228,1.222,0.0,0.0,0.0,0.0,1.95
1229,1.222,0.0,0.0,0.0,0.0,1.95
1230,1.2225,0.5,0.1,0.0,0.0015,1.95
1231,1.222,0.0,0.0,0.0,0.0,1.95
1232,1.2225,0.5,0.1,0.0,0.0015,1.95
1233,1.222,0.0,0.0,0.0,0.0,1.95
1234,1.2225,0.5,0.1,0.0,0.0015,1.95
1235,1.222,0.0,0.0,0.0,0.0,1.95
1236,1.222,0.0,0.0,0.0,0.0,1.95
1237,1.222,0.0,0.0,0.0,0.0,1.95
1238,1.222,0.0,0.0,0.0,0.0,1.95
1239,1.222,0.0,0.0,0.0,0.0,1.95
1240,1.2225,0.5,0.1,0.0,0.0015,1.95
1241,1.222,0.0,0.0,0.0,0.0,1.95
1242,1.222,0.0,0.0,0.0,0.0,1.95
1243,1.2225,0.5,0.1,0.0,0.0015,1.95
1244,1.2225,0.5,0.1,0.0,0.0015,1.95
1245,1.222,0.0,0.0,0.0,0.0,1.95
1246,1.2225,0.5,0.1,0.0,0.0015,1.95
1247,1.2225,0.5,0.1,0.0,0.0015,1.95
1248,1.222,0.0,0.0,0.0,0.0,1.95
1249,1.222,0.0,0.0,0.0,0.0,1.95
1250,1.222,0.0,0.0,0.0,0.0,1.95
1251,1.2225,0.5,0.1,0.0,0.0015,1.95
1252,1.2225,0.5,0.1,0.0,0.0015,1.95
1253,1.2225,0.5,0.1,0.0,0.0015,1.95
1254,1.2225,0.5,0.1,0.0,0.0015,1.95
1255,1.2225,0.5,0.1,0.0,0.0015,1.95
1256,1.222,0.0,0.0,0.0,0.0,1.95
1257,1.2225,0.5,0.1,0.0,0.0015,1.95
1258,1.222,0.0,0.0,0.0,0.0,1.95
1259,1.222,0.0,0.0,0.0,0.0,1.95
1260,1.2225,0.5,0.1,0.0,0.0015,1.95
1261,1.222,0.0,0.0,0.0,0.0,1.95
1262,1.2225,0.5,0.1,0.0,0.0015,1.95
1263,1.2225,0.5,0.1,0.0,0.0015,1.95
1264,1.222,0.0,0.0,0.0,0.0,1.95
1265,1.2225,0.5,0.1,0.0,0.0015,1.95
1266,1.222,0.0,0.0,0.0,0.0,1.95
1267,1.2225,0.5,0.1,0.0,0.0015,1.95
1268,1.2225,0.5,0.1,0.0,0.0015,1.95
1269,1.222,0.0,0.0,0.0,0.0,1.95
1270,1.222,0.0,0.0,0.0,0.0,1.95
1271,1.222,0.0,0.0,0.0,0.0,1.95
1272,1.2225,0.5,0.1,0.0,0.0015,1.95
1273,1.2225,0.5,0.1,0.0,0.0015,1.95
1274,1.222,0.0,0.0,0.0,0.0,1.95
1275,1.222,0.0,0.0,0.0,0.0,1.95
1276,1.2225,0.5,0.1,0.0,0.0015,1.95
1277,1.222,0.0,0.0,0.0,0.0,1.95
1278,1.222,0.0,0.0,0.0,0.0,1.95
1279,1.222,0.0,0.0,0.0,0.0,1.95
1280,1.222,0.0,0.0,0.0,0.0,1.95
1281,1.2225,0.5,0.1,0.0,0.0015,1.95
1282,1.2225,0.5,0.1,0.0,0.0015,1.95
1283,1.222,0.0,0.0,0.0,0.0,1.95
1284,1.222,0.0,0.0,0.0,0.0,1.95
1285,1.2225,0.5,0.1,0.0,0.0015,1.95
1286,1.2225,0.5,0.1,0.0,0.0015,1.95
1287,1.222,0.0,0.0,0.0,0.0,1.95
1288,1.222,0.0,0.0,0.0,0.0,1.95
1289,1.222,0.0,0.0,0.0,0.0,1.95
1290,1.2225,0.5,0.1,0.0,0.0015,1.95
1291,1.2225,0.5,0.1,0.0,0.0015,1.95
1292,1.2225,0.5,0.1,0.0,0.0015,1.95
1293,1.222,0.0,0.0,0.0,0.0,1.95
1294,1.2225,0.5,0.1,0.0,0.0015,1.95
1295,1.222,0.0,0.0,0.0,0.0,1.95
1296,1.2225,0.5,0.1,0.0,0.0015,1.95
1297,1.2225,0.5,0.1,0.0,0.0015,1.95
1298,1.222,0.0,0.0,0.0,0.0,1.95
1299,1.222,0.0,0.0,0.0,0.0,1.95
1300,1.222,0.0,0.0,0.0,0.0,1.95
1301,1.222,0.0,0.0,0.0,0.0,1.95
1302,1.222,0.0,0.0,0.0,0.0,1.95
1303,1.222,0.0,0.0,0.0,0.0,1.95
1304,1.222,0.0,0.0,0.0,0.0,1.95
1305,1.222,0.0,0.0,0.0,0.0,1.95
1306,1.222,0.0,0.0,0.0,0.0,1.95
1307,1.2225,0.5,0.1,0.0,0.0015,1.95
1308,1.2225,0.5,0.1,0.0,0.0015,1.95
1309,1.222,0.0,0.0,0.0,0.0,1.95
1310,1.2225,0.5,0.1,0.0,0.0015,1.95
1311,1.222,0.0,0.0,0.0,0.0,1.95
1312,1.222,0.0,0.0,0.0,0.0,1.95
1313,1.222,0.0,0.0,0.0,0.0,1.95
1314,1.222,0.0,0.0,0.0,0.0,1.95
1315,1.222,0.0,0.0,0.0,0.0,1.95
1316,1.222,0.0,0.0,0.0,0.0,1.95
1317,1.2225,0.5,0.1,0.0,0.0015,1.95
1318,1.222,0.0,0.0,0.0,0.0,1.95
1319,1.2225,0.5,0.1,0.0,0.0015,1.95
1320,1.2225,0.5,0.1,0.0,0.0015,1.95
1321,1.222,0.0,0.0,0.0,0.0,1.95
1322,1.222,0.0,0.0,0.0,0.0,1.95
1323,1.222,0.0,0.0,0.0,0.0,1.95
1324,1.2225,0.5,0.1,0.0,0.0015,1.95
1325,1.222,0.0,0.0,0.0,0.0,1.95
1326,1.222,0.0,0.0,0.0,0.0,1.95
1327,1.222,0.0,0.0,0.0,0.0,1.95
1328,1.222,0.0,0.0,0.0,0.0,1.95
1329,1.222,0.0,0.0,0.0,0.0,1.95
1330,1.222,0.0,0.0,0.0,0.0,1.95
1331,1.222,0.0,0.0,0.0,0.0,1.95
1332,1.2225,0.5,0.1,0.0,0.0015,1.95
1333,1.222,0.0,0.0,0.0,0.0,1.95
1334,1.2225,0.5,0.1,0.0,0.0015,1.95
1335,1.2225,0.5,0.1,0.0,0.0015,1.95
1336,1.222,0.0,0.0,0.0,0.0,1.95
1337,1.222,0.0,0.0,0.0,0.0,1.95
1338,1.222,0.0,0.0,0.0,0.0,1.95
1339,1.2225,0.5,0.1,0.0,0.0015,1.95
1340,1.2225,0.5,0.1,0.0,0.0015,1.95
1341,1.2225,0.5,0.1,0.0,0.0015,1.95
1342,1.222,0.0,0.0,0.0,0.0,1.95
1343,1.2225,0.5,0.1,0.0,0.0015,1.95
1344,1.2225,0.5,0.1,0.0,0.0015,1.95
1345,1.222,0.0,0.0,0.0,0.0,1.95
1346,1.222,0.0,0.0,0.0,0.0,1.95
1347,1.222,0.0,0.0,0.0,0.0,1.95
1348,1.2225,0.5,0.1,0.0,0.0015,1.95
1349,1.2225,0.5,0.1,0.0,0.0015,1.95
1350,1.2225,0.5,0.1,0.0,0.0015,1.95
1351,1.2225,0.5,0.1,0.0,0.0015,1.95
1352,1.222,0.0,0.0,0.0,0.0,1.95
1353,1.222,0.0,0.0,0.0,0.0,1.95
1354,1.2225,0.5,0.1,0.0,0.0015,1.95
1355,1.222,0.0,0.0,0.0,0.0,1.95
1356,1.222,0.0,0.0,0.0,0.0,1.95
1357,1.222,0.0,0.0,0.0,0.0,1.95
1358,1.2225,0.5,0.1,0.0,0.0015,1.95
1359,1.222,0.0,0.0,0.0,0.0,1.95
1360,1.2225,0.5,0.1,0.0,0.0015,1.95
1361,1.2225,0.5,0.1,0.0,0.0015,1.95
1362,1.2225,0.5,0.1,0.0,0.0015,1.95
1363,1.222,0.0,0.0,0.0,0.0,1.95
1364,1.2225,0.5,0.1,0.0,0.0015,1.95
1365,1.222,0.0,0.0,0.0,0.0,1.95
1366,1.2225,0.5,0.1,0.0,0.0015,1.95
1367,1.222,0.0,0.0,0.0,0.0,1.95
1368,1.222,0.0,0.0,0.0,0.0,1.95
1369,1.222,0.0,0.0,0.0,0.0,1.95
1370,1.2225,0.5,0.1,0.0,0.0015,1.95
1371,1.222,0.0,0.0,0.0,0.0,1.95
1372,1.222,0.0,0.0,0.0,0.0,1.95
1373,1.2225,0.5,0.1,0.0,0.0015,1.95
1374,1.222,0.0,0.0,0.0,0.0,1.95
1375,1.2225,0.5,0.1,0.0,0.0015,1.95
1376,1.222,0.0,0.0,0.0,0.0,1.95
1377,1.222,0.0,0.0,0.0,0.0,1.95
1378,1.222,0.0,0.0,0.0,0.0,1.95
1379,1.2225,0.5,0.1,0.0,0.0015,1.95
1380,1.2225,0.5,0.1,0.0,0.0015,1.95
1381,1.2225,0.5,0.1,0.0,0.0015,1.95
1382,1.2225,0.5,0.1,0.0,0.0015,1.95
1383,1.2225,0.5,0.1,0.0,0.0015,1.95
1384,1.222,0.0,0.0,0.0,0.0,1.95
1385,1.222,0.0,0.0,0.0,0.0,1.95
1386,1.2225,0.5,0.1,0.0,0.0015,1.95
1387,1.222,0.0,0.0,0.0,0.0,1.95
1388,1.2225,0.5,0.1,0.0,0.0015,1.95
1389,1.222,0.0,0.0,0.0,0.0,1.95
1390,1.2225,0.5,0.1,0.0,0.0015,1.95
1391,1.2225,0.5,0.1,0.0,0.0015,1.95
1392,1.2225,0.5,0.1,0.0,0.0015,1.95
1393,1.2225,0.5,0.1,0.0,0.0015,1.95
1394,1.222,0.0,0.0,0.0,0.0,1.95
1395,1.2225,0.5,0.1,0.0,0.0015,1.95
1396,1.2225,0.5,0.1,0.0,0.0015,1.95
1397,1.222,0.0,0.0,0.0,0.0,1.95
1398,1.222,0.0,0.0,0.0,0.0,1.95
1399,1.222,0.0,0.0,0.0,0.0,1.95
1400,1.222,0.0,0.0,0.0,0.0,1.95
1401,1.2225,0.5,0.1,0.0,0.0015,1.95
1402,1.222,0.0,0.0,0.0,0.0,1.95
1403,1.222,0.0,0.0,0.0,0.0,1.95
1404,1.2225,0.5,0.1,0.0,0.0015,1.95
1405,1.222,0.0,0.0,0.0,0.0,1.95
1406,1.222,0.0,0.0,0.0,0.0,1.95
1407,1.2225,0.5,0.1,0.0,0.0015,1.95
1408,1.2225,0.5,0.1,0.0,0.0015,1.95
1409,1.222,0.0,0.0,0.0,0.0,1.95
1410,1.222,0.0,0.0,0.0,0.0,1.95
1411,1.2225,0.5,0.1,0.0,0.0015,1.95
1412,1.222,0.0,0.0,0.0,0.0,1.95
1413,1.2225,0.5,0.1,0.0,0.0015,1.95
1414,1.222,0.0,0.0,0.0,0.0,1.95
1415,1.2225,0.5,0.1,0.0,0.0015,1.95
1416,1.2225,0.5,0.1,0.0,0.0015,1.95
1417,1.222,0.0,0.0,0.0,0.0,1.95
1418,1.222,0.0,0.0,0.0,0.0,1.95
1419,1.222,0.0,0.0,0.0,0.0,1.95
1420,1.222,0.0,0.0,0.0,0.0,1.95
1421,1.222,0.0,0.0,0.0,0.0,1.95
1422,1.222,0.0,0.0,0.0,0.0,1.95
1423,1.222,0.0,0.0,0.0,0.0,1.95
1424,1.222,0.0,0.0,0.0,0.0,1.95
1425,1.222,0.0,0.0,0.0,0.0,1.95
1426,1.222,0.0,0.0,0.0,0.0,1.95
1427,1.2225,0.5,0.1,0.0,0.0015,1.95
1428,1.2225,0.5,0.1,0.0,0.0015,1.95
1429,1.2225,0.5,0.1,0.0,0.0015,1.95
1430,1.222,0.0,0.0,0.0,0.0,1.95
1431,1.2225,0.5,0.1,0.0,0.0015,1.95
1432,1.222,0.0,0.0,0.0,0.0,1.95
1433,1.222,0.0,0.0,0.0,0.0,1.95
1434,1.2225,0.5,0.1,0.0,0.0015,1.95
1435,1.2225,0.5,0.1,0.0,0.0015,1.95
1436,1.2225,0.5,0.1,0.0,0.0015,1.95
1437,1.222,0.0,0.0,0.0,0.0,1.95
1438,1.222,0.0,0.0,0.0,0.0,1.95
1439,1.222,0.0,0.0,0.0,0.0,1.95
1440,1.222,0.0,0.0,0.0,0.0,1.95
1441,1.2225,0.5,0.1,0.0,0.0015,1.95
1442,1.2225,0.5,0.1,0.0,0.0015,1.95
1443,1.2225,0.5,0.1,0.0,0.0015,1.95
1444,1.2225,0.5,0.1,0.0,0.0015,1.95
1445,1.222,0.0,0.0,0.0,0.0,1.95
1446,1.2225,0.5,0.1,0.0,0.0015,1.95
1447,1.222,0.0,0.0,0.0,0.0,1.95
1448,1.222,0.0,0.0,0.0,0.0,1.95
1449,1.222,0.0,0.0,0.0,0.0,1.95
1450,1.2225,0.5,0.1,0.0,0.0015,1.95
1451,1.2225,0.5,0.1,0.0,0.0015,1.95
1452,1.2225,0.5,0.1,0.0,0.0015,1.95
1453,1.222,0.0,0.0,0.0,0.0,1.95
1454,1.2225,0.5,0.1,0.0,0.0015,1.95
1455,1.222,0.0,0.0,0.0,0.0,1.95
1456,1.222,0.0,0.0,0.0,0.0,1.95
1457,1.2225,0.5,0.1,0.0,0.0015,1.95
1458,1.2225,0.5,0.1,0.0,0.0015,1.95
1459,1.222,0.0,0.0,0.0,0.0,1.95
1460,1.222,0.0,0.0,0.0,0.0,1.95
1461,1.2225,0.5,0.1,0.0,0.0015,1.95
1462,1.222,0.0,0.0,0.0,0.0,1.95
1463,1.2225,0.5,0.1,0.0,0.0015,1.95
1464,1.2225,0.5,0.1,0.0,0.0015,1.95
1465,1.222,0.0,0.0,0.0,0.0,1.95
1466,1.222,0.0,0.0,0.0,0.0,1.95
1467,1.2225,0.5,0.1,0.0,0.0015,1.95
1468,1.2225,0.5,0.1,0.0,0.0015,1.95
1469,1.222,0.0,0.0,0.0,0.0,1.95
1470,1.2225,0.5,0.1,0.0,0.0015,1.95
1471,1.222,0.0,0.0,0.0,0.0,1.95
1472,1.222,0.0,0.0,0.0,0.0,1.95
1473,1.222,0.0,0.0,0.0,0.0,1.95
1474,1.222,0.0,0.0,0.0,0.0,1.95
1475,1.2225,0.5,0.1,0.0,0.0015,1.95
1476,1.222,0.0,0.0,0.0,0.0,1.95
1477,1.222,0.0,0.0,0.0,0.0,1.95
1478,1.2225,0.5,0.1,0.0,0.0015,1.95
1479,1.222,0.0,0.0,0.0,0.0,1.95
1480,1.222,0.0,0.0,0.0,0.0,1.95
1481,1.222,0.0,0.0,0.0,0.0,1.95
1482,1.2225,0.5,0.1,0.0,0.0015,1.95
1483,1.222,0.0,0.0,0.0,0.0,1.95
1484,1.2225,0.5,0.1,0.0,0.0015,1.95
1485,1.222,0.0,0.0,0.0,0.0,1.95
1486,1.222,0.0,0.0,0.0,0.0,1.95
1487,1.222,0.0,0.0,0.0,0.0,1.95
1488,1.2225,0.5,0.1,0.0,0.0015,1.95
1489,1.222,0.0,0.0,0.0,0.0,1.95
1490,1.222,0.0,0.0,0.0,0.0,1.95
1491,1.222,0.0,0.0,0.0,0.0,1.95
1492,1.2225,0.5,0.1,0.0,0.0015,1.95
1493,1.2225,0.5,0.1,0.0,0.0015,1.95
1494,1.2225,0.5,0.1,0.0,0.0015,1.95
1495,1.222,0.0,0.0,0.0,0.0,1.95
1496,1.222,0.0,0.0,0.0,0.0,1.95
1497,1.222,0.0,0.0,0.0,0.0,1.95
1498,1.2225,0.5,0.1,0.0,0.0015,1.95
1499,1.2225,0.5,0.1,0.0,0.0015,1.95
1500,1.2225,0.5,0.1,0.0,0.0015,1.95
1501,1.222,0.0,0.0,0.0,0.0,1.95
1502,1.2225,0.5,0.1,0.0,0.0015,1.95
1503,1.222,0.0,0.0,0.0,0.0,1.95
1504,1.222,0.0,0.0,0.0,0.0,1.95
1505,1.222,0.0,0.0,0.0,0.0,1.95
1506,1.2225,0.5,0.1,0.0,0.0015,1.95
1507,1.2225,0.5,0.1,0.0,0.0015,1.95
1508,1.222,0.0,0.0,0.0,0.0,1.95
1509,1.222,0.0,0.0,0.0,0.0,1.95
1510,1.2225,0.5,0.1,0.0,0.0015,1.95
1511,1.2225,0.5,0.1,0.0,0.0015,1.95
1512,1.222,0.0,0.0,0.0,0.0,1.95
1513,1.2225,0.5,0.1,0.0,0.0015,1.95
1514,1.222,0.0,0.0,0.0,0.0,1.95
1515,1.2225,0.5,0.1,0.0,0.0015,1.95
1516,1.2225,0.5,0.1,0.0,0.0015,1.95
1517,1.2225,0.5,0.1,0.0,0.0015,1.95
1518,1.222,0.0,0.0,0.0,0.0,1.95
1519,1.2225,0.5,0.1,0.0,0.0015,1.95
1520,1.2225,0.5,0.1,0.0,0.0015,1.95
1521,1.2225,0.5,0.1,0.0,0.0015,1.95
1522,1.222,0.0,0.0,0.0,0.0,1.95
1523,1.2225,0.5,0.1,0.0,0.0015,1.95
1524,1.222,0.0,0.0,0.0,0.0,1.95
1525,1.222,0.0,0.0,0.0,0.0,1.95
1526,1.2225,0.5,0.1,0.0,0.0015,1.95
1527,1.222,0.0,0.0,0.0,0.0,1.95
1528,1.222,0.0,0.0,0.0,0.0,1.95
1529,1.222,0.0,0.0,0.0,0.0,1.95
1530,1.2225,0.5,0.1,0.0,0.0015,1.95
1531,1.2225,0.5,0.1,0.0,0.0015,1.95
1532,1.222,0.0,0.0,0.0,0.0,1.95
1533,1.2225,0.5,0.1,0.0,0.0015,1.95
1534,1.2225,0.5,0.1,0.0,0.0015,1.95
1535,1.222,0.0,0.0,0.0,0.0,1.95
1536,1.2225,0.5,0.1,0.0,0.0015,1.95
1537,1.2225,0.5,0.1,0.0,0.0015,1.95
1538,1.222,0.0,0.0,0.0,0.0,1.95
1539,1.2225,0.5,0.1,0.0,0.0015,1.95
1540,1.2225,0.5,0.1,0.0,0.0015,1.95
1541,1.2225,0.5,0.1,0.0,0.0015,1.95
1542,1.222,0.0,0.0,0.0,0.0,1.95
1543,1.222,0.0,0.0,0.0,0.0,1.95
1544,1.2225,0.5,0.1,0.0,0.0015,1.95
1545,1.2225,0.5,0.1,0.0,0.0015,1.95
1546,1.2225,0.5,0.1,0.0,0.0015,1.95
1547,1.2225,0.5,0.1,0.0,0.0015,1.95
1548,1.222,0.0,0.0,0.0,0.0,1.95
1549,1.222,0.0,0.0,0.0,0.0,1.95
1550,1.222,0.0,0.0,0.0,0.0,1.95
1551,1.222,0.0,0.0,0.0,0.0,1.95
1552,1.2225,0.5,0.1,0.0,0.0015,1.95
1553,1.222,0.0,0.0,0.0,0.0,1.95
1554,1.222,0.0,0.0,0.0,0.0,1.95
1555,1.222,0.0,0.0,0.0,0.0,1.95
1556,1.222,0.0,0.0,0.0,0.0,1.95
1557,1.222,0.0,0.0,0.0,0.0,1.95
1558,1.222,0.0,0.0,0.0,0.0,1.95
1559,1.222,0.0,0.0,0.0,0.0,1.95
1560,1.2225,0.5,0.1,0.0,0.0015,1.95
1561,1.222,0.0,0.0,0.0,0.0,1.95
1562,1.222,0.0,0.0,0.0,0.0,1.95
1563,1.2225,0.5,0.1,0.0,0.0015,1.95
1564,1.2225,0.5,0.1,0.0,0.0015,1.95
1565,1.222,0.0,0.0,0.0,0.0,1.95
1566,1.222,0.0,0.0,0.0,0.0,1.95
1567,1.222,0.0,0.0,0.0,0.0,1.95
1568,1.222,0.0,0.0,0.0,0.0,1.95
1569,1.2225,0.5,0.1,0.0,0.0015,1.95
1570,1.222,0.0,0.0,0.0,0.0,1.95
1571,1.2225,0.5,0.1,0.0,0.0015,1.95
1572,1.2225,0.5,0.1,0.0,0.0015,1.95
1573,1.222,0.0,0.0,0.0,0.0,1.95
1574,1.2225,0.5,0.1,0.0,0.0015,1.95
1575,1.2225,0.5,0.1,0.0,0.0015,1.95
1576,1.2225,0.5,0.1,0.0,0.0015,1.95
1577,1.222,0.0,0.0,0.0,0.0,1.95
1578,1.222,0.0,0.0,0.0,0.0,1.95
1579,1.222,0.0,0.0,0.0,0.0,1.95
1580,1.2225,0.5,0.1,0.0,0.0015,1.95
1581,1.2225,0.5,0.1,0.0,0.0015,1.95
1582,1.222,0.0,0.0,0.0,0.0,1.95
1583,1.222,0.0,0.0,0.0,0.0,1.95
1584,1.222,0.0,0.0,0.0,0.0,1.95
1585,1.2225,0.5,0.1,0.0,0.0015,1.95
1586,1.222,0.0,0.0,0.0,0.0,1.95
1587,1.2225,0.5,0.1,0.0,0.0015,1.95
1588,1.222,0.0,0.0,0.0,0.0,1.95
1589,1.2225,0.5,0.1,0.0,0.0015,1.95
1590,1.222,0.0,0.0,0.0,0.0,1.95
1591,1.222,0.0,0.0,0.0,0.0,1.95
1592,1.2225,0.5,0.1,0.0,0.0015,1.95
1593,1.2225,0.5,0.1,0.0,0.0015,1.95
1594,1.2225,0.5,0.1,0.0,0.0015,1.95
1595,1.2225,0.5,0.1,0.0,0.0015,1.95
1596,1.2225,0.5,0.1,0.0,0.0015,1.95
1597,1.222,0.0,0.0,0.0,0.0,1.95
1598,1.222,0.0,0.0,0.0,0.0,1.95
1599,1.2225,0.5,0.1,0.0,0.0015,1.95
1600,1.2225,0.5,0.1,0.0,0.0015,1.95
1601,1.222,0.0,0.0,0.0,0.0,1.95
1602,1.222,0.0,0.0,0.0,0.0,1.95
1603,1.2225,0.5,0.1,0.0,0.0015,1.95
1604,1.2225,0.5,0.1,0.0,0.0015,1.95
1605,1.2225,0.5,0.1,0.0,0.0015,1.95
1,1.222,0.0,0.0,0.0,0.0,1.95
2,0.022,0.5,0.1,0.02,0.0025,1.95
3,1.222,0.0,0.0,0.0,0.0,1.95
4,1.222,0.0,0.0,0.0,0.0,1.95
5,0.022,0.5,0.1,0.02,0.0025,1.95
6,0.022,0.5,0.1,0.02,0.0025,1.95
7,0.022,0.5,0.1,0.02,0.0025,1.95
8,0.022,0.5,0.1,0.02,0.0025,1.95
9,1.222,0.0,0.0,0.0,0.0,1.95
10,1.222,0.0,0.0,0.0,0.0,1.95
11,1.222,0.0,0.0,0.0,0.0,1.95
12,0.022,0.5,0.1,0.02,0.0025,1.95
13,0.022,0.5,0.1,0.02,0.0025,1.95
14,1.222,0.0,0.0,0.0,0.0,1.95
15,0.022,0.5,0.1,0.02,0.0025,1.95
16,0.022,0.5,0.1,0.02,0.0025,1.95
17,0.022,0.5,0.1,0.02,0.0025,1.95
18,0.022,0.5,0.1,0.02,0.0025,1.95
19,0.022,0.5,0.1,0.02,0.0025,1.95
20,1.222,0.0,0.0,0.0,0.0,1.95
21,0.022,0.5,0.1,0.02,0.0025,1.95
22,1.222,0.0,0.0,0.0,0.0,1.95
23,0.022,0.5,0.1,0.02,0.0025,1.95
24,1.222,0.0,0.0,0.0,0.0,1.95
25,0.022,0.5,0.1,0.02,0.0025,1.95
26,0.022,0.5,0.1,0.02,0.0025,1.95
27,1.222,0.0,0.0,0.0,0.0,1.95
28,0.022,0.5,0.1,0.02,0.0025,1.95
29,1.222,0.0,0.0,0.0,0.0,1.95
30,0.022,0.5,0.1,0.02,0.0025,1.95
31,0.022,0.5,0.1,0.02,0.0025,1.95
32,1.222,0.0,0.0,0.0,0.0,1.95
33,0.022,0.5,0.1,0.02,0.0025,1.95
34,0.022,0.5,0.1,0.02,0.0025,1.95
35,0.022,0.5,0.1,0.02,0.0025,1.95
36,0.022,0.5,0.1,0.02,0.0025,1.95
37,0.022,0.5,0.1,0.02,0.0025,1.95
38,1.222,0.0,0.0,0.0,0.0,1.95
39,0.022,0.5,0.1,0.02,0.0025,1.95
40,1.222,0.0,0.0,0.0,0.0,1.95
41,1.222,0.0,0.0,0.0,0.0,1.95
42,0.022,0.5,0.1,0.02,0.0025,1.95
43,1.222,0.0,0.0,0.0,0.0,1.95
44,0.022,0.5,0.1,0.02,0.0025,1.95
45,1.222,0.0,0.0,0.0,0.0,1.95
46,1.222,0.0,0.0,0.0,0.0,1.95
47,0.022,0.5,0.1,0.02,0.0025,1.95
48,1.222,0.0,0.0,0.0,0.0,1.95
49,1.222,0.0,0.0,0.0,0.0,1.95
50,1.222,0.0,0.0,0.0,0.0,1.95
51,1.222,0.0,0.0,0.0,0.0,1.95
52,0.022,0.5,0.1,0.02,0.0025,1.95
53,1.222,0.0,0.0,0.0,0.0,1.95
54,1.222,0.0,0.0,0.0,0.0,1.95
55,0.022,0.5,0.1,0.02,0.0025,1.95
56,1.222,0.0,0.0,0.0,0.0,1.95
57,0.022,0.5,0.1,0.02,0.0025,1.95
58,0.022,0.5,0.1,0.02,0.0025,1.95
59,1.222,0.0,0.0,0.0,0.0,1.95
60,0.022,0.5,0.1,0.02,0.0025,1.95
61,1.222,0.0,0.0,0.0,0.0,1.95
62,1.222,0.0,0.0,0.0,0.0,1.95
63,1.222,0.0,0.0,0.0,0.0,1.95
64,1.222,0.0,0.0,0.0,0.0,1.95
65,0.022,0.5,0.1,0.02,0.0025,1.95
66,1.222,0.0,0.0,0.0,0.0,1.95
67,1.222,0.0,0.0,0.0,0.0,1.95
68,0.022,0.5,0.1,0.02,0.0025,1.95
69,1.222,0.0,0.0,0.0,0.0,1.95
70,1.222,0.0,0.0,0.0,0.0,1.95
71,1.222,0.0,0.0,0.0,0.0,1.95
72,1.222,0.0,0.0,0.0,0.0,1.95
73,1.222,0.0,0.0,0.0,0.0,1.95
74,0.022,0.5,0.1,0.02,0.0025,1.95
75,0.022,0.5,0.1,0.02,0.0025,1.95
76,1.222,0.0,0.0,0.0,0.0,1.95
77,0.022,0.5,0.1,0.02,0.0025,1.95
78,1.222,0.0,0.0,0.0,0.0,1.95
79,1.222,0.0,0.0,0.0,0.0,1.95
80,0.022,0.5,0.1,0.02,0.0025,1.95
81,0.022,0.5,0.1,0.02,0.0025,1.95
82,1.222,0.0,0.0,0.0,0.0,1.95
83,1.222,0.0,0.0,0.0,0.0,1.95
84,0.022,0.5,0.1,0.02,0.0025,1.95
85,0.022,0.5,0.1,0.02,0.0025,1.95
86,0.022,0.5,0.1,0.02,0.0025,1.95
87,0.022,0.5,0.1,0.02,0.0025,1.95
88,1.222,0.0,0.0,0.0,0.0,1.95
89,0.022,0.5,0.1,0.02,0.0025,1.95
90,0.022,0.5,0.1,0.02,0.0025,1.95
91,1.222,0.0,0.0,0.0,0.0,1.95
92,0.022,0.5,0.1,0.02,0.0025,1.95
93,0.022,0.5,0.1,0.02,0.0025,1.95
94,0.022,0.5,0.1,0.02,0.0025,1.95
95,0.022,0.5,0.1,0.02,0.0025,1.95
96,1.222,0.0,0.0,0.0,0.0,1.95
97,1.222,0.0,0.0,0.0,0.0,1.95
98,1.222,0.0,0.0,0.0,0.0,1.95
99,0.022,0.5,0.1,0.02,0.0025,1.95
100,0.022,0.5,0.1,0.02,0.0025,1.95
101,1.222,0.0,0.0,0.0,0.0,1.95
102,1.222,0.0,0.0,0.0,0.0,1.95
103,1.222,0.0,0.0,0.0,0.0,1.95
104,1.222,0.0,0.0,0.0,0.0,1.95
105,0.022,0.5,0.1,0.02,0.0025,1.95
106,1.222,0.0,0.0,0.0,0.0,1.95
107,1.222,0.0,0.0,0.0,0.0,1.95
108,0.022,0.5,0.1,0.02,0.0025,1.95
109,0.022,0.5,0.1,0.02,0.0025,1.95
110,1.222,0.0,0.0,0.0,0.0,1.95
111,1.222,0.0,0.0,0.0,0.0,1.95
112,0.022,0.5,0.1,0.02,0.0025,1.95
113,0.022,0.5,0.1,0.02,0.0025,1.95
114,1.222,0.0,0.0,0.0,0.0,1.95
115,1.222,0.0,0.0,0.0,0.0,1.95
116,1.222,0.0,0.0,0.0,0.0,1.95
117,0.022,0.5,0.1,0.02,0.0025,1.95
118,0.022,0.5,0.1,0.02,0.0025,1.95
119,0.022,0.5,0.1,0.02,0.0025,1.95
120,1.222,0.0,0.0,0.0,0.0,1.95
121,1.222,0.0,0.0,0.0,0.0,1.95
122,0.022,0.5,0.1,0.02,0.0025,1.95
123,0.022,0.5,0.1,0.02,0.0025,1.95
124,0.022,0.5,0.1,0.02,0.0025,1.95
125,0.022,0.5,0.1,0.02,0.0025,1.95
126,1.222,0.0,0.0,0.0,0.0,1.95
127,0.022,0.5,0.1,0.02,0.0025,1.95
128,1.222,0.0,0.0,0.0,0.0,1.95
129,1.222,0.0,0.0,0.0,0.0,1.95
130,1.222,0.0,0.0,0.0,0.0,1.95
131,1.222,0.0,0.0,0.0,0.0,1.95
132,1.222,0.0,0.0,0.0,0.0,1.95
133,0.022,0.5,0.1,0.02,0.0025,1.95
134,1.222,0.0,0.0,0.0,0.0,1.95
135,0.022,0.5,0.1,0.02,0.0025,1.95
136,1.222,0.0,0.0,0.0,0.0,1.95
137,0.022,0.5,0.1,0.02,0.0025,1.95
138,1.2225,0.5,0.1,0.0,0.0015,1.95
139,1.222,0.0,0.0,0.0,0.0,1.95
140,1.222,0.0,0.0,0.0,0.0,1.95
141,0.022,0.5,0.1,0.02,0.0025,1.95
142,1.2225,0.5,0.1,0.0,0.0015,1.95
143,1.2225,0.5,0.1,0.0,0.0015,1.95
144,1.2225,0.5,0.1,0.0,0.0015,1.95
145,1.2225,0.5,0.1,0.0,0.0015,1.95
146,1.2225,0.5,0.1,0.0,0.0015,1.95
147,1.2225,0.5,0.1,0.0,0.0015,1.95
148,1.2225,0.5,0.1,0.0,0.0015,1.95
149,1.2225,0.5,0.1,0.0,0.0015,1.95
150,1.2225,0.5,0.1,0.0,0.0015,1.95
151,1.2225,0.5,0.1,0.0,0.0015,1.95
152,1.2225,0.5,0.1,0.0,0.0015,1.95
153,1.222,0.0,0.0,0.0,0.0,1.95
154,1.2225,0.5,0.1,0.0,0.0015,1.95
155,1.222,0.0,0.0,0.0,0.0,1.95
156,1.2225,0.5,0.1,0.0,0.0015,1.95
157,1.2225,0.5,0.1,0.0,0.0015,1.95
158,1.222,0.0,0.0,0.0,0.0,1.95
159,1.222,0.0,0.0,0.0,0.0,1.95
160,1.222,0.0,0.0,0.0,0.0,1.95
161,1.222,0.0,0.0,0.0,0.0,1.95
162,1.222,0.0,0.0,0.0,0.0,1.95
163,1.2225,0.5,0.1,0.0,0.0015,1.95
164,1.2225,0.5,0.1,0.0,0.0015,1.95
165,1.2225,0.5,0.1,0.0,0.0015,1.95
166,1.222,0.0,0.0,0.0,0.0,1.95
167,1.2225,0.5,0.1,0.0,0.0015,1.95
168,1.2225,0.5,0.1,0.0,0.0015,1.95
169,1.2225,0.5,0.1,0.0,0.0015,1.95
170,1.2225,0.5,0.1,0.0,0.0015,1.95
171,1.222,0.0,0.0,0.0,0.0,1.95
172,1.222,0.0,0.0,0.0,0.0,1.95
173,1.2225,0.5,0.1,0.0,0.0015,1.95
174,1.222,0.0,0.0,0.0,0.0,1.95
175,1.2225,0.5,0.1,0.0,0.0015,1.95
176,1.2225,0.5,0.1,0.0,0.0015,1.95
177,1.2225,0.5,0.1,0.0,0.0015,1.95
178,1.2225,0.5,0.1,0.0,0.0015,1.95
179,1.222,0.0,0.0,0.0,0.0,1.95
180,1.2225,0.5,0.1,0.0,0.0015,1.95
181,1.2225,0.5,0.1,0.0,0.0015,1.95
182,1.222,0.0,0.0,0.0,0.0,1.95
183,1.222,0.0,0.0,0.0,0.0,1.95
184,1.222,0.0,0.0,0.0,0.0,1.95
185,1.222,0.0,0.0,0.0,0.0,1.95
186,1.222,0.0,0.0,0.0,0.0,1.95
187,1.222,0.0,0.0,0.0,0.0,1.95
188,1.222,0.0,0.0,0.0,0.0,1.95
189,1.222,0.0,0.0,0.0,0.0,1.95
190,1.2225,0.5,0.1,0.0,0.0015,1.95
191,1.222,0.0,0.0,0.0,0.0,1.95
192,1.222,0.0,0.0,0.0,0.0,1.95
193,1.222,0.0,0.0,0.0,0.0,1.95
194,1.222,0.0,0.0,0.0,0.0,1.95
195,1.2225,0.5,0.1,0.0,0.0015,1.95
196,1.2225,0.5,0.1,0.0,0.0015,1.95
197,1.222,0.0,0.0,0.0,0.0,1.95
198,1.222,0.0,0.0,0.0,0.0,1.95
199,1.222,0.0,0.0,0.0,0.0,1.95
200,1.2225,0.5,0.1,0.0,0.0015,1.95
201,1.222,0.0,0.0,0.0,0.0,1.95
202,1.2225,0.5,0.1,0.0,0.0015,1.95
203,1.2225,0.5,0.1,0.0,0.0015,1.95
204,1.222,0.0,0.0,0.0,0.0,1.95
205,1.2225,0.5,0.1,0.0,0.0015,1.95
206,1.2225,0.5,0.1,0.0,0.0015,1.95
207,1.2225,0.5,0.1,0.0,0.0015,1.95
208,1.222,0.0,0.0,0.0,0.0,1.95
209,1.2225,0.5,0.1,0.0,0.0015,1.95
210,1.2225,0.5,0.1,0.0,0.0015,1.95
211,1.222,0.0,0.0,0.0,0.0,1.95
212,1.222,0.0,0.0,0.0,0.0,1.95
213,1.222,0.0,0.0,0.0,0.0,1.95
214,1.2225,0.5,0.1,0.0,0.0015,1.95
215,1.222,0.0,0.0,0.0,0.0,1.95
216,1.222,0.0,0.0,0.0,0.0,1.95
217,1.222,0.0,0.0,0.0,0.0,1.95
218,1.2225,0.5,0.1,0.0,0.0015,1.95
219,1.2225,0.5,0.1,0.0,0.0015,1.95
220,1.2225,0.5,0.1,0.0,0.0015,1.95
221,1.2225,0.5,0.1,0.0,0.0015,1.95
222,1.2225,0.5,0.1,0.0,0.0015,1.95
223,1.2225,0.5,0.1,0.0,0.0015,1.95
224,1.2225,0.5,0.1,0.0,0.0015,1.95
225,1.222,0.0,0.0,0.0,0.0,1.95
226,1.222,0.0,0.0,0.0,0.0,1.95
227,1.222,0.0,0.0,0.0,0.0,1.95
228,1.222,0.0,0.0,0.0,0.0,1.95
229,1.222,0.0,0.0,0.0,0.0,1.95
230,1.222,0.0,0.0,0.0,0.0,1.95
231,1.2225,0.5,0.1,0.0,0.0015,1.95
232,1.2225,0.5,0.1,0.0,0.0015,1.95
233,1.222,0.0,0.0,0.0,0.0,1.95
234,1.222,0.0,0.0,0.0,0.0,1.95
235,1.222,0.0,0.0,0.0,0.0,1.95
236,1.222,0.0,0.0,0.0,0.0,1.95
237,1.222,0.0,0.0,0.0,0.0,1.95
238,1.222,0.0,0.0,0.0,0.0,1.95
239,1.2225,0.5,0.1,0.0,0.0015,1.95
240,1.222,0.0,0.0,0.0,0.0,1.95
241,1.2225,0.5,0.1,0.0,0.0015,1.95
242,1.2225,0.5,0.1,0.0,0.0015,1.95
243,1.2225,0.5,0.1,0.0,0.0015,1.95
244,1.222,0.0,0.0,0.0,0.0,1.95
245,1.222,0.0,0.0,0.0,0.0,1.95
246,1.222,0.0,0.0,0.0,0.0,1.95
247,1.2225,0.5,0.1,0.0,0.0015,1.95
248,1.2225,0.5,0.1,0.0,0.0015,1.95
249,1.2225,0.5,0.1,0.0,0.0015,1.95
250,1.222,0.0,0.0,0.0,0.0,1.95
251,1.222,0.0,0.0,0.0,0.0,1.95
252,1.222,0.0,0.0,0.0,0.0,1.95
253,1.222,0.0,0.0,0.0,0.0,1.95
254,1.2225,0.5,0.1,0.0,0.0015,1.95
255,1.2225,0.5,0.1,0.0,0.0015,1.95
256,1.2225,0.5,0.1,0.0,0.0015,1.95
257,1.2225,0.5,0.1,0.0,0.0015,1.95
258,1.2225,0.5,0.1,0.0,0.0015,1.95
259,1.2225,0.5,0.1,0.0,0.0015,1.95
260,1.222,0.0,0.0,0.0,0.0,1.95
261,1.222,0.0,0.0,0.0,0.0,1.95
262,1.222,0.0,0.0,0.0,0.0,1.95
263,1.222,0.0,0.0,0.0,0.0,1.95
264,1.222,0.0,0.0,0.0,0.0,1.95
265,1.222,0.0,0.0,0.0,0.0,1.95
266,1.222,0.0,0.0,0.0,0.0,1.95
267,1.222,0.0,0.0,0.0,0.0,1.95
268,1.2225,0.5,0.1,0.0,0.0015,1.95
269,1.222,0.0,0.0,0.0,0.0,1.95
270,1.2225,0.5,0.1,0.0,0.0015,1.95
271,1.222,0.0,0.0,0.0,0.0,1.95
272,1.222,0.0,0.0,0.0,0.0,1.95
273,1.2225,0.5,0.1,0.0,0.0015,1.95
274,1.2225,0.5,0.1,0.0,0.0015,1.95
275,1.2225,0.5,0.1,0.0,0.0015,1.95
276,1.2225,0.5,0.1,0.0,0.0015,1.95
277,1.222,0.0,0.0,0.0,0.0,1.95
278,1.2225,0.5,0.1,0.0,0.0015,1.95
279,1.222,0.0,0.0,0.0,0.0,1.95
280,1.222,0.0,0.0,0.0,0.0,1.95
281,1.2225,0.5,0.1,0.0,0.0015,1.95
282,1.222,0.0,0.0,0.0,0.0,1.95
283,1.222,0.0,0.0,0.0,0.0,1.95
284,1.2225,0.5,0.1,0.0,0.0015,1.95
285,1.2225,0.5,0.1,0.0,0.0015,1.95
286,1.222,0.0,0.0,0.0,0.0,1.95
287,1.222,0.0,0.0,0.0,0.0,1.95
288,1.222,0.0,0.0,0.0,0.0,1.95
289,1.2225,0.5,0.1,0.0,0.0015,1.95
290,1.222,0.0,0.0,0.0,0.0,1.95
291,1.2225,0.5,0.1,0.0,0.0015,1.95
292,1.222,0.0,0.0,0.0,0.0,1.95
293,1.222,0.0,0.0,0.0,0.0,1.95
294,1.222,0.0,0.0,0.0,0.0,1.95
295,1.2225,0.5,0.1,0.0,0.0015,1.95
296,1.2225,0.5,0.1,0.0,0.0015,1.95
297,1.222,0.0,0.0,0.0,0.0,1.95
298,1.2225,0.5,0.1,0.0,0.0015,1.95
299,1.222,0.0,0.0,0.0,0.0,1.95
300,1.222,0.0,0.0,0.0,0.0,1.95
301,1.2225,0.5,0.1,0.0,0.0015,1.95
302,1.2225,0.5,0.1,0.0,0.0015,1.95
303,1.222,0.0,0.0,0.0,0.0,1.95
304,1.222,0.0,0.0,0.0,0.0,1.95
305,1.222,0.0,0.0,0.0,0.0,1.95
306,1.222,0.0,0.0,0.0,0.0,1.95
307,1.222,0.0,0.0,0.0,0.0,1.95
308,1.2225,0.5,0.1,0.0,0.0015,1.95
309,1.2225,0.5,0.1,0.0,0.0015,1.95
310,1.2225,0.5,0.1,0.0,0.0015,1.95
311,1.222,0.0,0.0,0.0,0.0,1.95
312,1.2225,0.5,0.1,0.0,0.0015,1.95
313,1.222,0.0,0.0,0.0,0.0,1.95
314,1.2225,0.5,0.1,0.0,0.0015,1.95
315,1.2225,0.5,0.1,0.0,0.0015,1.95
316,1.222,0.0,0.0,0.0,0.0,1.95
317,1.2225,0.5,0.1,0.0,0.0015,1.95
318,1.2225,0.5,0.1,0.0,0.0015,1.95
319,1.2225,0.5,0.1,0.0,0.0015,1.95
320,1.222,0.0,0.0,0.0,0.0,1.95
321,1.2225,0.5,0.1,0.0,0.0015,1.95
322,1.2225,0.5,0.1,0.0,0.0015,1.95
323,1.2225,0.5,0.1,0.0,0.0015,1.95
324,1.222,0.0,0.0,0.0,0.0,1.95
325,1.222,0.0,0.0,0.0,0.0,1.95
326,1.2225,0.5,0.1,0.0,0.0015,1.95
327,1.222,0.0,0.0,0.0,0.0,1.95
328,1.2225,0.5,0.1,0.0,0.0015,1.95
329,1.2225,0.5,0.1,0.0,0.0015,1.95
330,1.2225,0.5,0.1,0.0,0.0015,1.95
331,1.222,0.0,0.0,0.0,0.0,1.95
332,1.2225,0.5,0.1,0.0,0.0015,1.95
333,1.222,0.0,0.0,0.0,0.0,1.95
334,1.222,0.0,0.0,0.0,0.0,1.95
335,1.222,0.0,0.0,0.0,0.0,1.95
336,1.222,0.0,0.0,0.0,0.0,1.95
337,1.222,0.0,0.0,0.0,0.0,1.95
338,1.2225,0.5,0.1,0.0,0.0015,1.95
339,1.222,0.0,0.0,0.0,0.0,1.95
340,1.222,0.0,0.0,0.0,0.0,1.95
341,1.222,0.0,0.0,0.0,0.0,1.95
342,1.2225,0.5,0.1,0.0,0.0015,1.95
343,1.2225,0.5,0.1,0.0,0.0015,1.95
344,1.222,0.0,0.0,0.0,0.0,1.95
345,1.2225,0.5,0.1,0.0,0.0015,1.95
346,1.222,0.0,0.0,0.0,0.0,1.95
347,1.222,0.0,0.0,0.0,0.0,1.95
348,1.2225,0.5,0.1,0.0,0.0015,1.95
349,1.2225,0.5,0.1,0.0,0.0015,1.95
350,1.222,0.0,0.0,0.0,0.0,1.95
351,1.222,0.0,0.0,0.0,0.0,1.95
352,1.222,0.0,0.0,0.0,0.0,1.95
353,1.222,0.0,0.0,0.0,0.0,1.95
354,1.222,0.0,0.0,0.0,0.0,1.95
355,1.2225,0.5,0.1,0.0,0.0015,1.95
356,1.222,0.0,0.0,0.0,0.0,1.95
357,1.222,0.0,0.0,0.0,0.0,1.95
358,1.222,0.0,0.0,0.0,0.0,1.95
359,1.222,0.0,0.0,0.0,0.0,1.95
360,1.222,0.0,0.0,0.0,0.0,1.95
361,1.2225,0.5,0.1,0.0,0.0015,1.95
362,1.222,0.0,0.0,0.0,0.0,1.95
363,1.222,0.0,0.0,0.0,0.0,1.95
364,1.222,0.0,0.0,0.0,0.0,1.95
365,1.2225,0.5,0.1,0.0,0.0015,1.95
366,1.2225,0.5,0.1,0.0,0.0015,1.95
367,1.222,0.0,0.0,0.0,0.0,1.95
368,1.2225,0.5,0.1,0.0,0.0015,1.95
369,1.2225,0.5,0.1,0.0,0.0015,1.95
370,1.2225,0.5,0.1,0.0,0.0015,1.95
371,1.2225,0.5,0.1,0.0,0.0015,1.95
372,1.222,0.0,0.0,0.0,0.0,1.95
373,1.2225,0.5,0.1,0.0,0.0015,1.95
374,1.2225,0.5,0.1,0.0,0.0015,1.95
375,1.222,0.0,0.0,0.0,0.0,1.95
376,1.2225,0.5,0.1,0.0,0.0015,1.95
377,1.222,0.0,0.0,0.0,0.0,1.95
378,1.2225,0.5,0.1,0.0,0.0015,1.95
379,1.222,0.0,0.0,0.0,0.0,1.95
380,1.222,0.0,0.0,0.0,0.0,1.95
381,1.222,0.0,0.0,0.0,0.0,1.95
382,1.2225,0.5,0.1,0.0,0.0015,1.95
383,1.2225,0.5,0.1,0.0,0.0015,1.95
384,1.2225,0.5,0.1,0.0,0.0015,1.95
385,1.2225,0.5,0.1,0.0,0.0015,1.95
386,1.2225,0.5,0.1,0.0,0.0015,1.95
387,1.222,0.0,0.0,0.0,0.0,1.95
388,1.2225,0.5,0.1,0.0,0.0015,1.95
389,1.2225,0.5,0.1,0.0,0.0015,1.95
390,1.222,0.0,0.0,0.0,0.0,1.95
391,1.222,0.0,0.0,0.0,0.0,1.95
392,1.222,0.0,0.0,0.0,0.0,1.95
393,1.2225,0.5,0.1,0.0,0.0015,1.95
394,1.2225,0.5,0.1,0.0,0.0015,1.95
395,1.2225,0.5,0.1,0.0,0.0015,1.95
396,1.2225,0.5,0.1,0.0,0.0015,1.95
397,1.222,0.0,0.0,0.0,0.0,1.95
398,1.2225,0.5,0.1,0.0,0.0015,1.95
399,1.222,0.0,0.0,0.0,0.0,1.95
400,1.2225,0.5,0.1,0.0,0.0015,1.95
401,1.222,0.0,0.0,0.0,0.0,1.95
402,1.2225,0.5,0.1,0.0,0.0015,1.95
403,1.222,0.0,0.0,0.0,0.0,1.95
404,1.222,0.0,0.0,0.0,0.0,1.95
405,1.2225,0.5,0.1,0.0,0.0015,1.95
406,1.2225,0.5,0.1,0.0,0.0015,1.95
407,1.2225,0.5,0.1,0.0,0.0015,1.95
408,1.222,0.0,0.0,0.0,0.0,1.95
409,1.2225,0.5,0.1,0.0,0.0015,1.95
410,1.2225,0.5,0.1,0.0,0.0015,1.95
411,1.222,0.0,0.0,0.0,0.0,1.95
412,1.222,0.0,0.0,0.0,0.0,1.95
413,1.2225,0.5,0.1,0.0,0.0015,1.95
414,1.222,0.0,0.0,0.0,0.0,1.95
415,1.222,0.0,0.0,0.0,0.0,1.95
416,1.222,0.0,0.0,0.0,0.0,1.95
417,1.222,0.0,0.0,0.0,0.0,1.95
418,1.2225,0.5,0.1,0.0,0.0015,1.95
419,1.222,0.0,0.0,0.0,0.0,1.95
420,1.222,0.0,0.0,0.0,0.0,1.95
421,1.2225,0.5,0.1,0.0,0.0015,1.95
422,1.2225,0.5,0.1,0.0,0.0015,1.95
423,1.222,0.0,0.0,0.0,0.0,1.95
424,1.2225,0.5,0.1,0.0,0.0015,1.95
425,1.222,0.0,0.0,0.0,0.0,1.95
426,1.222,0.0,0.0,0.0,0.0,1.95
427,1.2225,0.5,0.1,0.0,0.0015,1.95
428,1.222,0.0,0.0,0.0,0.0,1.95
429,1.222,0.0,0.0,0.0,0.0,1.95
430,1.222,0.0,0.0,0.0,0.0,1.95
431,1.2225,0.5,0.1,0.0,0.0015,1.95
432,1.2225,0.5,0.1,0.0,0.0015,1.95
433,1.222,0.0,0.0,0.0,0.0,1.95
434,1.222,0.0,0.0,0.0,0.0,1.95
435,1.222,0.0,0.0,0.0,0.0,1.95
436,1.222,0.0,0.0,0.0,0.0,1.95
437,1.222,0.0,0.0,0.0,0.0,1.95
438,1.2225,0.5,0.1,0.0,0.0015,1.95
439,1.222,0.0,0.0,0.0,0.0,1.95
440,1.222,0.0,0.0,0.0,0.0,1.95
441,1.2225,0.5,0.1,0.0,0.0015,1.95
442,1.2225,0.5,0.1,0.0,0.0015,1.95
443,1.222,0.0,0.0,0.0,0.0,1.95
444,1.2225,0.5,0.1,0.0,0.0015,1.95
445,1.222,0.0,0.0,0.0,0.0,1.95
446,1.222,0.0,0.0,0.0,0.0,1.95
447,1.222,0.0,0.0,0.0,0.0,1.95
448,1.222,0.0,0.0,0.0,0.0,1.95
449,1.222,0.0,0.0,0.0,0.0,1.95
450,1.2225,0.5,0.1,0.0,0.0015,1.95
451,1.2225,0.5,0.1,0.0,0.0015,1.95
452,1.222,0.0,0.0,0.0,0.0,1.95
453,1.2225,0.5,0.1,0.0,0.0015,1.95
454,1.2225,0.5,0.1,0.0,0.0015,1.95
455,1.2225,0.5,0.1,0.0,0.0015,1.95
456,1.222,0.0,0.0,0.0,0.0,1.95
457,1.222,0.0,0.0,0.0,0.0,1.95
458,1.222,0.0,0.0,0.0,0.0,1.95
459,1.2225,0.5,0.1,0.0,0.0015,1.95
460,1.2225,0.5,0.1,0.0,0.0015,1.95
461,1.222,0.0,0.0,0.0,0.0,1.95
462,1.222,0.0,0.0,0.0,0.0,1.95
463,1.2225,0.5,0.1,0.0,0.0015,1.95
464,1.2225,0.5,0.1,0.0,0.0015,1.95
465,1.2225,0.5,0.1,0.0,0.0015,1.95
466,1.222,0.0,0.0,0.0,0.0,1.95
467,1.222,0.0,0.0,0.0,0.0,1.95
468,1.2225,0.5,0.1,0.0,0.0015,1.95
469,1.2225,0.5,0.1,0.0,0.0015,1.95
470,1.222,0.0,0.0,0.0,0.0,1.95
471,1.2225,0.5,0.1,0.0,0.0015,1.95
472,1.2225,0.5,0.1,0.0,0.0015,1.95
473,1.222,0.0,0.0,0.0,0.0,1.95
474,1.222,0.0,0.0,0.0,0.0,1.95
475,1.222,0.0,0.0,0.0,0.0,1.95
476,1.222,0.0,0.0,0.0,0.0,1.95
477,1.222,0.0,0.0,0.0,0.0,1.95
478,1.222,0.0,0.0,0.0,0.0,1.95
479,1.222,0.0,0.0,0.0,0.0,1.95
480,1.222,0.0,0.0,0.0,0.0,1.95
481,1.222,0.0,0.0,0.0,0.0,1.95
482,1.222,0.0,0.0,0.0,0.0,1.95
483,1.2225,0.5,0.1,0.0,0.0015,1.95
484,1.222,0.0,0.0,0.0,0.0,1.95
485,1.222,0.0,0.0,0.0,0.0,1.95
486,1.2225,0.5,0.1,0.0,0.0015,1.95
487,1.222,0.0,0.0,0.0,0.0,1.95
488,1.2225,0.5,0.1,0.0,0.0015,1.95
489,1.222,0.0,0.0,0.0,0.0,1.95
490,1.222,0.0,0.0,0.0,0.0,1.95
491,1.222,0.0,0.0,0.0,0.0,1.95
492,1.222,0.0,0.0,0.0,0.0,1.95
493,1.222,0.0,0.0,0.0,0.0,1.95
494,1.2225,0.5,0.1,0.0,0.0015,1.95
495,1.222,0.0,0.0,0.0,0.0,1.95
496,1.222,0.0,0.0,0.0,0.0,1.95
497,1.2225,0.5,0.1,0.0,0.0015,1.95
498,1.2225,0.5,0.1,0.0,0.0015,1.95
499,1.2225,0.5,0.1,0.0,0.0015,1.95
500,1.2225,0.5,0.1,0.0,0.0015,1.95
501,1.222,0.0,0.0,0.0,0.0,1.95
502,1.2225,0.5,0.1,0.0,0.0015,1.95
503,1.2225,0.5,0.1,0.0,0.0015,1.95
504,1.222,0.0,0.0,0.0,0.0,1.95
505,1.2225,0.5,0.1,0.0,0.0015,1.95
506,1.2225,0.5,0.1,0.0,0.0015,1.95
507,1.222,0.0,0.0,0.0,0.0,1.95
508,1.2225,0.5,0.1,0.0,0.0015,1.95
509,1.2225,0.5,0.1,0.0,0.0015,1.95
510,1.2225,0.5,0.1,0.0,0.0015,1.95
511,1.2225,0.5,0.1,0.0,0.0015,1.95
512,1.222,0.0,0.0,0.0,0.0,1.95
513,1.2225,0.5,0.1,0.0,0.0015,1.95
514,1.2225,0.5,0.1,0.0,0.0015,1.95
515,1.222,0.0,0.0,0.0,0.0,1.95
516,1.2225,0.5,0.1,0.0,0.0015,1.95
517,1.222,0.0,0.0,0.0,0.0,1.95
518,1.222,0.0,0.0,0.0,0.0,1.95
519,1.2225,0.5,0.1,0.0,0.0015,1.95
520,1.2225,0.5,0.1,0.0,0.0015,1.95
521,1.2225,0.5,0.1,0.0,0.0015,1.95
522,1.222,0.0,0.0,0.0,0.0,1.95
523,1.222,0.0,0.0,0.0,0.0,1.95
524,1.222,0.0,0.0,0.0,0.0,1.95
525,1.2225,0.5,0.1,0.0,0.0015,1.95
526,1.222,0.0,0.0,0.0,0.0,1.95
527,1.222,0.0,0.0,0.0,0.0,1.95
528,1.2225,0.5,0.1,0.0,0.0015,1.95
529,1.2225,0.5,0.1,0.0,0.0015,1.95
530,1.222,0.0,0.0,0.0,0.0,1.95
531,1.222,0.0,0.0,0.0,0.0,1.95
532,1.222,0.0,0.0,0.0,0.0,1.95
533,1.2225,0.5,0.1,0.0,0.0015,1.95
534,1.2225,0.5,0.1,0.0,0.0015,1.95
535,1.2225,0.5,0.1,0.0,0.0015,1.95
536,1.222,0.0,0.0,0.0,0.0,1.95
537,1.2225,0.5,0.1,0.0,0.0015,1.95
538,1.2225,0.5,0.1,0.0,0.0015,1.95
539,1.222,0.0,0.0,0.0,0.0,1.95
540,1.222,0.0,0.0,0.0,0.0,1.95
541,1.222,0.0,0.0,0.0,0.0,1.95
542,1.222,0.0,0.0,0.0,0.0,1.95
543,1.222,0.0,0.0,0.0,0.0,1.95
544,1.2225,0.5,0.1,0.0,0.0015,1.95
545,1.2225,0.5,0.1,0.0,0.0015,1.95
546,1.2225,0.5,0.1,0.0,0.0015,1.95
547,1.2225,0.5,0.1,0.0,0.0015,1.95
548,1.222,0.0,0.0,0.0,0.0,1.95
549,1.222,0.0,0.0,0.0,0.0,1.95
550,1.2225,0.5,0.1,0.0,0.0015,1.95
551,1.222,0.0,0.0,0.0,0.0,1.95
552,1.222,0.0,0.0,0.0,0.0,1.95
553,1.222,0.0,0.0,0.0,0.0,1.95
554,1.222,0.0,0.0,0.0,0.0,1.95
555,1.222,0.0,0.0,0.0,0.0,1.95
556,1.2225,0.5,0.1,0.0,0.0015,1.95
557,1.2225,0.5,0.1,0.0,0.0015,1.95
558,1.2225,0.5,0.1,0.0,0.0015,1.95
559,1.2225,0.5,0.1,0.0,0.0015,1.95
560,1.222,0.0,0.0,0.0,0.0,1.95
561,1.222,0.0,0.0,0.0,0.0,1.95
562,1.222,0.0,0.0,0.0,0.0,1.95
563,1.222,0.0,0.0,0.0,0.0,1.95
564,1.2225,0.5,0.1,0.0,0.0015,1.95
565,1.2225,0.5,0.1,0.0,0.0015,1.95
566,1.2225,0.5,0.1,0.0,0.0015,1.95
567,1.2225,0.5,0.1,0.0,0.0015,1.95
568,1.2225,0.5,0.1,0.0,0.0015,1.95
569,1.222,0.0,0.0,0.0,0.0,1.95
570,1.2225,0.5,0.1,0.0,0.0015,1.95
571,1.222,0.0,0.0,0.0,0.0,1.95
572,1.222,0.0,0.0,0.0,0.0,1.95
573,1.2225,0.5,0.1,0.0,0.0015,1.95
574,1.222,0.0,0.0,0.0,0.0,1.95
575,1.222,0.0,0.0,0.0,0.0,1.95
576,1.222,0.0,0.0,0.0,0.0,1.95
577,1.2225,0.5,0.1,0.0,0.0015,1.95
578,1.222,0.0,0.0,0.0,0.0,1.95
579,1.2225,0.5,0.1,0.0,0.0015,1.95
580,1.222,0.0,0.0,0.0,0.0,1.95
581,1.222,0.0,0.0,0.0,0.0,1.95
582,1.222,0.0,0.0,0.0,0.0,1.95
583,1.2225,0.5,0.1,0.0,0.0015,1.95
584,1.222,0.0,0.0,0.0,0.0,1.95
585,1.222,0.0,0.0,0.0,0.0,1.95
586,1.222,0.0,0.0,0.0,0.0,1.95
587,1.222,0.0,0.0,0.0,0.0,1.95
588,1.2225,0.5,0.1,0.0,0.0015,1.95
589,1.222,0.0,0.0,0.0,0.0,1.95
590,1.2225,0.5,0.1,0.0,0.0015,1.95
591,1.222,0.0,0.0,0.0,0.0,1.95
592,1.2225,0.5,0.1,0.0,0.0015,1.95
593,1.2225,0.5,0.1,0.0,0.0015,1.95
594,1.2225,0.5,0.1,0.0,0.0015,1.95
595,1.222,0.0,0.0,0.0,0.0,1.95
596,1.2225,0.5,0.1,0.0,0.0015,1.95
597,1.2225,0.5,0.1,0.0,0.0015,1.95
598,1.222,0.0,0.0,0.0,0.0,1.95
599,1.2225,0.5,0.1,0.0,0.0015,1.95
600,1.222,0.0,0.0,0.0,0.0,1.95
601,1.222,0.0,0.0,0.0,0.0,1.95
602,1.222,0.0,0.0,0.0,0.0,1.95
603,1.2225,0.5,0.1,0.0,0.0015,1.95
604,1.2225,0.5,0.1,0.0,0.0015,1.95
605,1.2225,0.5,0.1,0.0,0.0015,1.95
606,1.2225,0.5,0.1,0.0,0.0015,1.95
607,1.2225,0.5,0.1,0.0,0.0015,1.95
608,1.2225,0.5,0.1,0.0,0.0015,1.95
609,1.222,0.0,0.0,0.0,0.0,1.95
610,1.222,0.0,0.0,0.0,0.0,1.95
611,1.2225,0.5,0.1,0.0,0.0015,1.95
612,1.2225,0.5,0.1,0.0,0.0015,1.95
613,1.222,0.0,0.0,0.0,0.0,1.95
614,1.2225,0.5,0.1,0.0,0.0015,1.95
615,1.2225,0.5,0.1,0.0,0.0015,1.95
616,1.222,0.0,0.0,0.0,0.0,1.95
617,1.222,0.0,0.0,0.0,0.0,1.95
618,1.2225,0.5,0.1,0.0,0.0015,1.95
619,1.2225,0.5,0.1,0.0,0.0015,1.95
620,1.2225,0.5,0.1,0.0,0.0015,1.95
621,1.222,0.0,0.0,0.0,0.0,1.95
622,1.2225,0.5,0.1,0.0,0.0015,1.95
623,1.2225,0.5,0.1,0.0,0.0015,1.95
624,1.2225,0.5,0.1,0.0,0.0015,1.95
625,1.222,0.0,0.0,0.0,0.0,1.95
626,1.2225,0.5,0.1,0.0,0.0015,1.95
627,1.2225,0.5,0.1,0.0,0.0015,1.95
628,1.222,0.0,0.0,0.0,0.0,1.95
629,1.222,0.0,0.0,0.0,0.0,1.95
630,1.2225,0.5,0.1,0.0,0.0015,1.95
631,1.2225,0.5,0.1,0.0,0.0015,1.95
632,1.222,0.0,0.0,0.0,0.0,1.95
633,1.222,0.0,0.0,0.0,0.0,1.95
634,1.222,0.0,0.0,0.0,0.0,1.95
635,1.222,0.0,0.0,0.0,0.0,1.95
636,1.222,0.0,0.0,0.0,0.0,1.95
637,1.2225,0.5,0.1,0.0,0.0015,1.95
638,1.2225,0.5,0.1,0.0,0.0015,1.95
639,1.2225,0.5,0.1,0.0,0.0015,1.95
640,1.2225,0.5,0.1,0.0,0.0015,1.95
641,1.222,0.0,0.0,0.0,0.0,1.95
642,1.2225,0.5,0.1,0.0,0.0015,1.95
643,1.2225,0.5,0.1,0.0,0.0015,1.95
644,1.222,0.0,0.0,0.0,0.0,1.95
645,1.2225,0.5,0.1,0.0,0.0015,1.95
646,1.2225,0.5,0.1,0.0,0.0015,1.95
647,1.222,0.0,0.0,0.0,0.0,1.95
648,1.222,0.0,0.0,0.0,0.0,1.95
649,1.222,0.0,0.0,0.0,0.0,1.95
650,1.222,0.0,0.0,0.0,0.0,1.95
651,1.222,0.0,0.0,0.0,0.0,1.95
652,1.2225,0.5,0.1,0.0,0.0015,1.95
653,1.2225,0.5,0.1,0.0,0.0015,1.95
654,1.222,0.0,0.0,0.0,0.0,1.95
655,1.2225,0.5,0.1,0.0,0.0015,1.95
656,1.222,0.0,0.0,0.0,0.0,1.95
657,1.2225,0.5,0.1,0.0,0.0015,1.95
658,1.2225,0.5,0.1,0.0,0.0015,1.95
659,1.2225,0.5,0.1,0.0,0.0015,1.95
660,1.2225,0.5,0.1,0.0,0.0015,1.95
661,1.222,0.0,0.0,0.0,0.0,1.95
662,1.222,0.0,0.0,0.0,0.0,1.95
663,1.2225,0.5,0.1,0.0,0.0015,1.95
664,1.222,0.0,0.0,0.0,0.0,1.95
665,1.222,0.0,0.0,0.0,0.0,1.95
666,1.222,0.0,0.0,0.0,0.0,1.95
667,1.222,0.0,0.0,0.0,0.0,1.95
668,1.222,0.0,0.0,0.0,0.0,1.95
669,1.222,0.0,0.0,0.0,0.0,1.95
670,1.2225,0.5,0.1,0.0,0.0015,1.95
671,1.2225,0.5,0.1,0.0,0.0015,1.95
672,1.222,0.0,0.0,0.0,0.0,1.95
673,1.2225,0.5,0.1,0.0,0.0015,1.95
674,1.2225,0.5,0.1,0.0,0.0015,1.95
675,1.222,0.0,0.0,0.0,0.0,1.95
676,1.222,0.0,0.0,0.0,0.0,1.95
677,1.222,0.0,0.0,0.0,0.0,1.95
678,1.222,0.0,0.0,0.0,0.0,1.95
679,1.222,0.0,0.0,0.0,0.0,1.95
680,1.222,0.0,0.0,0.0,0.0,1.95
681,1.2225,0.5,0.1,0.0,0.0015,1.95
682,1.222,0.0,0.0,0.0,0.0,1.95
683,1.222,0.0,0.0,0.0,0.0,1.95
684,1.222,0.0,0.0,0.0,0.0,1.95
685,1.2225,0.5,0.1,0.0,0.0015,1.95
686,1.2225,0.5,0.1,0.0,0.0015,1.95
687,1.2225,0.5,0.1,0.0,0.0015,1.95
688,1.222,0.0,0.0,0.0,0.0,1.95
689,1.2225,0.5,0.1,0.0,0.0015,1.95
690,1.2225,0.5,0.1,0.0,0.0015,1.95
691,1.222,0.0,0.0,0.0,0.0,1.95
692,1.222,0.0,0.0,0.0,0.0,1.95
693,1.2225,0.5,0.1,0.0,0.0015,1.95
694,1.2225,0.5,0.1,0.0,0.0015,1.95
695,1.222,0.0,0.0,0.0,0.0,1.95
696,1.222,0.0,0.0,0.0,0.0,1.95
697,1.222,0.0,0.0,0.0,0.0,1.95
698,1.2225,0.5,0.1,0.0,0.0015,1.95
699,1.2225,0.5,0.1,0.0,0.0015,1.95
700,1.2225,0.5,0.1,0.0,0.0015,1.95
701,1.2225,0.5,0.1,0.0,0.0015,1.95
702,1.2225,0.5,0.1,0.0,0.0015,1.95
703,1.222,0.0,0.0,0.0,0.0,1.95
704,1.2225,0.5,0.1,0.0,0.0015,1.95
705,1.2225,0.5,0.1,0.0,0.0015,1.95
706,1.2225,0.5,0.1,0.0,0.0015,1.95
707,1.222,0.0,0.0,0.0,0.0,1.95
708,1.222,0.0,0.0,0.0,0.0,1.95
709,1.2225,0.5,0.1,0.0,0.0015,1.95
710,1.222,0.0,0.0,0.0,0.0,1.95
711,1.222,0.0,0.0,0.0,0.0,1.95
712,1.2225,0.5,0.1,0.0,0.0015,1.95
713,1.2225,0.5,0.1,0.0,0.0015,1.95
714,1.222,0.0,0.0,0.0,0.0,1.95
715,1.2225,0.5,0.1,0.0,0.0015,1.95
716,1.2225,0.5,0.1,0.0,0.0015,1.95
717,1.222,0.0,0.0,0.0,0.0,1.95
718,1.222,0.0,0.0,0.0,0.0,1.95
719,1.2225,0.5,0.1,0.0,0.0015,1.95
720,1.2225,0.5,0.1,0.0,0.0015,1.95
721,1.222,0.0,0.0,0.0,0.0,1.95
722,1.2225,0.5,0.1,0.0,0.0015,1.95
723,1.222,0.0,0.0,0.0,0.0,1.95
724,1.222,0.0,0.0,0.0,0.0,1.95
725,1.2225,0.5,0.1,0.0,0.0015,1.95
726,1.2225,0.5,0.1,0.0,0.0015,1.95
727,1.222,0.0,0.0,0.0,0.0,1.95
728,1.2225,0.5,0.1,0.0,0.0015,1.95
729,1.2225,0.5,0.1,0.0,0.0015,1.95
730,1.222,0.0,0.0,0.0,0.0,1.95
731,1.222,0.0,0.0,0.0,0.0,1.95
732,1.222,0.0,0.0,0.0,0.0,1.95
733,1.222,0.0,0.0,0.0,0.0,1.95
734,1.2225,0.5,0.1,0.0,0.0015,1.95
735,1.2225,0.5,0.1,0.0,0.0015,1.95
736,1.2225,0.5,0.1,0.0,0.0015,1.95
737,1.2225,0.5,0.1,0.0,0.0015,1.95
738,1.222,0.0,0.0,0.0,0.0,1.95
739,1.2225,0.5,0.1,0.0,0.0015,1.95
740,1.2225,0.5,0.1,0.0,0.0015,1.95
741,1.2225,0.5,0.1,0.0,0.0015,1.95
742,1.2225,0.5,0.1,0.0,0.0015,1.95
743,1.222,0.0,0.0,0.0,0.0,1.95
744,1.222,0.0,0.0,0.0,0.0,1.95
745,1.222,0.0,0.0,0.0,0.0,1.95
746,1.222,0.0,0.0,0.0,0.0,1.95
747,1.2225,0.5,0.1,0.0,0.0015,1.95
748,1.2225,0.5,0.1,0.0,0.0015,1.95
749,1.2225,0.5,0.1,0.0,0.0015,1.95
750,1.2225,0.5,0.1,0.0,0.0015,1.95
751,1.2225,0.5,0.1,0.0,0.0015,1.95
752,1.222,0.0,0.0,0.0,0.0,1.95
753,1.2225,0.5,0.1,0.0,0.0015,1.95
754,1.222,0.0,0.0,0.0,0.0,1.95
755,1.2225,0.5,0.1,0.0,0.0015,1.95
756,1.2225,0.5,0.1,0.0,0.0015,1.95
757,1.2225,0.5,0.1,0.0,0.0015,1.95
758,1.222,0.0,0.0,0.0,0.0,1.95
759,1.222,0.0,0.0,0.0,0.0,1.95
760,1.2225,0.5,0.1,0.0,0.0015,1.95
761,1.2225,0.5,0.1,0.0,0.0015,1.95
762,1.2225,0.5,0.1,0.0,0.0015,1.95
763,1.222,0.0,0.0,0.0,0.0,1.95
764,1.222,0.0,0.0,0.0,0.0,1.95
765,1.222,0.0,0.0,0.0,0.0,1.95
766,1.2225,0.5,0.1,0.0,0.0015,1.95
767,1.2225,0.5,0.1,0.0,0.0015,1.95
768,1.2225,0.5,0.1,0.0,0.0015,1.95
769,1.2225,0.5,0.1,0.0,0.0015,1.95
770,1.222,0.0,0.0,0.0,0.0,1.95
771,1.222,0.0,0.0,0.0,0.0,1.95
772,1.2225,0.5,0.1,0.0,0.0015,1.95
773,1.222,0.0,0.0,0.0,0.0,1.95
774,1.222,0.0,0.0,0.0,0.0,1.95
775,1.2225,0.5,0.1,0.0,0.0015,1.95
776,1.222,0.0,0.0,0.0,0.0,1.95
777,1.222,0.0,0.0,0.0,0.0,1.95
778,1.222,0.0,0.0,0.0,0.0,1.95
779,1.222,0.0,0.0,0.0,0.0,1.95
780,1.222,0.0,0.0,0.0,0.0,1.95
781,1.222,0.0,0.0,0.0,0.0,1.95
782,1.222,0.0,0.0,0.0,0.0,1.95
783,1.2225,0.5,0.1,0.0,0.0015,1.95
784,1.2225,0.5,0.1,0.0,0.0015,1.95
785,1.222,0.0,0.0,0.0,0.0,1.95
786,1.222,0.0,0.0,0.0,0.0,1.95
787,1.2225,0.5,0.1,0.0,0.0015,1.95
788,1.222,0.0,0.0,0.0,0.0,1.95
789,1.2225,0.5,0.1,0.0,0.0015,1.95
790,1.222,0.0,0.0,0.0,0.0,1.95
791,1.222,0.0,0.0,0.0,0.0,1.95
792,1.222,0.0,0.0,0.0,0.0,1.95
793,1.2225,0.5,0.1,0.0,0.0015,1.95
794,1.222,0.0,0.0,0.0,0.0,1.95
795,1.2225,0.5,0.1,0.0,0.0015,1.95
796,1.222,0.0,0.0,0.0,0.0,1.95
797,1.222,0.0,0.0,0.0,0.0,1.95
798,1.222,0.0,0.0,0.0,0.0,1.95
799,1.2225,0.5,0.1,0.0,0.0015,1.95
800,1.222,0.0,0.0,0.0,0.0,1.95
801,1.2225,0.5,0.1,0.0,0.0015,1.95
802,1.222,0.0,0.0,0.0,0.0,1.95
803,1.222,0.0,0.0,0.0,0.0,1.95
804,1.222,0.0,0.0,0.0,0.0,1.95
805,1.2225,0.5,0.1,0.0,0.0015,1.95
806,1.222,0.0,0.0,0.0,0.0,1.95
807,1.2225,0.5,0.1,0.0,0.0015,1.95
808,1.2225,0.5,0.1,0.0,0.0015,1.95
809,1.222,0.0,0.0,0.0,0.0,1.95
810,1.222,0.0,0.0,0.0,0.0,1.95
811,1.222,0.0,0.0,0.0,0.0,1.95
812,1.222,0.0,0.0,0.0,0.0,1.95
813,1.2225,0.5,0.1,0.0,0.0015,1.95
814,1.2225,0.5,0.1,0.0,0.0015,1.95
815,1.2225,0.5,0.1,0.0,0.0015,1.95
816,1.222,0.0,0.0,0.0,0.0,1.95
817,1.222,0.0,0.0,0.0,0.0,1.95
818,1.222,0.0,0.0,0.0,0.0,1.95
819,1.2225,0.5,0.1,0.0,0.0015,1.95
820,1.222,0.0,0.0,0.0,0.0,1.95
821,1.2225,0.5,0.1,0.0,0.0015,1.95
822,1.2225,0.5,0.1,0.0,0.0015,1.95
823,1.222,0.0,0.0,0.0,0.0,1.95
824,1.2225,0.5,0.1,0.0,0.0015,1.95
825,1.222,0.0,0.0,0.0,0.0,1.95
826,1.222,0.0,0.0,0.0,0.0,1.95
827,1.2225,0.5,0.1,0.0,0.0015,1.95
828,1.2225,0.5,0.1,0.0,0.0015,1.95
829,1.2225,0.5,0.1,0.0,0.0015,1.95
830,1.222,0.0,0.0,0.0,0.0,1.95
831,1.222,0.0,0.0,0.0,0.0,1.95
832,1.2225,0.5,0.1,0.0,0.0015,1.95
833,1.222,0.0,0.0,0.0,0.0,1.95
834,1.2225,0.5,0.1,0.0,0.0015,1.95
835,1.222,0.0,0.0,0.0,0.0,1.95
836,1.2225,0.5,0.1,0.0,0.0015,1.95
837,1.2225,0.5,0.1,0.0,0.0015,1.95
838,1.2225,0.5,0.1,0.0,0.0015,1.95
839,1.222,0.0,0.0,0.0,0.0,1.95
840,1.222,0.0,0.0,0.0,0.0,1.95
841,1.2225,0.5,0.1,0.0,0.0015,1.95
842,1.222,0.0,0.0,0.0,0.0,1.95
843,1.2225,0.5,0.1,0.0,0.0015,1.95
844,1.222,0.0,0.0,0.0,0.0,1.95
845,1.222,0.0,0.0,0.0,0.0,1.95
846,1.222,0.0,0.0,0.0,0.0,1.95
847,1.222,0.0,0.0,0.0,0.0,1.95
848,1.2225,0.5,0.1,0.0,0.0015,1.95
849,1.222,0.0,0.0,0.0,0.0,1.95
850,1.2225,0.5,0.1,0.0,0.0015,1.95
851,1.222,0.0,0.0,0.0,0.0,1.95
852,1.222,0.0,0.0,0.0,0.0,1.95
853,1.2225,0.5,0.1,0.0,0.0015,1.95
854,1.2225,0.5,0.1,0.0,0.0015,1.95
855,1.222,0.0,0.0,0.0,0.0,1.95
856,1.222,0.0,0.0,0.0,0.0,1.95
857,1.2225,0.5,0.1,0.0,0.0015,1.95
858,1.2225,0.5,0.1,0.0,0.0015,1.95
859,1.2225,0.5,0.1,0.0,0.0015,1.95
860,1.2225,0.5,0.1,0.0,0.0015,1.95
861,1.222,0.0,0.0,0.0,0.0,1.95
862,1.2225,0.5,0.1,0.0,0.0015,1.95
863,1.222,0.0,0.0,0.0,0.0,1.95
864,1.222,0.0,0.0,0.0,0.0,1.95
865,1.222,0.0,0.0,0.0,0.0,1.95
866,1.222,0.0,0.0,0.0,0.0,1.95
867,1.222,0.0,0.0,0.0,0.0,1.95
868,1.2225,0.5,0.1,0.0,0.0015,1.95
869,1.2225,0.5,0.1,0.0,0.0015,1.95
870,1.222,0.0,0.0,0.0,0.0,1.95
871,1.2225,0.5,0.1,0.0,0.0015,1.95
872,1.222,0.0,0.0,0.0,0.0,1.95
873,1.2225,0.5,0.1,0.0,0.0015,1.95
874,1.222,0.0,0.0,0.0,0.0,1.95
875,1.222,0.0,0.0,0.0,0.0,1.95
876,1.222,0.0,0.0,0.0,0.0,1.95
877,1.2225,0.5,0.1,0.0,0.0015,1.95
878,1.222,0.0,0.0,0.0,0.0,1.95
879,1.2225,0.5,0.1,0.0,0.0015,1.95
880,1.2225,0.5,0.1,0.0,0.0015,1.95
881,1.2225,0.5,0.1,0.0,0.0015,1.95
882,1.222,0.0,0.0,0.0,0.0,1.95
883,1.222,0.0,0.0,0.0,0.0,1.95
884,1.222,0.0,0.0,0.0,0.0,1.95
885,1.2225,0.5,0.1,0.0,0.0015,1.95
886,1.2225,0.5,0.1,0.0,0.0015,1.95
887,1.2225,0.5,0.1,0.0,0.0015,1.95
888,1.222,0.0,0.0,0.0,0.0,1.95
889,1.222,0.0,0.0,0.0,0.0,1.95
890,1.222,0.0,0.0,0.0,0.0,1.95
891,1.222,0.0,0.0,0.0,0.0,1.95
892,1.2225,0.5,0.1,0.0,0.0015,1.95
893,1.2225,0.5,0.1,0.0,0.0015,1.95
894,1.222,0.0,0.0,0.0,0.0,1.95
895,1.2225,0.5,0.1,0.0,0.0015,1.95
896,1.222,0.0,0.0,0.0,0.0,1.95
897,1.222,0.0,0.0,0.0,0.0,1.95
898,1.222,0.0,0.0,0.0,0.0,1.95
899,1.2225,0.5,0.1,0.0,0.0015,1.95
900,1.222,0.0,0.0,0.0,0.0,1.95
901,1.2225,0.5,0.1,0.0,0.0015,1.95
902,1.222,0.0,0.0,0.0,0.0,1.95
903,1.222,0.0,0.0,0.0,0.0,1.95
904,1.2225,0.5,0.1,0.0,0.0015,1.95
905,1.222,0.0,0.0,0.0,0.0,1.95
906,1.2225,0.5,0.1,0.0,0.0015,1.95
907,1.222,0.0,0.0,0.0,0.0,1.95
908,1.2225,0.5,0.1,0.0,0.0015,1.95
909,1.2225,0.5,0.1,0.0,0.0015,1.95
910,1.2225,0.5,0.1,0.0,0.0015,1.95
911,1.2225,0.5,0.1,0.0,0.0015,1.95
912,1.2225,0.5,0.1,0.0,0.0015,1.95
913,1.2225,0.5,0.1,0.0,0.0015,1.95
914,1.2225,0.5,0.1,0.0,0.0015,1.95
915,1.2225,0.5,0.1,0.0,0.0015,1.95
916,1.222,0.0,0.0,0.0,0.0,1.95
917,1.2225,0.5,0.1,0.0,0.0015,1.95
918,1.2225,0.5,0.1,0.0,0.0015,1.95
919,1.222,0.0,0.0,0.0,0.0,1.95
920,1.2225,0.5,0.1,0.0,0.0015,1.95
921,1.222,0.0,0.0,0.0,0.0,1.95
922,1.2225,0.5,0.1,0.0,0.0015,1.95
923,1.2225,0.5,0.1,0.0,0.0015,1.95
924,1.222,0.0,0.0,0.0,0.0,1.95
925,1.2225,0.5,0.1,0.0,0.0015,1.95
926,1.222,0.0,0.0,0.0,0.0,1.95
927,1.222,0.0,0.0,0.0,0.0,1.95
928,1.222,0.0,0.0,0.0,0.0,1.95
929,1.222,0.0,0.0,0.0,0.0,1.95
930,1.2225,0.5,0.1,0.0,0.0015,1.95
931,1.222,0.0,0.0,0.0,0.0,1.95
932,1.222,0.0,0.0,0.0,0.0,1.95
933,1.222,0.0,0.0,0.0,0.0,1.95
934,1.2225,0.5,0.1,0.0,0.0015,1.95
935,1.2225,0.5,0.1,0.0,0.0015,1.95
936,1.2225,0.5,0.1,0.0,0.0015,1.95
937,1.222,0.0,0.0,0.0,0.0,1.95
938,1.2225,0.5,0.1,0.0,0.0015,1.95
939,1.2225,0.5,0.1,0.0,0.0015,1.95
940,1.2225,0.5,0.1,0.0,0.0015,1.95
941,1.2225,0.5,0.1,0.0,0.0015,1.95
942,1.222,0.0,0.0,0.0,0.0,1.95
943,1.2225,0.5,0.1,0.0,0.0015,1.95
944,1.222,0.0,0.0,0.0,0.0,1.95
945,1.2225,0.5,0.1,0.0,0.0015,1.95
946,1.2225,0.5,0.1,0.0,0.0015,1.95
947,1.2225,0.5,0.1,0.0,0.0015,1.95
948,1.222,0.0,0.0,0.0,0.0,1.95
949,1.2225,0.5,0.1,0.0,0.0015,1.95
950,1.2225,0.5,0.1,0.0,0.0015,1.95
951,1.222,0.0,0.0,0.0,0.0,1.95
952,1.2225,0.5,0.1,0.0,0.0015,1.95
953,1.2225,0.5,0.1,0.0,0.0015,1.95
954,1.222,0.0,0.0,0.0,0.0,1.95
955,1.222,0.0,0.0,0.0,0.0,1.95
956,1.2225,0.5,0.1,0.0,0.0015,1.95
957,1.2225,0.5,0.1,0.0,0.0015,1.95
958,1.2225,0.5,0.1,0.0,0.0015,1.95
959,1.2225,0.5,0.1,0.0,0.0015,1.95
960,1.222,0.0,0.0,0.0,0.0,1.95
961,1.222,0.0,0.0,0.0,0.0,1.95
962,1.2225,0.5,0.1,0.0,0.0015,1.95
963,1.222,0.0,0.0,0.0,0.0,1.95
964,1.222,0.0,0.0,0.0,0.0,1.95
965,1.2225,0.5,0.1,0.0,0.0015,1.95
966,1.222,0.0,0.0,0.0,0.0,1.95
967,1.2225,0.5,0.1,0.0,0.0015,1.95
968,1.2225,0.5,0.1,0.0,0.0015,1.95
969,1.222,0.0,0.0,0.0,0.0,1.95
970,1.222,0.0,0.0,0.0,0.0,1.95
971,1.222,0.0,0.0,0.0,0.0,1.95
972,1.222,0.0,0.0,0.0,0.0,1.95
973,1.2225,0.5,0.1,0.0,0.0015,1.95
974,1.222,0.0,0.0,0.0,0.0,1.95
975,1.222,0.0,0.0,0.0,0.0,1.95
976,1.2225,0.5,0.1,0.0,0.0015,1.95
977,1.222,0.0,0.0,0.0,0.0,1.95
978,1.222,0.0,0.0,0.0,0.0,1.95
979,1.2225,0.5,0.1,0.0,0.0015,1.95
980,1.2225,0.5,0.1,0.0,0.0015,1.95
981,1.222,0.0,0.0,0.0,0.0,1.95
982,1.222,0.0,0.0,0.0,0.0,1.95
983,1.2225,0.5,0.1,0.0,0.0015,1.95
984,1.2225,0.5,0.1,0.0,0.0015,1.95
985,1.2225,0.5,0.1,0.0,0.0015,1.95
986,1.2225,0.5,0.1,0.0,0.0015,1.95
987,1.222,0.0,0.0,0.0,0.0,1.95
988,1.2225,0.5,0.1,0.0,0.0015,1.95
989,1.222,0.0,0.0,0.0,0.0,1.95
990,1.2225,0.5,0.1,0.0,0.0015,1.95
991,1.2225,0.5,0.1,0.0,0.0015,1.95
992,1.2225,0.5,0.1,0.0,0.0015,1.95
993,1.222,0.0,0.0,0.0,0.0,1.95
994,1.222,0.0,0.0,0.0,0.0,1.95
995,1.2225,0.5,0.1,0.0,0.0015,1.95
996,1.222,0.0,0.0,0.0,0.0,1.95
997,1.2225,0.5,0.1,0.0,0.0015,1.95
998,1.2225,0.5,0.1,0.0,0.0015,1.95
999,1.222,0.0,0.0,0.0,0.0,1.95
1000,1.2225,0.5,0.1,0.0,0.0015,1.95
1001,1.222,0.0,0.0,0.0,0.0,1.95
1002,1.2225,0.5,0.1,0.0,0.0015,1.95
1003,1.222,0.0,0.0,0.0,0.0,1.95
1004,1.2225,0.5,0.1,0.0,0.0015,1.95
1005,1.222,0.0,0.0,0.0,0.0,1.95
1006,1.222,0.0,0.0,0.0,0.0,1.95
1007,1.2225,0.5,0.1,0.0,0.0015,1.95
1008,1.2225,0.5,0.1,0.0,0.0015,1.95
1009,1.2225,0.5,0.1,0.0,0.0015,1.95
1010,1.2225,0.5,0.1,0.0,0.0015,1.95
1011,1.2225,0.5,0.1,0.0,0.0015,1.95
1012,1.2225,0.5,0.1,0.0,0.0015,1.95
1013,1.222,0.0,0.0,0.0,0.0,1.95
1014,1.2225,0.5,0.1,0.0,0.0015,1.95
1015,1.2225,0.5,0.1,0.0,0.0015,1.95
1016,1.2225,0.5,0.1,0.0,0.0015,1.95
1017,1.222,0.0,0.0,0.0,0.0,1.95
1018,1.222,0.0,0.0,0.0,0.0,1.95
1019,1.222,0.0,0.0,0.0,0.0,1.95
1020,1.2225,0.5,0.1,0.0,0.0015,1.95
1021,1.222,0.0,0.0,0.0,0.0,1.95
1022,1.2225,0.5,0.1,0.0,0.0015,1.95
1023,1.2225,0.5,0.1,0.0,0.0015,1.95
1024,1.222,0.0,0.0,0.0,0.0,1.95
1025,1.2225,0.5,0.1,0.0,0.0015,1.95
1026,1.222,0.0,0.0,0.0,0.0,1.95
1027,1.222,0.0,0.0,0.0,0.0,1.95
1028,1.2225,0.5,0.1,0.0,0.0015,1.95
1029,1.2225,0.5,0.1,0.0,0.0015,1.95
1030,1.2225,0.5,0.1,0.0,0.0015,1.95
1031,1.222,0.0,0.0,0.0,0.0,1.95
1032,1.222,0.0,0.0,0.0,0.0,1.95
1033,1.2225,0.5,0.1,0.0,0.0015,1.95
1034,1.2225,0.5,0.1,0.0,0.0015,1.95
1035,1.222,0.0,0.0,0.0,0.0,1.95
1036,1.2225,0.5,0.1,0.0,0.0015,1.95
1037,1.222,0.0,0.0,0.0,0.0,1.95
1038,1.222,0.0,0.0,0.0,0.0,1.95
1039,1.222,0.0,0.0,0.0,0.0,1.95
1040,1.2225,0.5,0.1,0.0,0.0015,1.95
1041,1.222,0.0,0.0,0.0,0.0,1.95
1042,1.2225,0.5,0.1,0.0,0.0015,1.95
1043,1.222,0.0,0.0,0.0,0.0,1.95
1044,1.222,0.0,0.0,0.0,0.0,1.95
1045,1.222,0.0,0.0,0.0,0.0,1.95
1046,1.222,0.0,0.0,0.0,0.0,1.95
1047,1.222,0.0,0.0,0.0,0.0,1.95
1048,1.222,0.0,0.0,0.0,0.0,1.95
1049,1.2225,0.5,0.1,0.0,0.0015,1.95
1050,1.2225,0.5,0.1,0.0,0.0015,1.95
1051,1.2225,0.5,0.1,0.0,0.0015,1.95
1052,1.222,0.0,0.0,0.0,0.0,1.95
1053,1.222,0.0,0.0,0.0,0.0,1.95
1054,1.2225,0.5,0.1,0.0,0.0015,1.95
1055,1.222,0.0,0.0,0.0,0.0,1.95
1056,1.222,0.0,0.0,0.0,0.0,1.95
1057,1.2225,0.5,0.1,0.0,0.0015,1.95
1058,1.222,0.0,0.0,0.0,0.0,1.95
1059,1.2225,0.5,0.1,0.0,0.0015,1.95
1060,1.222,0.0,0.0,0.0,0.0,1.95
1061,1.2225,0.5,0.1,0.0,0.0015,1.95
1062,1.222,0.0,0.0,0.0,0.0,1.95
1063,1.2225,0.5,0.1,0.0,0.0015,1.95
1064,1.222,0.0,0.0,0.0,0.0,1.95
1065,1.222,0.0,0.0,0.0,0.0,1.95
1066,1.222,0.0,0.0,0.0,0.0,1.95
1067,1.222,0.0,0.0,0.0,0.0,1.95
1068,1.222,0.0,0.0,0.0,0.0,1.95
1069,1.2225,0.5,0.1,0.0,0.0015,1.95
1070,1.2225,0.5,0.1,0.0,0.0015,1.95
1071,1.222,0.0,0.0,0.0,0.0,1.95
1072,1.222,0.0,0.0,0.0,0.0,1.95
1073,1.2225,0.5,0.1,0.0,0.0015,1.95
1074,1.2225,0.5,0.1,0.0,0.0015,1.95
1075,1.222,0.0,0.0,0.0,0.0,1.95
1076,1.222,0.0,0.0,0.0,0.0,1.95
1077,1.222,0.0,0.0,0.0,0.0,1.95
1,0.022,0.5,0.1,0.02,0.0025,1.95
2,0.022,0.5,0.1,0.02,0.0025,1.95
3,0.022,0.5,0.1,0.02,0.0025,1.95
4,0.022,0.5,0.1,0.02,0.0025,1.95
5,0.022,0.5,0.1,0.02,0.0025,1.95
6,0.022,0.5,0.1,0.02,0.0025,1.95
7,1.222,0.0,0.0,0.0,0.0,1.95
8,1.222,0.0,0.0,0.0,0.0,1.95
9,1.222,0.0,0.0,0.0,0.0,1.95
10,1.222,0.0,0.0,0.0,0.0,1.95
11,1.222,0.0,0.0,0.0,0.0,1.95
12,0.022,0.5,0.1,0.02,0.0025,1.95
13,1.222,0.0,0.0,0.0,0.0,1.95
14,1.222,0.0,0.0,0.0,0.0,1.95
15,0.022,0.5,0.1,0.02,0.0025,1.95
16,0.022,0.5,0.1,0.02,0.0025,1.95
17,0.022,0.5,0.1,0.02,0.0025,1.95
18,0.022,0.5,0.1,0.02,0.0025,1.95
19,0.022,0.5,0.1,0.02,0.0025,1.95
20,1.222,0.0,0.0,0.0,0.0,1.95
21,0.022,0.5,0.1,0.02,0.0025,1.95
22,0.022,0.5,0.1,0.02,0.0025,1.95
23,0.022,0.5,0.1,0.02,0.0025,1.95
24,0.022,0.5,0.1,0.02,0.0025,1.95
25,1.222,0.0,0.0,0.0,0.0,1.95
26,0.022,0.5,0.1,0.02,0.0025,1.95
27,0.022,0.5,0.1,0.02,0.0025,1.95
28,1.222,0.0,0.0,0.0,0.0,1.95
29,1.222,0.0,0.0,0.0,0.0,1.95
30,1.222,0.0,0.0,0.0,0.0,1.95
31,1.222,0.0,0.0,0.0,0.0,1.95
32,1.222,0.0,0.0,0.0,0.0,1.95
33,0.022,0.5,0.1,0.02,0.0025,1.95
34,0.022,0.5,0.1,0.02,0.0025,1.95
35,0.022,0.5,0.1,0.02,0.0025,1.95
36,1.222,0.0,0.0,0.0,0.0,1.95
37,0.022,0.5,0.1,0.02,0.0025,1.95
38,0.022,0.5,0.1,0.02,0.0025,1.95
39,0.022,0.5,0.1,0.02,0.0025,1.95
40,1.222,0.0,0.0,0.0,0.0,1.95
41,0.022,0.5,0.1,0.02,0.0025,1.95
42,0.022,0.5,0.1,0.02,0.0025,1.95
43,1.222,0.0,0.0,0.0,0.0,1.95
44,0.022,0.5,0.1,0.02,0.0025,1.95
45,1.222,0.0,0.0,0.0,0.0,1.95
46,0.022,0.5,0.1,0.02,0.0025,1.95
47,0.022,0.5,0.1,0.02,0.0025,1.95
48,1.222,0.0,0.0,0.0,0.0,1.95
49,1.222,0.0,0.0,0.0,0.0,1.95
50,1.222,0.0,0.0,0.0,0.0,1.95
51,0.022,0.5,0.1,0.02,0.0025,1.95
52,0.022,0.5,0.1,0.02,0.0025,1.95
53,0.022,0.5,0.1,0.02,0.0025,1.95
54,1.222,0.0,0.0,0.0,0.0,1.95
55,1.222,0.0,0.0,0.0,0.0,1.95
56,1.222,0.0,0.0,0.0,0.0,1.95
57,0.022,0.5,0.1,0.02,0.0025,1.95
58,1.222,0.0,0.0,0.0,0.0,1.95
59,0.022,0.5,0.1,0.02,0.0025,1.95
60,0.022,0.5,0.1,0.02,0.0025,1.95
61,0.022,0.5,0.1,0.02,0.0025,1.95
62,0.022,0.5,0.1,0.02,0.0025,1.95
63,1.222,0.0,0.0,0.0,0.0,1.95
64,1.222,0.0,0.0,0.0,0.0,1.95
65,0.022,0.5,0.1,0.02,0.0025,1.95
66,1.222,0.0,0.0,0.0,0.0,1.95
67,0.022,0.5,0.1,0.02,0.0025,1.95
68,0.022,0.5,0.1,0.02,0.0025,1.95
69,1.222,0.0,0.0,0.0,0.0,1.95
70,0.022,0.5,0.1,0.02,0.0025,1.95
71,1.222,0.0,0.0,0.0,0.0,1.95
72,1.222,0.0,0.0,0.0,0.0,1.95
73,0.022,0.5,0.1,0.02,0.0025,1.95
74,0.022,0.5,0.1,0.02,0.0025,1.95
75,0.022,0.5,0.1,0.02,0.0025,1.95
76,1.222,0.0,0.0,0.0,0.0,1.95
77,1.222,0.0,0.0,0.0,0.0,1.95
78,1.222,0.0,0.0,0.0,0.0,1.95
79,0.022,0.5,0.1,0.02,0.0025,1.95
80,0.022,0.5,0.1,0.02,0.0025,1.95
81,0.022,0.5,0.1,0.02,0.0025,1.95
82,0.022,0.5,0.1,0.02,0.0025,1.95
83,0.022,0.5,0.1,0.02,0.0025,1.95
84,1.222,0.0,0.0,0.0,0.0,1.95
85,1.222,0.0,0.0,0.0,0.0,1.95
86,1.222,0.0,0.0,0.0,0.0,1.95
87,1.222,0.0,0.0,0.0,0.0,1.95
88,0.022,0.5,0.1,0.02,0.0025,1.95
89,0.022,0.5,0.1,0.02,0.0025,1.95
90,0.022,0.5,0.1,0.02,0.0025,1.95
91,0.022,0.5,0.1,0.02,0.0025,1.95
92,1.222,0.0,0.0,0.0,0.0,1.95
93,1.222,0.0,0.0,0.0,0.0,1.95
94,0.022,0.5,0.1,0.02,0.0025,1.95
95,0.022,0.5,0.1,0.02,0.0025,1.95
96,1.222,0.0,0.0,0.0,0.0,1.95
97,1.222,0.0,0.0,0.0,0.0,1.95
98,1.222,0.0,0.0,0.0,0.0,1.95
99,0.022,0.5,0.1,0.02,0.0025,1.95
100,1.222,0.0,0.0,0.0,0.0,1.95
101,1.222,0.0,0.0,0.0,0.0,1.95
102,1.222,0.0,0.0,0.0,0.0,1.95
103,1.222,0.0,0.0,0.0,0.0,1.95
104,0.022,0.5,0.1,0.02,0.0025,1.95
105,1.222,0.0,0.0,0.0,0.0,1.95
106,1.222,0.0,0.0,0.0,0.0,1.95
107,1.222,0.0,0.0,0.0,0.0,1.95
108,1.222,0.0,0.0,0.0,0.0,1.95
109,0.022,0.5,0.1,0.02,0.0025,1.95
110,0.022,0.5,0.1,0.02,0.0025,1.95
111,1.222,0.0,0.0,0.0,0.0,1.95
112,0.022,0.5,0.1,0.02,0.0025,1.95
113,1.222,0.0,0.0,0.0,0.0,1.95
114,1.222,0.0,0.0,0.0,0.0,1.95
115,0.022,0.5,0.1,0.02,0.0025,1.95
116,0.022,0.5,0.1,0.02,0.0025,1.95
117,0.022,0.5,0.1,0.02,0.0025,1.95
118,1.222,0.0,0.0,0.0,0.0,1.95
119,0.022,0.5,0.1,0.02,0.0025,1.95
120,1.222,0.0,0.0,0.0,0.0,1.95
121,1.222,0.0,0.0,0.0,0.0,1.95
122,0.022,0.5,0.1,0.02,0.0025,1.95
123,1.222,0.0,0.0,0.0,0.0,1.95
124,0.022,0.5,0.1,0.02,0.0025,1.95
125,0.022,0.5,0.1,0.02,0.0025,1.95
126,0.022,0.5,0.1,0.02,0.0025,1.95
127,1.222,0.0,0.0,0.0,0.0,1.95
128,0.022,0.5,0.1,0.02,0.0025,1.95
129,1.222,0.0,0.0,0.0,0.0,1.95
130,0.022,0.5,0.1,0.02,0.0025,1.95
131,0.022,0.5,0.1,0.02,0.0025,1.95
132,1.222,0.0,0.0,0.0,0.0,1.95
133,1.222,0.0,0.0,0.0,0.0,1.95
134,1.222,0.0,0.0,0.0,0.0,1.95
135,1.222,0.0,0.0,0.0,0.0,1.95
136,1.222,0.0,0.0,0.0,0.0,1.95
137,1.222,0.0,0.0,0.0,0.0,1.95
138,1.222,0.0,0.0,0.0,0.0,1.95
139,1.222,0.0,0.0,0.0,0.0,1.95
140,0.022,0.5,0.1,0.02,0.0025,1.95
141,0.022,0.5,0.1,0.02,0.0025,1.95
142,1.222,0.0,0.0,0.0,0.0,1.95
143,1.222,0.0,0.0,0.0,0.0,1.95
144,0.022,0.5,0.1,0.02,0.0025,1.95
145,1.222,0.0,0.0,0.0,0.0,1.95
146,1.222,0.0,0.0,0.0,0.0,1.95
147,1.222,0.0,0.0,0.0,0.0,1.95
148,0.022,0.5,0.1,0.02,0.0025,1.95
149,1.222,0.0,0.0,0.0,0.0,1.95
150,1.222,0.0,0.0,0.0,0.0,1.95
151,1.2225,0.5,0.1,0.0,0.0015,1.95
152,1.2225,0.5,0.1,0.0,0.0015,1.95
153,1.2225,0.5,0.1,0.0,0.0015,1.95
154,1.222,0.0,0.0,0.0,0.0,1.95
155,1.222,0.0,0.0,0.0,0.0,1.95
156,1.222,0.0,0.0,0.0,0.0,1.95
157,1.222,0.0,0.0,0.0,0.0,1.95
158,0.022,0.5,0.1,0.02,0.0025,1.95
159,1.222,0.0,0.0,0.0,0.0,1.95
160,1.222,0.0,0.0,0.0,0.0,1.95
161,1.222,0.0,0.0,0.0,0.0,1.95
162,1.2225,0.5,0.1,0.0,0.0015,1.95
163,1.2225,0.5,0.1,0.0,0.0015,1.95
164,1.2225,0.5,0.1,0.0,0.0015,1.95
165,1.222,0.0,0.0,0.0,0.0,1.95
166,1.2225,0.5,0.1,0.0,0.0015,1.95
167,1.2225,0.5,0.1,0.0,0.0015,1.95
168,1.222,0.0,0.0,0.0,0.0,1.95
169,1.2225,0.5,0.1,0.0,0.0015,1.95
170,1.222,0.0,0.0,0.0,0.0,1.95
171,1.2225,0.5,0.1,0.0,0.0015,1.95
172,1.2225,0.5,0.1,0.0,0.0015,1.95
173,1.222,0.0,0.0,0.0,0.0,1.95
174,1.2225,0.5,0.1,0.0,0.0015,1.95
175,1.2225,0.5,0.1,0.0,0.0015,1.95
176,1.2225,0.5,0.1,0.0,0.0015,1.95
177,1.2225,0.5,0.1,0.0,0.0015,1.95
178,1.2225,0.5,0.1,0.0,0.0015,1.95
179,1.2225,0.5,0.1,0.0,0.0015,1.95
180,1.222,0.0,0.0,0.0,0.0,1.95
181,1.222,0.0,0.0,0.0,0.0,1.95
182,1.222,0.0,0.0,0.0,0.0,1.95
183,1.222,0.0,0.0,0.0,0.0,1.95
184,1.222,0.0,0.0,0.0,0.0,1.95
185,1.222,0.0,0.0,0.0,0.0,1.95
186,1.2225,0.5,0.1,0.0,0.0015,1.95
187,1.222,0.0,0.0,0.0,0.0,1.95
188,1.222,0.0,0.0,0.0,0.0,1.95
189,1.2225,0.5,0.1,0.0,0.0015,1.95
190,1.2225,0.5,0.1,0.0,0.0015,1.95
191,1.222,0.0,0.0,0.0,0.0,1.95
192,1.222,0.0,0.0,0.0,0.0,1.95
193,1.2225,0.5,0.1,0.0,0.0015,1.95
194,1.222,0.0,0.0,0.0,0.0,1.95
195,1.2225,0.5,0.1,0.0,0.0015,1.95
196,1.2225,0.5,0.1,0.0,0.0015,1.95
197,1.222,0.0,0.0,0.0,0.0,1.95
198,1.222,0.0,0.0,0.0,0.0,1.95
199,1.222,0.0,0.0,0.0,0.0,1.95
200,1.2225,0.5,0.1,0.0,0.0015,1.95
201,1.2225,0.5,0.1,0.0,0.0015,1.95
202,1.222,0.0,0.0,0.0,0.0,1.95
203,1.2225,0.5,0.1,0.0,0.0015,1.95
204,1.2225,0.5,0.1,0.0,0.0015,1.95
205,1.222,0.0,0.0,0.0,0.0,1.95
206,1.2225,0.5,0.1,0.0,0.0015,1.95
207,1.2225,0.5,0.1,0.0,0.0015,1.95
208,1.222,0.0,0.0,0.0,0.0,1.95
209,1.222,0.0,0.0,0.0,0.0,1.95
210,1.2225,0.5,0.1,0.0,0.0015,1.95
211,1.222,0.0,0.0,0.0,0.0,1.95
212,1.2225,0.5,0.1,0.0,0.0015,1.95
213,1.222,0.0,0.0,0.0,0.0,1.95
214,1.222,0.0,0.0,0.0,0.0,1.95
215,1.222,0.0,0.0,0.0,0.0,1.95
216,1.2225,0.5,0.1,0.0,0.0015,1.95
217,1.222,0.0,0.0,0.0,0.0,1.95
218,1.222,0.0,0.0,0.0,0.0,1.95
219,1.222,0.0,0.0,0.0,0.0,1.95
220,1.2225,0.5,0.1,0.0,0.0015,1.95
221,1.222,0.0,0.0,0.0,0.0,1.95
222,1.2225,0.5,0.1,0.0,0.0015,1.95
223,1.222,0.0,0.0,0.0,0.0,1.95
224,1.222,0.0,0.0,0.0,0.0,1.95
225,1.222,0.0,0.0,0.0,0.0,1.95
226,1.222,0.0,0.0,0.0,0.0,1.95
227,1.222,0.0,0.0,0.0,0.0,1.95
228,1.222,0.0,0.0,0.0,0.0,1.95
229,1.2225,0.5,0.1,0.0,0.0015,1.95
230,1.222,0.0,0.0,0.0,0.0,1.95
231,1.2225,0.5,0.1,0.0,0.0015,1.95
232,1.222,0.0,0.0,0.0,0.0,1.95
233,1.222,0.0,0.0,0.0,0.0,1.95
234,1.2225,0.5,0.1,0.0,0.0015,1.95
235,1.222,0.0,0.0,0.0,0.0,1.95
236,1.222,0.0,0.0,0.0,0.0,1.95
237,1.222,0.0,0.0,0.0,0.0,1.95
238,1.222,0.0,0.0,0.0,0.0,1.95
239,1.2225,0.5,0.1,0.0,0.0015,1.95
240,1.2225,0.5,0.1,0.0,0.0015,1.95
241,1.2225,0.5,0.1,0.0,0.0015,1.95
242,1.222,0.0,0.0,0.0,0.0,1.95
243,1.2225,0.5,0.1,0.0,0.0015,1.95
244,1.222,0.0,0.0,0.0,0.0,1.95
245,1.222,0.0,0.0,0.0,0.0,1.95
246,1.2225,0.5,0.1,0.0,0.0015,1.95
247,1.2225,0.5,0.1,0.0,0.0015,1.95
248,1.2225,0.5,0.1,0.0,0.0015,1.95
249,1.222,0.0,0.0,0.0,0.0,1.95
250,1.2225,0.5,0.1,0.0,0.0015,1.95
251,1.222,0.0,0.0,0.0,0.0,1.95
252,1.2225,0.5,0.1,0.0,0.0015,1.95
253,1.2225,0.5,0.1,0.0,0.0015,1.95
254,1.222,0.0,0.0,0.0,0.0,1.95
255,1.222,0.0,0.0,0.0,0.0,1.95
256,1.222,0.0,0.0,0.0,0.0,1.95
257,1.222,0.0,0.0,0.0,0.0,1.95
258,1.2225,0.5,0.1,0.0,0.0015,1.95
259,1.2225,0.5,0.1,0.0,0.0015,1.95
260,1.2225,0.5,0.1,0.0,0.0015,1.95
261,1.2225,0.5,0.1,0.0,0.0015,1.95
262,1.2225,0.5,0.1,0.0,0.0015,1.95
263,1.222,0.0,0.0,0.0,0.0,1.95
264,1.2225,0.5,0.1,0.0,0.0015,1.95
265,1.2225,0.5,0.1,0.0,0.0015,1.95
266,1.2225,0.5,0.1,0.0,0.0015,1.95
267,1.2225,0.5,0.1,0.0,0.0015,1.95
268,1.2225,0.5,0.1,0.0,0.0015,1.95
269,1.2225,0.5,0.1,0.0,0.0015,1.95
270,1.222,0.0,0.0,0.0,0.0,1.95
271,1.222,0.0,0.0,0.0,0.0,1.95
272,1.2225,0.5,0.1,0.0,0.0015,1.95
273,1.222,0.0,0.0,0.0,0.0,1.95
274,1.222,0.0,0.0,0.0,0.0,1.95
275,1.2225,0.5,0.1,0.0,0.0015,1.95
276,1.222,0.0,0.0,0.0,0.0,1.95
277,1.222,0.0,0.0,0.0,0.0,1.95
278,1.222,0.0,0.0,0.0,0.0,1.95
279,1.222,0.0,0.0,0.0,0.0,1.95
280,1.222,0.0,0.0,0.0,0.0,1.95
281,1.222,0.0,0.0,0.0,0.0,1.95
282,1.222,0.0,0.0,0.0,0.0,1.95
283,1.2225,0.5,0.1,0.0,0.0015,1.95
284,1.222,0.0,0.0,0.0,0.0,1.95
285,1.2225,0.5,0.1,0.0,0.0015,1.95
286,1.2225,0.5,0.1,0.0,0.0015,1.95
287,1.222,0.0,0.0,0.0,0.0,1.95
288,1.222,0.0,0.0,0.0,0.0,1.95
289,1.222,0.0,0.0,0.0,0.0,1.95
290,1.2225,0.5,0.1,0.0,0.0015,1.95
291,1.222,0.0,0.0,0.0,0.0,1.95
292,1.222,0.0,0.0,0.0,0.0,1.95
293,1.2225,0.5,0.1,0.0,0.0015,1.95
294,1.2225,0.5,0.1,0.0,0.0015,1.95
295,1.222,0.0,0.0,0.0,0.0,1.95
296,1.2225,0.5,0.1,0.0,0.0015,1.95
297,1.222,0.0,0.0,0.0,0.0,1.95
298,1.2225,0.5,0.1,0.0,0.0015,1.95
299,1.222,0.0,0.0,0.0,0.0,1.95
300,1.222,0.0,0.0,0.0,0.0,1.95
301,1.2225,0.5,0.1,0.0,0.0015,1.95
302,1.2225,0.5,0.1,0.0,0.0015,1.95
303,1.222,0.0,0.0,0.0,0.0,1.95
304,1.2225,0.5,0.1,0.0,0.0015,1.95
305,1.2225,0.5,0.1,0.0,0.0015,1.95
306,1.2225,0.5,0.1,0.0,0.0015,1.95
307,1.2225,0.5,0.1,0.0,0.0015,1.95
308,1.2225,0.5,0.1,0.0,0.0015,1.95
309,1.2225,0.5,0.1,0.0,0.0015,1.95
310,1.222,0.0,0.0,0.0,0.0,1.95
311,1.222,0.0,0.0,0.0,0.0,1.95
312,1.2225,0.5,0.1,0.0,0.0015,1.95
313,1.2225,0.5,0.1,0.0,0.0015,1.95
314,1.222,0.0,0.0,0.0,0.0,1.95
315,1.2225,0.5,0.1,0.0,0.0015,1.95
316,1.222,0.0,0.0,0.0,0.0,1.95
317,1.2225,0.5,0.1,0.0,0.0015,1.95
318,1.2225,0.5,0.1,0.0,0.0015,1.95
319,1.2225,0.5,0.1,0.0,0.0015,1.95
320,1.222,0.0,0.0,0.0,0.0,1.95
321,1.222,0.0,0.0,0.0,0.0,1.95
322,1.222,0.0,0.0,0.0,0.0,1.95
323,1.222,0.0,0.0,0.0,0.0,1.95
324,1.222,0.0,0.0,0.0,0.0,1.95
325,1.222,0.0,0.0,0.0,0.0,1.95
326,1.2225,0.5,0.1,0.0,0.0015,1.95
327,1.222,0.0,0.0,0.0,0.0,1.95
328,1.2225,0.5,0.1,0.0,0.0015,1.95
329,1.222,0.0,0.0,0.0,0.0,1.95
330,1.2225,0.5,0.1,0.0,0.0015,1.95
331,1.2225,0.5,0.1,0.0,0.0015,1.95
332,1.222,0.0,0.0,0.0,0.0,1.95
333,1.222,0.0,0.0,0.0,0.0,1.95
334,1.2225,0.5,0.1,0.0,0.0015,1.95
335,1.222,0.0,0.0,0.0,0.0,1.95
336,1.2225,0.5,0.1,0.0,0.0015,1.95
337,1.2225,0.5,0.1,0.0,0.0015,1.95
338,1.2225,0.5,0.1,0.0,0.0015,1.95
339,1.2225,0.5,0.1,0.0,0.0015,1.95
340,1.2225,0.5,0.1,0.0,0.0015,1.95
341,1.2225,0.5,0.1,0.0,0.0015,1.95
342,1.222,0.0,0.0,0.0,0.0,1.95
343,1.222,0.0,0.0,0.0,0.0,1.95
344,1.2225,0.5,0.1,0.0,0.0015,1.95
345,1.222,0.0,0.0,0.0,0.0,1.95
346,1.2225,0.5,0.1,0.0,0.0015,1.95
347,1.222,0.0,0.0,0.0,0.0,1.95
348,1.222,0.0,0.0,0.0,0.0,1.95
349,1.222,0.0,0.0,0.0,0.0,1.95
350,1.2225,0.5,0.1,0.0,0.0015,1.95
351,1.222,0.0,0.0,0.0,0.0,1.95
352,1.2225,0.5,0.1,0.0,0.0015,1.95
353,1.2225,0.5,0.1,0.0,0.0015,1.95
354,1.2225,0.5,0.1,0.0,0.0015,1.95
355,1.222,0.0,0.0,0.0,0.0,1.95
356,1.2225,0.5,0.1,0.0,0.0015,1.95
357,1.2225,0.5,0.1,0.0,0.0015,1.95
358,1.222,0.0,0.0,0.0,0.0,1.95
359,1.2225,0.5,0.1,0.0,0.0015,1.95
360,1.222,0.0,0.0,0.0,0.0,1.95
361,1.2225,0.5,0.1,0.0,0.0015,1.95
362,1.222,0.0,0.0,0.0,0.0,1.95
363,1.2225,0.5,0.1,0.0,0.0015,1.95
364,1.222,0.0,0.0,0.0,0.0,1.95
365,1.2225,0.5,0.1,0.0,0.0015,1.95
366,1.2225,0.5,0.1,0.0,0.0015,1.95
367,1.222,0.0,0.0,0.0,0.0,1.95
368,1.222,0.0,0.0,0.0,0.0,1.95
369,1.2225,0.5,0.1,0.0,0.0015,1.95
370,1.2225,0.5,0.1,0.0,0.0015,1.95
371,1.222,0.0,0.0,0.0,0.0,1.95
372,1.2225,0.5,0.1,0.0,0.0015,1.95
373,1.2225,0.5,0.1,0.0,0.0015,1.95
374,1.2225,0.5,0.1,0.0,0.0015,1.95
375,1.2225,0.5,0.1,0.0,0.0015,1.95
376,1.2225,0.5,0.1,0.0,0.0015,1.95
377,1.2225,0.5,0.1,0.0,0.0015,1.95
378,1.2225,0.5,0.1,0.0,0.0015,1.95
379,1.222,0.0,0.0,0.0,0.0,1.95
380,1.222,0.0,0.0,0.0,0.0,1.95
381,1.2225,0.5,0.1,0.0,0.0015,1.95
382,1.2225,0.5,0.1,0.0,0.0015,1.95
383,1.222,0.0,0.0,0.0,0.0,1.95
384,1.2225,0.5,0.1,0.0,0.0015,1.95
385,1.2225,0.5,0.1,0.0,0.0015,1.95
386,1.2225,0.5,0.1,0.0,0.0015,1.95
387,1.222,0.0,0.0,0.0,0.0,1.95
388,1.222,0.0,0.0,0.0,0.0,1.95
389,1.222,0.0,0.0,0.0,0.0,1.95
390,1.2225,0.5,0.1,0.0,0.0015,1.95
391,1.2225,0.5,0.1,0.0,0.0015,1.95
392,1.222,0.0,0.0,0.0,0.0,1.95
393,1.222,0.0,0.0,0.0,0.0,1.95
394,1.2225,0.5,0.1,0.0,0.0015,1.95
395,1.222,0.0,0.0,0.0,0.0,1.95
396,1.2225,0.5,0.1,0.0,0.0015,1.95
397,1.222,0.0,0.0,0.0,0.0,1.95
398,1.2225,0.5,0.1,0.0,0.0015,1.95
399,1.222,0.0,0.0,0.0,0.0,1.95
400,1.2225,0.5,0.1,0.0,0.0015,1.95
401,1.2225,0.5,0.1,0.0,0.0015,1.95
402,1.2225,0.5,0.1,0.0,0.0015,1.95
403,1.222,0.0,0.0,0.0,0.0,1.95
404,1.2225,0.5,0.1,0.0,0.0015,1.95
405,1.2225,0.5,0.1,0.0,0.0015,1.95
406,1.2225,0.5,0.1,0.0,0.0015,1.95
407,1.222,0.0,0.0,0.0,0.0,1.95
408,1.2225,0.5,0.1,0.0,0.0015,1.95
409,1.222,0.0,0.0,0.0,0.0,1.95
410,1.2225,0.5,0.1,0.0,0.0015,1.95
411,1.222,0.0,0.0,0.0,0.0,1.95
412,1.2225,0.5,0.1,0.0,0.0015,1.95
413,1.2225,0.5,0.1,0.0,0.0015,1.95
414,1.2225,0.5,0.1,0.0,0.0015,1.95
415,1.222,0.0,0.0,0.0,0.0,1.95
416,1.2225,0.5,0.1,0.0,0.0015,1.95
417,1.222,0.0,0.0,0.0,0.0,1.95
418,1.222,0.0,0.0,0.0,0.0,1.95
419,1.222,0.0,0.0,0.0,0.0,1.95
420,1.2225,0.5,0.1,0.0,0.0015,1.95
421,1.2225,0.5,0.1,0.0,0.0015,1.95
422,1.2225,0.5,0.1,0.0,0.0015,1.95
423,1.2225,0.5,0.1,0.0,0.0015,1.95
424,1.2225,0.5,0.1,0.0,0.0015,1.95
425,1.222,0.0,0.0,0.0,0.0,1.95
426,1.222,0.0,0.0,0.0,0.0,1.95
427,1.2225,0.5,0.1,0.0,0.0015,1.95
428,1.222,0.0,0.0,0.0,0.0,1.95
429,1.222,0.0,0.0,0.0,0.0,1.95
430,1.222,0.0,0.0,0.0,0.0,1.95
431,1.2225,0.5,0.1,0.0,0.0015,1.95
432,1.2225,0.5,0.1,0.0,0.0015,1.95
433,1.222,0.0,0.0,0.0,0.0,1.95
434,1.2225,0.5,0.1,0.0,0.0015,1.95
435,1.222,0.0,0.0,0.0,0.0,1.95
436,1.2225,0.5,0.1,0.0,0.0015,1.95
437,1.222,0.0,0.0,0.0,0.0,1.95
438,1.222,0.0,0.0,0.0,0.0,1.95
439,1.222,0.0,0.0,0.0,0.0,1.95
440,1.2225,0.5,0.1,0.0,0.0015,1.95
441,1.2225,0.5,0.1,0.0,0.0015,1.95
442,1.2225,0.5,0.1,0.0,0.0015,1.95
443,1.222,0.0,0.0,0.0,0.0,1.95
444,1.222,0.0,0.0,0.0,0.0,1.95
445,1.2225,0.5,0.1,0.0,0.0015,1.95
446,1.2225,0.5,0.1,0.0,0.0015,1.95
447,1.2225,0.5,0.1,0.0,0.0015,1.95
448,1.2225,0.5,0.1,0.0,0.0015,1.95
449,1.222,0.0,0.0,0.0,0.0,1.95
450,1.2225,0.5,0.1,0.0,0.0015,1.95
451,1.222,0.0,0.0,0.0,0.0,1.95
452,1.2225,0.5,0.1,0.0,0.0015,1.95
453,1.222,0.0,0.0,0.0,0.0,1.95
454,1.2225,0.5,0.1,0.0,0.0015,1.95
455,1.222,0.0,0.0,0.0,0.0,1.95
456,1.222,0.0,0.0,0.0,0.0,1.95
457,1.222,0.0,0.0,0.0,0.0,1.95
458,1.2225,0.5,0.1,0.0,0.0015,1.95
459,1.2225,0.5,0.1,0.0,0.0015,1.95
460,1.2225,0.5,0.1,0.0,0.0015,1.95
461,1.2225,0.5,0.1,0.0,0.0015,1.95
462,1.222,0.0,0.0,0.0,0.0,1.95
463,1.2225,0.5,0.1,0.0,0.0015,1.95
464,1.2225,0.5,0.1,0.0,0.0015,1.95
465,1.2225,0.5,0.1,0.0,0.0015,1.95
466,1.2225,0.5,0.1,0.0,0.0015,1.95
467,1.2225,0.5,0.1,0.0,0.0015,1.95
468,1.222,0.0,0.0,0.0,0.0,1.95
469,1.2225,0.5,0.1,0.0,0.0015,1.95
470,1.2225,0.5,0.1,0.0,0.0015,1.95
471,1.222,0.0,0.0,0.0,0.0,1.95
472,1.222,0.0,0.0,0.0,0.0,1.95
473,1.222,0.0,0.0,0.0,0.0,1.95
474,1.2225,0.5,0.1,0.0,0.0015,1.95
475,1.2225,0.5,0.1,0.0,0.0015,1.95
476,1.222,0.0,0.0,0.0,0.0,1.95
477,1.2225,0.5,0.1,0.0,0.0015,1.95
478,1.2225,0.5,0.1,0.0,0.0015,1.95
479,1.222,0.0,0.0,0.0,0.0,1.95
480,1.2225,0.5,0.1,0.0,0.0015,1.95
481,1.2225,0.5,0.1,0.0,0.0015,1.95
482,1.222,0.0,0.0,0.0,0.0,1.95
483,1.2225,0.5,0.1,0.0,0.0015,1.95
484,1.2225,0.5,0.1,0.0,0.0015,1.95
485,1.222,0.0,0.0,0.0,0.0,1.95
486,1.222,0.0,0.0,0.0,0.0,1.95
487,1.222,0.0,0.0,0.0,0.0,1.95
488,1.2225,0.5,0.1,0.0,0.0015,1.95
489,1.222,0.0,0.0,0.0,0.0,1.95
490,1.222,0.0,0.0,0.0,0.0,1.95
491,1.222,0.0,0.0,0.0,0.0,1.95
492,1.222,0.0,0.0,0.0,0.0,1.95
493,1.2225,0.5,0.1,0.0,0.0015,1.95
494,1.222,0.0,0.0,0.0,0.0,1.95
495,1.2225,0.5,0.1,0.0,0.0015,1.95
496,1.2225,0.5,0.1,0.0,0.0015,1.95
497,1.222,0.0,0.0,0.0,0.0,1.95
498,1.2225,0.5,0.1,0.0,0.0015,1.95
499,1.222,0.0,0.0,0.0,0.0,1.95
500,1.222,0.0,0.0,0.0,0.0,1.95
501,1.2225,0.5,0.1,0.0,0.0015,1.95
502,1.222,0.0,0.0,0.0,0.0,1.95
503,1.2225,0.5,0.1,0.0,0.0015,1.95
504,1.2225,0.5,0.1,0.0,0.0015,1.95
505,1.222,0.0,0.0,0.0,0.0,1.95
506,1.222,0.0,0.0,0.0,0.0,1.95
507,1.222,0.0,0.0,0.0,0.0,1.95
508,1.222,0.0,0.0,0.0,0.0,1.95
509,1.2225,0.5,0.1,0.0,0.0015,1.95
510,1.222,0.0,0.0,0.0,0.0,1.95
511,1.222,0.0,0.0,0.0,0.0,1.95
512,1.222,0.0,0.0,0.0,0.0,1.95
513,1.222,0.0,0.0,0.0,0.0,1.95
514,1.2225,0.5,0.1,0.0,0.0015,1.95
515,1.222,0.0,0.0,0.0,0.0,1.95
516,1.222,0.0,0.0,0.0,0.0,1.95
517,1.2225,0.5,0.1,0.0,0.0015,1.95
518,1.222,0.0,0.0,0.0,0.0,1.95
519,1.2225,0.5,0.1,0.0,0.0015,1.95
520,1.222,0.0,0.0,0.0,0.0,1.95
521,1.2225,0.5,0.1,0.0,0.0015,1.95
522,1.222,0.0,0.0,0.0,0.0,1.95
523,1.222,0.0,0.0,0.0,0.0,1.95
524,1.222,0.0,0.0,0.0,0.0,1.95
525,1.222,0.0,0.0,0.0,0.0,1.95
526,1.2225,0.5,0.1,0.0,0.0015,1.95
527,1.2225,0.5,0.1,0.0,0.0015,1.95
528,1.2225,0.5,0.1,0.0,0.0015,1.95
529,1.222,0.0,0.0,0.0,0.0,1.95
530,1.2225,0.5,0.1,0.0,0.0015,1.95
531,1.222,0.0,0.0,0.0,0.0,1.95
532,1.2225,0.5,0.1,0.0,0.0015,1.95
533,1.2225,0.5,0.1,0.0,0.0015,1.95
534,1.2225,0.5,0.1,0.0,0.0015,1.95
535,1.2225,0.5,0.1,0.0,0.0015,1.95
536,1.222,0.0,0.0,0.0,0.0,1.95
537,1.2225,0.5,0.1,0.0,0.0015,1.95
538,1.2225,0.5,0.1,0.0,0.0015,1.95
539,1.2225,0.5,0.1,0.0,0.0015,1.95
540,1.222,0.0,0.0,0.0,0.0,1.95
541,1.2225,0.5,0.1,0.0,0.0015,1.95
542,1.2225,0.5,0.1,0.0,0.0015,1.95
543,1.222,0.0,0.0,0.0,0.0,1.95
544,1.2225,0.5,0.1,0.0,0.0015,1.95
545,1.222,0.0,0.0,0.0,0.0,1.95
546,1.2225,0.5,0.1,0.0,0.0015,1.95
547,1.2225,0.5,0.1,0.0,0.0015,1.95
548,1.2225,0.5,0.1,0.0,0.0015,1.95
549,1.2225,0.5,0.1,0.0,0.0015,1.95
550,1.2225,0.5,0.1,0.0,0.0015,1.95
551,1.2225,0.5,0.1,0.0,0.0015,1.95
552,1.222,0.0,0.0,0.0,0.0,1.95
553,1.222,0.0,0.0,0.0,0.0,1.95
554,1.222,0.0,0.0,0.0,0.0,1.95
555,1.2225,0.5,0.1,0.0,0.0015,1.95
556,1.222,0.0,0.0,0.0,0.0,1.95
557,1.222,0.0,0.0,0.0,0.0,1.95
558,1.2225,0.5,0.1,0.0,0.0015,1.95
559,1.222,0.0,0.0,0.0,0.0,1.95
560,1.222,0.0,0.0,0.0,0.0,1.95
561,1.2225,0.5,0.1,0.0,0.0015,1.95
562,1.222,0.0,0.0,0.0,0.0,1.95
563,1.222,0.0,0.0,0.0,0.0,1.95
564,1.2225,0.5,0.1,0.0,0.0015,1.95
565,1.222,0.0,0.0,0.0,0.0,1.95
566,1.222,0.0,0.0,0.0,0.0,1.95
567,1.2225,0.5,0.1,0.0,0.0015,1.95
568,1.2225,0.5,0.1,0.0,0.0015,1.95
569,1.2225,0.5,0.1,0.0,0.0015,1.95
570,1.222,0.0,0.0,0.0,0.0,1.95
571,1.222,0.0,0.0,0.0,0.0,1.95
572,1.2225,0.5,0.1,0.0,0.0015,1.95
573,1.222,0.0,0.0,0.0,0.0,1.95
574,1.222,0.0,0.0,0.0,0.0,1.95
575,1.2225,0.5,0.1,0.0,0.0015,1.95
576,1.222,0.0,0.0,0.0,0.0,1.95
577,1.222,0.0,0.0,0.0,0.0,1.95
578,1.2225,0.5,0.1,0.0,0.0015,1.95
579,1.2225,0.5,0.1,0.0,0.0015,1.95
580,1.222,0.0,0.0,0.0,0.0,1.95
581,1.222,0.0,0.0,0.0,0.0,1.95
582,1.2225,0.5,0.1,0.0,0.0015,1.95
583,1.2225,0.5,0.1,0.0,0.0015,1.95
584,1.2225,0.5,0.1,0.0,0.0015,1.95
585,1.2225,0.5,0.1,0.0,0.0015,1.95
586,1.222,0.0,0.0,0.0,0.0,1.95
587,1.2225,0.5,0.1,0.0,0.0015,1.95
588,1.2225,0.5,0.1,0.0,0.0015,1.95
589,1.222,0.0,0.0,0.0,0.0,1.95
590,1.2225,0.5,0.1,0.0,0.0015,1.95
591,1.222,0.0,0.0,0.0,0.0,1.95
592,1.222,0.0,0.0,0.0,0.0,1.95
593,1.222,0.0,0.0,0.0,0.0,1.95
594,1.2225,0.5,0.1,0.0,0.0015,1.95
595,1.222,0.0,0.0,0.0,0.0,1.95
596,1.2225,0.5,0.1,0.0,0.0015,1.95
597,1.222,0.0,0.0,0.0,0.0,1.95
598,1.222,0.0,0.0,0.0,0.0,1.95
599,1.2225,0.5,0.1,0.0,0.0015,1.95
600,1.222,0.0,0.0,0.0,0.0,1.95
601,1.222,0.0,0.0,0.0,0.0,1.95
602,1.2225,0.5,0.1,0.0,0.0015,1.95
603,1.2225,0.5,0.1,0.0,0.0015,1.95
604,1.222,0.0,0.0,0.0,0.0,1.95
605,1.2225,0.5,0.1,0.0,0.0015,1.95
606,1.2225,0.5,0.1,0.0,0.0015,1.95
607,1.222,0.0,0.0,0.0,0.0,1.95
608,1.222,0.0,0.0,0.0,0.0,1.95
609,1.222,0.0,0.0,0.0,0.0,1.95
610,1.222,0.0,0.0,0.0,0.0,1.95
611,1.2225,0.5,0.1,0.0,0.0015,1.95
612,1.2225,0.5,0.1,0.0,0.0015,1.95
613,1.2225,0.5,0.1,0.0,0.0015,1.95
614,1.222,0.0,0.0,0.0,0.0,1.95
615,1.222,0.0,0.0,0.0,0.0,1.95
616,1.222,0.0,0.0,0.0,0.0,1.95
617,1.222,0.0,0.0,0.0,0.0,1.95
618,1.222,0.0,0.0,0.0,0.0,1.95
619,1.2225,0.5,0.1,0.0,0.0015,1.95
620,1.222,0.0,0.0,0.0,0.0,1.95
621,1.222,0.0,0.0,0.0,0.0,1.95
622,1.2225,0.5,0.1,0.0,0.0015,1.95
623,1.2225,0.5,0.1,0.0,0.0015,1.95
624,1.222,0.0,0.0,0.0,0.0,1.95
625,1.222,0.0,0.0,0.0,0.0,1.95
626,1.222,0.0,0.0,0.0,0.0,1.95
627,1.2225,0.5,0.1,0.0,0.0015,1.95
628,1.2225,0.5,0.1,0.0,0.0015,1.95
629,1.2225,0.5,0.1,0.0,0.0015,1.95
630,1.222,0.0,0.0,0.0,0.0,1.95
631,1.2225,0.5,0.1,0.0,0.0015,1.95
632,1.2225,0.5,0.1,0.0,0.0015,1.95
633,1.2225,0.5,0.1,0.0,0.0015,1.95
634,1.2225,0.5,0.1,0.0,0.0015,1.95
635,1.222,0.0,0.0,0.0,0.0,1.95
636,1.222,0.0,0.0,0.0,0.0,1.95
637,1.2225,0.5,0.1,0.0,0.0015,1.95
638,1.222,0.0,0.0,0.0,0.0,1.95
639,1.222,0.0,0.0,0.0,0.0,1.95
640,1.2225,0.5,0.1,0.0,0.0015,1.95
641,1.222,0.0,0.0,0.0,0.0,1.95
642,1.222,0.0,0.0,0.0,0.0,1.95
643,1.2225,0.5,0.1,0.0,0.0015,1.95
644,1.2225,0.5,0.1,0.0,0.0015,1.95
645,1.2225,0.5,0.1,0.0,0.0015,1.95
646,1.2225,0.5,0.1,0.0,0.0015,1.95
647,1.222,0.0,0.0,0.0,0.0,1.95
648,1.222,0.0,0.0,0.0,0.0,1.95
649,1.222,0.0,0.0,0.0,0.0,1.95
650,1.2225,0.5,0.1,0.0,0.0015,1.95
651,1.2225,0.5,0.1,0.0,0.0015,1.95
652,1.222,0.0,0.0,0.0,0.0,1.95
653,1.2225,0.5,0.1,0.0,0.0015,1.95
654,1.2225,0.5,0.1,0.0,0.0015,1.95
655,1.2225,0.5,0.1,0.0,0.0015,1.95
656,1.2225,0.5,0.1,0.0,0.0015,1.95
657,1.2225,0.5,0.1,0.0,0.0015,1.95
658,1.2225,0.5,0.1,0.0,0.0015,1.95
659,1.2225,0.5,0.1,0.0,0.0015,1.95
660,1.2225,0.5,0.1,0.0,0.0015,1.95
661,1.222,0.0,0.0,0.0,0.0,1.95
662,1.2225,0.5,0.1,0.0,0.0015,1.95
663,1.222,0.0,0.0,0.0,0.0,1.95
664,1.2225,0.5,0.1,0.0,0.0015,1.95
665,1.2225,0.5,0.1,0.0,0.0015,1.95
666,1.222,0.0,0.0,0.0,0.0,1.95
667,1.222,0.0,0.0,0.0,0.0,1.95
668,1.2225,0.5,0.1,0.0,0.0015,1.95
669,1.222,0.0,0.0,0.0,0.0,1.95
670,1.222,0.0,0.0,0.0,0.0,1.95
671,1.222,0.0,0.0,0.0,0.0,1.95
672,1.222,0.0,0.0,0.0,0.0,1.95
673,1.222,0.0,0.0,0.0,0.0,1.95
674,1.2225,0.5,0.1,0.0,0.0015,1.95
675,1.222,0.0,0.0,0.0,0.0,1.95
676,1.2225,0.5,0.1,0.0,0.0015,1.95
677,1.2225,0.5,0.1,0.0,0.0015,1.95
678,1.222,0.0,0.0,0.0,0.0,1.95
679,1.222,0.0,0.0,0.0,0.0,1.95
680,1.2225,0.5,0.1,0.0,0.0015,1.95
681,1.222,0.0,0.0,0.0,0.0,1.95
682,1.2225,0.5,0.1,0.0,0.0015,1.95
683,1.222,0.0,0.0,0.0,0.0,1.95
684,1.2225,0.5,0.1,0.0,0.0015,1.95
685,1.222,0.0,0.0,0.0,0.0,1.95
686,1.2225,0.5,0.1,0.0,0.0015,1.95
687,1.2225,0.5,0.1,0.0,0.0015,1.95
688,1.2225,0.5,0.1,0.0,0.0015,1.95
689,1.222,0.0,0.0,0.0,0.0,1.95
690,1.222,0.0,0.0,0.0,0.0,1.95
691,1.222,0.0,0.0,0.0,0.0,1.95
692,1.222,0.0,0.0,0.0,0.0,1.95
693,1.2225,0.5,0.1,0.0,0.0015,1.95
694,1.2225,0.5,0.1,0.0,0.0015,1.95
695,1.222,0.0,0.0,0.0,0.0,1.95
696,1.222,0.0,0.0,0.0,0.0,1.95
697,1.222,0.0,0.0,0.0,0.0,1.95
698,1.2225,0.5,0.1,0.0,0.0015,1.95
699,1.222,0.0,0.0,0.0,0.0,1.95
700,1.222,0.0,0.0,0.0,0.0,1.95
701,1.2225,0.5,0.1,0.0,0.0015,1.95
702,1.2225,0.5,0.1,0.0,0.0015,1.95
703,1.2225,0.5,0.1,0.0,0.0015,1.95
704,1.222,0.0,0.0,0.0,0.0,1.95
705,1.222,0.0,0.0,0.0,0.0,1.95
706,1.222,0.0,0.0,0.0,0.0,1.95
707,1.2225,0.5,0.1,0.0,0.0015,1.95
708,1.2225,0.5,0.1,0.0,0.0015,1.95
709,1.222,0.0,0.0,0.0,0.0,1.95
710,1.2225,0.5,0.1,0.0,0.0015,1.95
711,1.222,0.0,0.0,0.0,0.0,1.95
712,1.2225,0.5,0.1,0.0,0.0015,1.95
713,1.2225,0.5,0.1,0.0,0.0015,1.95
714,1.222,0.0,0.0,0.0,0.0,1.95
715,1.2225,0.5,0.1,0.0,0.0015,1.95
716,1.2225,0.5,0.1,0.0,0.0015,1.95
717,1.222,0.0,0.0,0.0,0.0,1.95
718,1.2225,0.5,0.1,0.0,0.0015,1.95
719,1.222,0.0,0.0,0.0,0.0,1.95
720,1.2225,0.5,0.1,0.0,0.0015,1.95
721,1.222,0.0,0.0,0.0,0.0,1.95
722,1.222,0.0,0.0,0.0,0.0,1.95
723,1.2225,0.5,0.1,0.0,0.0015,1.95
724,1.222,0.0,0.0,0.0,0.0,1.95
725,1.222,0.0,0.0,0.0,0.0,1.95
726,1.2225,0.5,0.1,0.0,0.0015,1.95
727,1.222,0.0,0.0,0.0,0.0,1.95
728,1.222,0.0,0.0,0.0,0.0,1.95
729,1.222,0.0,0.0,0.0,0.0,1.95
730,1.222,0.0,0.0,0.0,0.0,1.95
731,1.222,0.0,0.0,0.0,0.0,1.95
732,1.2225,0.5,0.1,0.0,0.0015,1.95
733,1.222,0.0,0.0,0.0,0.0,1.95
734,1.2225,0.5,0.1,0.0,0.0015,1.95
735,1.2225,0.5,0.1,0.0,0.0015,1.95
736,1.2225,0.5,0.1,0.0,0.0015,1.95
737,1.2225,0.5,0.1,0.0,0.0015,1.95
738,1.222,0.0,0.0,0.0,0.0,1.95
739,1.222,0.0,0.0,0.0,0.0,1.95
740,1.2225,0.5,0.1,0.0,0.0015,1.95
741,1.222,0.0,0.0,0.0,0.0,1.95
742,1.2225,0.5,0.1,0.0,0.0015,1.95
743,1.222,0.0,0.0,0.0,0.0,1.95
744,1.2225,0.5,0.1,0.0,0.0015,1.95
745,1.222,0.0,0.0,0.0,0.0,1.95
746,1.222,0.0,0.0,0.0,0.0,1.95
747,1.222,0.0,0.0,0.0,0.0,1.95
748,1.222,0.0,0.0,0.0,0.0,1.95
749,1.222,0.0,0.0,0.0,0.0,1.95
750,1.222,0.0,0.0,0.0,0.0,1.95
751,1.2225,0.5,0.1,0.0,0.0015,1.95
752,1.2225,0.5,0.1,0.0,0.0015,1.95
753,1.222,0.0,0.0,0.0,0.0,1.95
754,1.2225,0.5,0.1,0.0,0.0015,1.95
755,1.222,0.0,0.0,0.0,0.0,1.95
756,1.2225,0.5,0.1,0.0,0.0015,1.95
757,1.2225,0.5,0.1,0.0,0.0015,1.95
758,1.222,0.0,0.0,0.0,0.0,1.95
759,1.2225,0.5,0.1,0.0,0.0015,1.95
760,1.222,0.0,0.0,0.0,0.0,1.95
761,1.2225,0.5,0.1,0.0,0.0015,1.95
762,1.2225,0.5,0.1,0.0,0.0015,1.95
763,1.222,0.0,0.0,0.0,0.0,1.95
764,1.222,0.0,0.0,0.0,0.0,1.95
765,1.222,0.0,0.0,0.0,0.0,1.95
766,1.222,0.0,0.0,0.0,0.0,1.95
767,1.2225,0.5,0.1,0.0,0.0015,1.95
768,1.2225,0.5,0.1,0.0,0.0015,1.95
769,1.2225,0.5,0.1,0.0,0.0015,1.95
770,1.2225,0.5,0.1,0.0,0.0015,1.95
771,1.222,0.0,0.0,0.0,0.0,1.95
772,1.222,0.0,0.0,0.0,0.0,1.95
773,1.222,0.0,0.0,0.0,0.0,1.95
774,1.222,0.0,0.0,0.0,0.0,1.95
775,1.222,0.0,0.0,0.0,0.0,1.95
776,1.2225,0.5,0.1,0.0,0.0015,1.95
777,1.222,0.0,0.0,0.0,0.0,1.95
778,1.222,0.0,0.0,0.0,0.0,1.95
779,1.2225,0.5,0.1,0.0,0.0015,1.95
780,1.222,0.0,0.0,0.0,0.0,1.95
781,1.2225,0.5,0.1,0.0,0.0015,1.95
782,1.2225,0.5,0.1,0.0,0.0015,1.95
783,1.222,0.0,0.0,0.0,0.0,1.95
784,1.2225,0.5,0.1,0.0,0.0015,1.95
785,1.2225,0.5,0.1,0.0,0.0015,1.95
786,1.222,0.0,0.0,0.0,0.0,1.95
787,1.222,0.0,0.0,0.0,0.0,1.95
788,1.2225,0.5,0.1,0.0,0.0015,1.95
789,1.222,0.0,0.0,0.0,0.0,1.95
790,1.222,0.0,0.0,0.0,0.0,1.95
791,1.2225,0.5,0.1,0.0,0.0015,1.95
792,1.222,0.0,0.0,0.0,0.0,1.95
793,1.2225,0.5,0.1,0.0,0.0015,1.95
794,1.222,0.0,0.0,0.0,0.0,1.95
795,1.222,0.0,0.0,0.0,0.0,1.95
796,1.2225,0.5,0.1,0.0,0.0015,1.95
797,1.2225,0.5,0.1,0.0,0.0015,1.95
798,1.2225,0.5,0.1,0.0,0.0015,1.95
799,1.2225,0.5,0.1,0.0,0.0015,1.95
800,1.2225,0.5,0.1,0.0,0.0015,1.95
801,1.222,0.0,0.0,0.0,0.0,1.95
802,1.222,0.0,0.0,0.0,0.0,1.95
803,1.222,0.0,0.0,0.0,0.0,1.95
804,1.2225,0.5,0.1,0.0,0.0015,1.95
805,1.222,0.0,0.0,0.0,0.0,1.95
806,1.2225,0.5,0.1,0.0,0.0015,1.95
807,1.2225,0.5,0.1,0.0,0.0015,1.95
808,1.222,0.0,0.0,0.0,0.0,1.95
809,1.2225,0.5,0.1,0.0,0.0015,1.95
810,1.222,0.0,0.0,0.0,0.0,1.95
811,1.222,0.0,0.0,0.0,0.0,1.95
812,1.222,0.0,0.0,0.0,0.0,1.95
813,1.222,0.0,0.0,0.0,0.0,1.95
814,1.222,0.0,0.0,0.0,0.0,1.95
815,1.222,0.0,0.0,0.0,0.0,1.95
816,1.222,0.0,0.0,0.0,0.0,1.95
817,1.222,0.0,0.0,0.0,0.0,1.95
818,1.2225,0.5,0.1,0.0,0.0015,1.95
819,1.222,0.0,0.0,0.0,0.0,1.95
820,1.222,0.0,0.0,0.0,0.0,1.95
821,1.2225,0.5,0.1,0.0,0.0015,1.95
822,1.222,0.0,0.0,0.0,0.0,1.95
823,1.222,0.0,0.0,0.0,0.0,1.95
824,1.2225,0.5,0.1,0.0,0.0015,1.95
825,1.2225,0.5,0.1,0.0,0.0015,1.95
826,1.222,0.0,0.0,0.0,0.0,1.95
827,1.2225,0.5,0.1,0.0,0.0015,1.95
828,1.222,0.0,0.0,0.0,0.0,1.95
829,1.222,0.0,0.0,0.0,0.0,1.95
830,1.2225,0.5,0.1,0.0,0.0015,1.95
831,1.2225,0.5,0.1,0.0,0.0015,1.95
832,1.222,0.0,0.0,0.0,0.0,1.95
833,1.2225,0.5,0.1,0.0,0.0015,1.95
834,1.2225,0.5,0.1,0.0,0.0015,1.95
835,1.2225,0.5,0.1,0.0,0.0015,1.95
836,1.222,0.0,0.0,0.0,0.0,1.95
837,1.222,0.0,0.0,0.0,0.0,1.95
838,1.222,0.0,0.0,0.0,0.0,1.95
839,1.222,0.0,0.0,0.0,0.0,1.95
840,1.2225,0.5,0.1,0.0,0.0015,1.95
841,1.222,0.0,0.0,0.0,0.0,1.95
842,1.2225,0.5,0.1,0.0,0.0015,1.95
843,1.2225,0.5,0.1,0.0,0.0015,1.95
844,1.222,0.0,0.0,0.0,0.0,1.95
845,1.222,0.0,0.0,0.0,0.0,1.95
846,1.222,0.0,0.0,0.0,0.0,1.95
847,1.222,0.0,0.0,0.0,0.0,1.95
848,1.222,0.0,0.0,0.0,0.0,1.95
849,1.222,0.0,0.0,0.0,0.0,1.95
850,1.2225,0.5,0.1,0.0,0.0015,1.95
851,1.2225,0.5,0.1,0.0,0.0015,1.95
852,1.2225,0.5,0.1,0.0,0.0015,1.95
853,1.222,0.0,0.0,0.0,0.0,1.95
854,1.2225,0.5,0.1,0.0,0.0015,1.95
855,1.2225,0.5,0.1,0.0,0.0015,1.95
856,1.2225,0.5,0.1,0.0,0.0015,1.95
857,1.222,0.0,0.0,0.0,0.0,1.95
858,1.222,0.0,0.0,0.0,0.0,1.95
859,1.2225,0.5,0.1,0.0,0.0015,1.95
860,1.2225,0.5,0.1,0.0,0.0015,1.95
861,1.2225,0.5,0.1,0.0,0.0015,1.95
862,1.222,0.0,0.0,0.0,0.0,1.95
863,1.222,0.0,0.0,0.0,0.0,1.95
864,1.2225,0.5,0.1,0.0,0.0015,1.95
865,1.2225,0.5,0.1,0.0,0.0015,1.95
866,1.222,0.0,0.0,0.0,0.0,1.95
867,1.222,0.0,0.0,0.0,0.0,1.95
868,1.222,0.0,0.0,0.0,0.0,1.95
869,1.2225,0.5,0.1,0.0,0.0015,1.95
870,1.2225,0.5,0.1,0.0,0.0015,1.95
871,1.222,0.0,0.0,0.0,0.0,1.95
872,1.2225,0.5,0.1,0.0,0.0015,1.95
873,1.222,0.0,0.0,0.0,0.0,1.95
874,1.222,0.0,0.0,0.0,0.0,1.95
875,1.222,0.0,0.0,0.0,0.0,1.95
876,1.2225,0.5,0.1,0.0,0.0015,1.95
877,1.222,0.0,0.0,0.0,0.0,1.95
878,1.222,0.0,0.0,0.0,0.0,1.95
879,1.2225,0.5,0.1,0.0,0.0015,1.95
880,1.222,0.0,0.0,0.0,0.0,1.95
881,1.222,0.0,0.0,0.0,0.0,1.95
882,1.2225,0.5,0.1,0.0,0.0015,1.95
883,1.2225,0.5,0.1,0.0,0.0015,1.95
884,1.222,0.0,0.0,0.0,0.0,1.95
885,1.2225,0.5,0.1,0.0,0.0015,1.95
886,1.2225,0.5,0.1,0.0,0.0015,1.95
887,1.2225,0.5,0.1,0.0,0.0015,1.95
888,1.2225,0.5,0.1,0.0,0.0015,1.95
889,1.222,0.0,0.0,0.0,0.0,1.95
890,1.222,0.0,0.0,0.0,0.0,1.95
891,1.2225,0.5,0.1,0.0,0.0015,1.95
892,1.2225,0.5,0.1,0.0,0.0015,1.95
893,1.222,0.0,0.0,0.0,0.0,1.95
894,1.222,0.0,0.0,0.0,0.0,1.95
895,1.2225,0.5,0.1,0.0,0.0015,1.95
896,1.2225,0.5,0.1,0.0,0.0015,1.95
897,1.222,0.0,0.0,0.0,0.0,1.95
898,1.222,0.0,0.0,0.0,0.0,1.95
899,1.222,0.0,0.0,0.0,0.0,1.95
900,1.2225,0.5,0.1,0.0,0.0015,1.95
901,1.222,0.0,0.0,0.0,0.0,1.95
902,1.2225,0.5,0.1,0.0,0.0015,1.95
903,1.222,0.0,0.0,0.0,0.0,1.95
904,1.222,0.0,0.0,0.0,0.0,1.95
905,1.2225,0.5,0.1,0.0,0.0015,1.95
906,1.222,0.0,0.0,0.0,0.0,1.95
907,1.2225,0.5,0.1,0.0,0.0015,1.95
908,1.222,0.0,0.0,0.0,0.0,1.95
909,1.222,0.0,0.0,0.0,0.0,1.95
910,1.222,0.0,0.0,0.0,0.0,1.95
911,1.2225,0.5,0.1,0.0,0.0015,1.95
912,1.2225,0.5,0.1,0.0,0.0015,1.95
913,1.222,0.0,0.0,0.0,0.0,1.95
914,1.222,0.0,0.0,0.0,0.0,1.95
915,1.2225,0.5,0.1,0.0,0.0015,1.95
916,1.222,0.0,0.0,0.0,0.0,1.95
917,1.2225,0.5,0.1,0.0,0.0015,1.95
918,1.2225,0.5,0.1,0.0,0.0015,1.95
919,1.222,0.0,0.0,0.0,0.0,1.95
920,1.2225,0.5,0.1,0.0,0.0015,1.95
921,1.2225,0.5,0.1,0.0,0.0015,1.95
922,1.222,0.0,0.0,0.0,0.0,1.95
923,1.222,0.0,0.0,0.0,0.0,1.95
924,1.2225,0.5,0.1,0.0,0.0015,1.95
925,1.222,0.0,0.0,0.0,0.0,1.95
926,1.222,0.0,0.0,0.0,0.0,1.95
927,1.2225,0.5,0.1,0.0,0.0015,1.95
928,1.2225,0.5,0.1,0.0,0.0015,1.95
929,1.222,0.0,0.0,0.0,0.0,1.95
930,1.2225,0.5,0.1,0.0,0.0015,1.95
931,1.222,0.0,0.0,0.0,0.0,1.95
932,1.2225,0.5,0.1,0.0,0.0015,1.95
933,1.222,0.0,0.0,0.0,0.0,1.95
934,1.222,0.0,0.0,0.0,0.0,1.95
935,1.222,0.0,0.0,0.0,0.0,1.95
936,1.2225,0.5,0.1,0.0,0.0015,1.95
937,1.2225,0.5,0.1,0.0,0.0015,1.95
938,1.222,0.0,0.0,0.0,0.0,1.95
939,1.2225,0.5,0.1,0.0,0.0015,1.95
940,1.2225,0.5,0.1,0.0,0.0015,1.95
941,1.2225,0.5,0.1,0.0,0.0015,1.95
942,1.2225,0.5,0.1,0.0,0.0015,1.95
943,1.222,0.0,0.0,0.0,0.0,1.95
944,1.2225,0.5,0.1,0.0,0.0015,1.95
945,1.222,0.0,0.0,0.0,0.0,1.95
946,1.222,0.0,0.0,0.0,0.0,1.95
947,1.2225,0.5,0.1,0.0,0.0015,1.95
948,1.2225,0.5,0.1,0.0,0.0015,1.95
949,1.2225,0.5,0.1,0.0,0.0015,1.95
950,1.2225,0.5,0.1,0.0,0.0015,1.95
951,1.222,0.0,0.0,0.0,0.0,1.95
952,1.222,0.0,0.0,0.0,0.0,1.95
953,1.2225,0.5,0.1,0.0,0.0015,1.95
954,1.2225,0.5,0.1,0.0,0.0015,1.95
955,1.222,0.0,0.0,0.0,0.0,1.95
956,1.2225,0.5,0.1,0.0,0.0015,1.95
957,1.222,0.0,0.0,0.0,0.0,1.95
958,1.222,0.0,0.0,0.0,0.0,1.95
959,1.2225,0.5,0.1,0.0,0.0015,1.95
960,1.2225,0.5,0.1,0.0,0.0015,1.95
961,1.222,0.0,0.0,0.0,0.0,1.95
962,1.222,0.0,0.0,0.0,0.0,1.95
963,1.2225,0.5,0.1,0.0,0.0015,1.95
964,1.222,0.0,0.0,0.0,0.0,1.95
965,1.2225,0.5,0.1,0.0,0.0015,1.95
966,1.222,0.0,0.0,0.0,0.0,1.95
967,1.222,0.0,0.0,0.0,0.0,1.95
968,1.222,0.0,0.0,0.0,0.0,1.95
969,1.2225,0.5,0.1,0.0,0.0015,1.95
970,1.2225,0.5,0.1,0.0,0.0015,1.95
971,1.222,0.0,0.0,0.0,0.0,1.95
972,1.222,0.0,0.0,0.0,0.0,1.95
973,1.222,0.0,0.0,0.0,0.0,1.95
974,1.2225,0.5,0.1,0.0,0.0015,1.95
975,1.2225,0.5,0.1,0.0,0.0015,1.95
976,1.222,0.0,0.0,0.0,0.0,1.95
977,1.222,0.0,0.0,0.0,0.0,1.95
978,1.222,0.0,0.0,0.0,0.0,1.95
979,1.222,0.0,0.0,0.0,0.0,1.95
980,1.2225,0.5,0.1,0.0,0.0015,1.95
981,1.2225,0.5,0.1,0.0,0.0015,1.95
982,1.2225,0.5,0.1,0.0,0.0015,1.95
983,1.2225,0.5,0.1,0.0,0.0015,1.95
984,1.2225,0.5,0.1,0.0,0.0015,1.95
985,1.222,0.0,0.0,0.0,0.0,1.95
986,1.222,0.0,0.0,0.0,0.0,1.95
987,1.2225,0.5,0.1,0.0,0.0015,1.95
988,1.222,0.0,0.0,0.0,0.0,1.95
989,1.222,0.0,0.0,0.0,0.0,1.95
990,1.222,0.0,0.0,0.0,0.0,1.95
991,1.222,0.0,0.0,0.0,0.0,1.95
992,1.2225,0.5,0.1,0.0,0.0015,1.95
993,1.2225,0.5,0.1,0.0,0.0015,1.95
994,1.2225,0.5,0.1,0.0,0.0015,1.95
995,1.222,0.0,0.0,0.0,0.0,1.95
996,1.222,0.0,0.0,0.0,0.0,1.95
997,1.2225,0.5,0.1,0.0,0.0015,1.95
998,1.2225,0.5,0.1,0.0,0.0015,1.95
999,1.222,0.0,0.0,0.0,0.0,1.95
1000,1.222,0.0,0.0,0.0,0.0,1.95
1001,1.2225,0.5,0.1,0.0,0.0015,1.95
1002,1.222,0.0,0.0,0.0,0.0,1.95
1003,1.222,0.0,0.0,0.0,0.0,1.95
1004,1.222,0.0,0.0,0.0,0.0,1.95
1005,1.222,0.0,0.0,0.0,0.0,1.95
1006,1.222,0.0,0.0,0.0,0.0,1.95
1007,1.222,0.0,0.0,0.0,0.0,1.95
1008,1.222,0.0,0.0,0.0,0.0,1.95
1009,1.2225,0.5,0.1,0.0,0.0015,1.95
1010,1.222,0.0,0.0,0.0,0.0,1.95
1011,1.222,0.0,0.0,0.0,0.0,1.95
1012,1.2225,0.5,0.1,0.0,0.0015,1.95
1013,1.222,0.0,0.0,0.0,0.0,1.95
1014,1.222,0.0,0.0,0.0,0.0,1.95
1015,1.222,0.0,0.0,0.0,0.0,1.95
1016,1.2225,0.5,0.1,0.0,0.0015,1.95
1017,1.222,0.0,0.0,0.0,0.0,1.95
1018,1.222,0.0,0.0,0.0,0.0,1.95
1019,1.2225,0.5,0.1,0.0,0.0015,1.95
1020,1.222,0.0,0.0,0.0,0.0,1.95
1021,1.222,0.0,0.0,0.0,0.0,1.95
1022,1.222,0.0,0.0,0.0,0.0,1.95
1023,1.2225,0.5,0.1,0.0,0.0015,1.95
1024,1.222,0.0,0.0,0.0,0.0,1.95
1025,1.222,0.0,0.0,0.0,0.0,1.95
1026,1.2225,0.5,0.1,0.0,0.0015,1.95
1027,1.2225,0.5,0.1,0.0,0.0015,1.95
1028,1.222,0.0,0.0,0.0,0.0,1.95
1029,1.2225,0.5,0.1,0.0,0.0015,1.95
1030,1.2225,0.5,0.1,0.0,0.0015,1.95
1031,1.2225,0.5,0.1,0.0,0.0015,1.95
1032,1.222,0.0,0.0,0.0,0.0,1.95
1033,1.2225,0.5,0.1,0.0,0.0015,1.95
1034,1.2225,0.5,0.1,0.0,0.0015,1.95
1035,1.222,0.0,0.0,0.0,0.0,1.95
1036,1.222,0.0,0.0,0.0,0.0,1.95
1037,1.2225,0.5,0.1,0.0,0.0015,1.95
1038,1.2225,0.5,0.1,0.0,0.0015,1.95
1039,1.222,0.0,0.0,0.0,0.0,1.95
1040,1.2225,0.5,0.1,0.0,0.0015,1.95
1041,1.2225,0.5,0.1,0.0,0.0015,1.95
1042,1.222,0.0,0.0,0.0,0.0,1.95
1043,1.2225,0.5,0.1,0.0,0.0015,1.95
1044,1.2225,0.5,0.1,0.0,0.0015,1.95
1045,1.2225,0.5,0.1,0.0,0.0015,1.95
1046,1.222,0.0,0.0,0.0,0.0,1.95
1047,1.222,0.0,0.0,0.0,0.0,1.95
1048,1.222,0.0,0.0,0.0,0.0,1.95
1049,1.222,0.0,0.0,0.0,0.0,1.95
1050,1.222,0.0,0.0,0.0,0.0,1.95
1051,1.222,0.0,0.0,0.0,0.0,1.95
1052,1.2225,0.5,0.1,0.0,0.0015,1.95
1053,1.222,0.0,0.0,0.0,0.0,1.95
1054,1.222,0.0,0.0,0.0,0.0,1.95
1055,1.2225,0.5,0.1,0.0,0.0015,1.95
1056,1.222,0.0,0.0,0.0,0.0,1.95
1057,1.2225,0.5,0.1,0.0,0.0015,1.95
1058,1.222,0.0,0.0,0.0,0.0,1.95
1059,1.2225,0.5,0.1,0.0,0.0015,1.95
1060,1.222,0.0,0.0,0.0,0.0,1.95
1061,1.222,0.0,0.0,0.0,0.0,1.95
1062,1.2225,0.5,0.1,0.0,0.0015,1.95
1063,1.222,0.0,0.0,0.0,0.0,1.95
1064,1.222,0.0,0.0,0.0,0.0,1.95
1065,1.2225,0.5,0.1,0.0,0.0015,1.95
1066,1.2225,0.5,0.1,0.0,0.0015,1.95
1067,1.222,0.0,0.0,0.0,0.0,1.95
1068,1.222,0.0,0.0,0.0,0.0,1.95
1069,1.2225,0.5,0.1,0.0,0.0015,1.95
1070,1.222,0.0,0.0,0.0,0.0,1.95
1071,1.2225,0.5,0.1,0.0,0.0015,1.95
1072,1.222,0.0,0.0,0.0,0.0,1.95
1073,1.2225,0.5,0.1,0.0,0.0015,1.95
1074,1.2225,0.5,0.1,0.0,0.0015,1.95
1075,1.222,0.0,0.0,0.0,0.0,1.95
1076,1.222,0.0,0.0,0.0,0.0,1.95
1077,1.222,0.0,0.0,0.0,0.0,1.95
1078,1.2225,0.5,0.1,0.0,0.0015,1.95
1079,1.222,0.0,0.0,0.0,0.0,1.95
1080,1.2225,0.5,0.1,0.0,0.0015,1.95
1081,1.222,0.0,0.0,0.0,0.0,1.95
1082,1.222,0.0,0.0,0.0,0.0,1.95
1083,1.2225,0.5,0.1,0.0,0.0015,1.95
1084,1.222,0.0,0.0,0.0,0.0,1.95
1085,1.222,0.0,0.0,0.0,0.0,1.95
1086,1.2225,0.5,0.1,0.0,0.0015,1.95
1087,1.222,0.0,0.0,0.0,0.0,1.95
1088,1.2225,0.5,0.1,0.0,0.0015,1.95
1089,1.222,0.0,0.0,0.0,0.0,1.95
1090,1.222,0.0,0.0,0.0,0.0,1.95
1091,1.222,0.0,0.0,0.0,0.0,1.95
1092,1.222,0.0,0.0,0.0,0.0,1.95
1093,1.222,0.0,0.0,0.0,0.0,1.95
1094,1.2225,0.5,0.1,0.0,0.0015,1.95
1095,1.222,0.0,0.0,0.0,0.0,1.95
1096,1.222,0.0,0.0,0.0,0.0,1.95
1097,1.222,0.0,0.0,0.0,0.0,1.95
1098,1.2225,0.5,0.1,0.0,0.0015,1.95
1099,1.222,0.0,0.0,0.0,0.0,1.95
1100,1.2225,0.5,0.1,0.0,0.0015,1.95
1101,1.2225,0.5,0.1,0.0,0.0015,1.95
1102,1.222,0.0,0.0,0.0,0.0,1.95
1103,1.222,0.0,0.0,0.0,0.0,1.95
1104,1.2225,0.5,0.1,0.0,0.0015,1.95
1105,1.2225,0.5,0.1,0.0,0.0015,1.95
1106,1.222,0.0,0.0,0.0,0.0,1.95
1107,1.222,0.0,0.0,0.0,0.0,1.95
1108,1.2225,0.5,0.1,0.0,0.0015,1.95
1109,1.2225,0.5,0.1,0.0,0.0015,1.95
1110,1.222,0.0,0.0,0.0,0.0,1.95
1111,1.2225,0.5,0.1,0.0,0.0015,1.95
1112,1.222,0.0,0.0,0.0,0.0,1.95
1113,1.2225,0.5,0.1,0.0,0.0015,1.95
1114,1.2225,0.5,0.1,0.0,0.0015,1.95
1115,1.222,0.0,0.0,0.0,0.0,1.95
1116,1.2225,0.5,0.1,0.0,0.0015,1.95
1117,1.2225,0.5,0.1,0.0,0.0015,1.95
1118,1.2225,0.5,0.1,0.0,0.0015,1.95
1119,1.222,0.0,0.0,0.0,0.0,1.95
1120,1.2225,0.5,0.1,0.0,0.0015,1.95
1121,1.2225,0.5,0.1,0.0,0.0015,1.95
1122,1.222,0.0,0.0,0.0,0.0,1.95
1123,1.2225,0.5,0.1,0.0,0.0015,1.95
1124,1.2225,0.5,0.1,0.0,0.0015,1.95
1125,1.222,0.0,0.0,0.0,0.0,1.95
1126,1.222,0.0,0.0,0.0,0.0,1.95
1127,1.222,0.0,0.0,0.0,0.0,1.95
1128,1.2225,0.5,0.1,0.0,0.0015,1.95
1129,1.222,0.0,0.0,0.0,0.0,1.95
1130,1.222,0.0,0.0,0.0,0.0,1.95
1131,1.2225,0.5,0.1,0.0,0.0015,1.95
1132,1.222,0.0,0.0,0.0,0.0,1.95
1133,1.2225,0.5,0.1,0.0,0.0015,1.95
1134,1.222,0.0,0.0,0.0,0.0,1.95
1135,1.222,0.0,0.0,0.0,0.0,1.95
1136,1.222,0.0,0.0,0.0,0.0,1.95
1137,1.222,0.0,0.0,0.0,0.0,1.95
1138,1.2225,0.5,0.1,0.0,0.0015,1.95
1139,1.2225,0.5,0.1,0.0,0.0015,1.95
1140,1.222,0.0,0.0,0.0,0.0,1.95
1141,1.222,0.0,0.0,0.0,0.0,1.95
1142,1.2225,0.5,0.1,0.0,0.0015,1.95
1143,1.222,0.0,0.0,0.0,0.0,1.95
1144,1.222,0.0,0.0,0.0,0.0,1.95
1145,1.2225,0.5,0.1,0.0,0.0015,1.95
1146,1.222,0.0,0.0,0.0,0.0,1.95
1147,1.2225,0.5,0.1,0.0,0.0015,1.95
1148,1.2225,0.5,0.1,0.0,0.0015,1.95
1149,1.2225,0.5,0.1,0.0,0.0015,1.95
1150,1.2225,0.5,0.1,0.0,0.0015,1.95
1151,1.222,0.0,0.0,0.0,0.0,1.95
1152,1.2225,0.5,0.1,0.0,0.0015,1.95
1153,1.2225,0.5,0.1,0.0,0.0015,1.95
1154,1.222,0.0,0.0,0.0,0.0,1.95
1155,1.2225,0.5,0.1,0.0,0.0015,1.95
1156,1.222,0.0,0.0,0.0,0.0,1.95
1157,1.2225,0.5,0.1,0.0,0.0015,1.95
1158,1.2225,0.5,0.1,0.0,0.0015,1.95
1159,1.222,0.0,0.0,0.0,0.0,1.95
1160,1.222,0.0,0.0,0.0,0.0,1.95
1161,1.2225,0.5,0.1,0.0,0.0015,1.95
1162,1.222,0.0,0.0,0.0,0.0,1.95
1163,1.2225,0.5,0.1,0.0,0.0015,1.95
1164,1.2225,0.5,0.1,0.0,0.0015,1.95
1165,1.2225,0.5,0.1,0.0,0.0015,1.95
1166,1.222,0.0,0.0,0.0,0.0,1.95
1167,1.222,0.0,0.0,0.0,0.0,1.95
1168,1.2225,0.5,0.1,0.0,0.0015,1.95
1169,1.2225,0.5,0.1,0.0,0.0015,1.95
1170,1.222,0.0,0.0,0.0,0.0,1.95
1171,1.222,0.0,0.0,0.0,0.0,1.95
1172,1.2225,0.5,0.1,0.0,0.0015,1.95
1173,1.222,0.0,0.0,0.0,0.0,1.95
1174,1.2225,0.5,0.1,0.0,0.0015,1.95
1175,1.222,0.0,0.0,0.0,0.0,1.95
1176,1.222,0.0,0.0,0.0,0.0,1.95
1177,1.222,0.0,0.0,0.0,0.0,1.95
1178,1.2225,0.5,0.1,0.0,0.0015,1.95
1179,1.222,0.0,0.0,0.0,0.0,1.95
1180,1.222,0.0,0.0,0.0,0.0,1.95
1181,1.222,0.0,0.0,0.0,0.0,1.95
1182,1.2225,0.5,0.1,0.0,0.0015,1.95
1183,1.222,0.0,0.0,0.0,0.0,1.95
1184,1.222,0.0,0.0,0.0,0.0,1.95
1185,1.222,0.0,0.0,0.0,0.0,1.95
1186,1.222,0.0,0.0,0.0,0.0,1.95
1187,1.2225,0.5,0.1,0.0,0.0015,1.95
1188,1.222,0.0,0.0,0.0,0.0,1.95
1189,1.222,0.0,0.0,0.0,0.0,1.95
1190,1.222,0.0,0.0,0.0,0.0,1.95
1191,1.222,0.0,0.0,0.0,0.0,1.95
1192,1.222,0.0,0.0,0.0,0.0,1.95
1193,1.222,0.0,0.0,0.0,0.0,1.95
1194,1.222,0.0,0.0,0.0,0.0,1.95
1195,1.222,0.0,0.0,0.0,0.0,1.95
1196,1.2225,0.5,0.1,0.0,0.0015,1.95
1197,1.2225,0.5,0.1,0.0,0.0015,1.95
1198,1.222,0.0,0.0,0.0,0.0,1.95
1199,1.2225,0.5,0.1,0.0,0.0015,1.95
1200,1.2225,0.5,0.1,0.0,0.0015,1.95
1201,1.222,0.0,0.0,0.0,0.0,1.95
1202,1.222,0.0,0.0,0.0,0.0,1.95
1203,1.222,0.0,0.0,0.0,0.0,1.95
1204,1.2225,0.5,0.1,0.0,0.0015,1.95
1205,1.222,0.0,0.0,0.0,0.0,1.95
1206,1.2225,0.5,0.1,0.0,0.0015,1.95
1207,1.2225,0.5,0.1,0.0,0.0015,1.95
1208,1.222,0.0,0.0,0.0,0.0,1.95
1209,1.222,0.0,0.0,0.0,0.0,1.95
1210,1.2225,0.5,0.1,0.0,0.0015,1.95
1211,1.222,0.0,0.0,0.0,0.0,1.95
1212,1.222,0.0,0.0,0.0,0.0,1.95
1213,1.222,0.0,0.0,0.0,0.0,1.95
1214,1.222,0.0,0.0,0.0,0.0,1.95
1215,1.2225,0.5,0.1,0.0,0.0015,1.95
1216,1.222,0.0,0.0,0.0,0.0,1.95
1217,1.2225,0.5,0.1,0.0,0.0015,1.95
1218,1.2225,0.5,0.1,0.0,0.0015,1.95
1219,1.222,0.0,0.0,0.0,0.0,1.95
1220,1.2225,0.5,0.1,0.0,0.0015,1.95
1221,1.222,0.0,0.0,0.0,0.0,1.95
1222,1.2225,0.5,0.1,0.0,0.0015,1.95
1223,1.2225,0.5,0.1,0.0,0.0015,1.95
1224,1.222,0.0,0.0,0.0,0.0,1.95
1225,1.2225,0.5,0.1,0.0,0.0015,1.95
1226,1.222,0.0,0.0,0.0,0.0,1.95
1227,1.222,0.0,0.0,0.0,0.0,1.95
1228,1.222,0.0,0.0,0.0,0.0,1.95
1229,1.2225,0.5,0.1,0.0,0.0015,1.95
1230,1.222,0.0,0.0,0.0,0.0,1.95
1231,1.222,0.0,0.0,0.0,0.0,1.95
1232,1.222,0.0,0.0,0.0,0.0,1.95
1233,1.2225,0.5,0.1,0.0,0.0015,1.95
1234,1.2225,0.5,0.1,0.0,0.0015,1.95
1235,1.222,0.0,0.0,0.0,0.0,1.95
1236,1.222,0.0,0.0,0.0,0.0,1.95
1237,1.2225,0.5,0.1,0.0,0.0015,1.95
1238,1.2225,0.5,0.1,0.0,0.0015,1.95
1239,1.222,0.0,0.0,0.0,0.0,1.95
1240,1.2225,0.5,0.1,0.0,0.0015,1.95
1241,1.2225,0.5,0.1,0.0,0.0015,1.95
1242,1.222,0.0,0.0,0.0,0.0,1.95
1243,1.2225,0.5,0.1,0.0,0.0015,1.95
1244,1.2225,0.5,0.1,0.0,0.0015,1.95
1245,1.2225,0.5,0.1,0.0,0.0015,1.95
1246,1.2225,0.5,0.1,0.0,0.0015,1.95
1247,1.222,0.0,0.0,0.0,0.0,1.95
1248,1.222,0.0,0.0,0.0,0.0,1.95
1249,1.2225,0.5,0.1,0.0,0.0015,1.95
1250,1.222,0.0,0.0,0.0,0.0,1.95
1251,1.2225,0.5,0.1,0.0,0.0015,1.95
1252,1.222,0.0,0.0,0.0,0.0,1.95
1,1.222,0.0,0.0,0.0,0.0,1.95
2,0.022,0.5,0.1,0.02,0.0025,1.95
3,0.022,0.5,0.1,0.02,0.0025,1.95
4,1.222,0.0,0.0,0.0,0.0,1.95
5,1.222,0.0,0.0,0.0,0.0,1.95
6,0.022,0.5,0.1,0.02,0.0025,1.95
7,1.222,0.0,0.0,0.0,0.0,1.95
8,0.022,0.5,0.1,0.02,0.0025,1.95
9,0.022,0.5,0.1,0.02,0.0025,1.95
10,0.022,0.5,0.1,0.02,0.0025,1.95
11,0.022,0.5,0.1,0.02,0.0025,1.95
12,0.022,0.5,0.1,0.02,0.0025,1.95
13,1.222,0.0,0.0,0.0,0.0,1.95
14,0.022,0.5,0.1,0.02,0.0025,1.95
15,0.022,0.5,0.1,0.02,0.0025,1.95
16,1.222,0.0,0.0,0.0,0.0,1.95
17,0.022,0.5,0.1,0.02,0.0025,1.95
18,0.022,0.5,0.1,0.02,0.0025,1.95
19,0.022,0.5,0.1,0.02,0.0025,1.95
20,1.222,0.0,0.0,0.0,0.0,1.95
21,0.022,0.5,0.1,0.02,0.0025,1.95
22,1.222,0.0,0.0,0.0,0.0,1.95
23,1.222,0.0,0.0,0.0,0.0,1.95
24,1.222,0.0,0.0,0.0,0.0,1.95
25,0.022,0.5,0.1,0.02,0.0025,1.95
26,0.022,0.5,0.1,0.02,0.0025,1.95
27,1.222,0.0,0.0,0.0,0.0,1.95
28,0.022,0.5,0.1,0.02,0.0025,1.95
29,1.222,0.0,0.0,0.0,0.0,1.95
30,1.222,0.0,0.0,0.0,0.0,1.95
31,1.222,0.0,0.0,0.0,0.0,1.95
32,0.022,0.5,0.1,0.02,0.0025,1.95
33,0.022,0.5,0.1,0.02,0.0025,1.95
34,0.022,0.5,0.1,0.02,0.0025,1.95
35,0.022,0.5,0.1,0.02,0.0025,1.95
36,1.222,0.0,0.0,0.0,0.0,1.95
37,1.222,0.0,0.0,0.0,0.0,1.95
38,0.022,0.5,0.1,0.02,0.0025,1.95
39,0.022,0.5,0.1,0.02,0.0025,1.95
40,1.222,0.0,0.0,0.0,0.0,1.95
41,0.022,0.5,0.1,0.02,0.0025,1.95
42,1.222,0.0,0.0,0.0,0.0,1.95
43,0.022,0.5,0.1,0.02,0.0025,1.95
44,1.222,0.0,0.0,0.0,0.0,1.95
45,0.022,0.5,0.1,0.02,0.0025,1.95
46,0.022,0.5,0.1,0.02,0.0025,1.95
47,1.222,0.0,0.0,0.0,0.0,1.95
48,1.222,0.0,0.0,0.0,0.0,1.95
49,0.022,0.5,0.1,0.02,0.0025,1.95
50,0.022,0.5,0.1,0.02,0.0025,1.95
51,0.022,0.5,0.1,0.02,0.0025,1.95
52,0.022,0.5,0.1,0.02,0.0025,1.95
53,0.022,0.5,0.1,0.02,0.0025,1.95
54,1.222,0.0,0.0,0.0,0.0,1.95
55,0.022,0.5,0.1,0.02,0.0025,1.95
56,0.022,0.5,0.1,0.02,0.0025,1.95
57,1.222,0.0,0.0,0.0,0.0,1.95
58,1.222,0.0,0.0,0.0,0.0,1.95
59,1.222,0.0,0.0,0.0,0.0,1.95
60,1.222,0.0,0.0,0.0,0.0,1.95
61,0.022,0.5,0.1,0.02,0.0025,1.95
62,1.222,0.0,0.0,0.0,0.0,1.95
63,0.022,0.5,0.1,0.02,0.0025,1.95
64,0.022,0.5,0.1,0.02,0.0025,1.95
65,0.022,0.5,0.1,0.02,0.0025,1.95
66,0.022,0.5,0.1,0.02,0.0025,1.95
67,0.022,0.5,0.1,0.02,0.0025,1.95
68,1.222,0.0,0.0,0.0,0.0,1.95
69,0.022,0.5,0.1,0.02,0.0025,1.95
70,1.222,0.0,0.0,0.0,0.0,1.95
71,1.222,0.0,0.0,0.0,0.0,1.95
72,1.222,0.0,0.0,0.0,0.0,1.95
73,0.022,0.5,0.1,0.02,0.0025,1.95
74,0.022,0.5,0.1,0.02,0.0025,1.95
75,1.222,0.0,0.0,0.0,0.0,1.95
76,0.022,0.5,0.1,0.02,0.0025,1.95
77,0.022,0.5,0.1,0.02,0.0025,1.95
78,0.022,0.5,0.1,0.02,0.0025,1.95
79,0.022,0.5,0.1,0.02,0.0025,1.95
80,0.022,0.5,0.1,0.02,0.0025,1.95
81,0.022,0.5,0.1,0.02,0.0025,1.95
82,1.222,0.0,0.0,0.0,0.0,1.95
83,1.222,0.0,0.0,0.0,0.0,1.95
84,1.222,0.0,0.0,0.0,0.0,1.95
85,1.222,0.0,0.0,0.0,0.0,1.95
86,1.222,0.0,0.0,0.0,0.0,1.95
87,1.222,0.0,0.0,0.0,0.0,1.95
88,0.022,0.5,0.1,0.02,0.0025,1.95
89,0.022,0.5,0.1,0.02,0.0025,1.95
90,1.222,0.0,0.0,0.0,0.0,1.95
91,0.022,0.5,0.1,0.02,0.0025,1.95
92,0.022,0.5,0.1,0.02,0.0025,1.95
93,0.022,0.5,0.1,0.02,0.0025,1.95
94,1.222,0.0,0.0,0.0,0.0,1.95
95,0.022,0.5,0.1,0.02,0.0025,1.95
96,1.222,0.0,0.0,0.0,0.0,1.95
97,1.222,0.0,0.0,0.0,0.0,1.95
98,1.222,0.0,0.0,0.0,0.0,1.95
99,1.222,0.0,0.0,0.0,0.0,1.95
100,0.022,0.5,0.1,0.02,0.0025,1.95
101,1.222,0.0,0.0,0.0,0.0,1.95
102,0.022,0.5,0.1,0.02,0.0025,1.95
103,0.022,0.5,0.1,0.02,0.0025,1.95
104,0.022,0.5,0.1,0.02,0.0025,1.95
105,1.222,0.0,0.0,0.0,0.0,1.95
106,0.022,0.5,0.1,0.02,0.0025,1.95
107,1.222,0.0,0.0,0.0,0.0,1.95
108,1.222,0.0,0.0,0.0,0.0,1.95
109,1.222,0.0,0.0,0.0,0.0,1.95
110,1.222,0.0,0.0,0.0,0.0,1.95
111,1.222,0.0,0.0,0.0,0.0,1.95
112,0.022,0.5,0.1,0.02,0.0025,1.95
113,1.222,0.0,0.0,0.0,0.0,1.95
114,1.222,0.0,0.0,0.0,0.0,1.95
115,1.222,0.0,0.0,0.0,0.0,1.95
116,1.222,0.0,0.0,0.0,0.0,1.95
117,1.222,0.0,0.0,0.0,0.0,1.95
118,1.222,0.0,0.0,0.0,0.0,1.95
119,0.022,0.5,0.1,0.02,0.0025,1.95
120,0.022,0.5,0.1,0.02,0.0025,1.95
121,1.222,0.0,0.0,0.0,0.0,1.95
122,0.022,0.5,0.1,0.02,0.0025,1.95
123,0.022,0.5,0.1,0.02,0.0025,1.95
124,1.222,0.0,0.0,0.0,0.0,1.95
125,1.222,0.0,0.0,0.0,0.0,1.95
126,0.022,0.5,0.1,0.02,0.0025,1.95
127,0.022,0.5,0.1,0.02,0.0025,1.95
128,0.022,0.5,0.1,0.02,0.0025,1.95
129,0.022,0.5,0.1,0.02,0.0025,1.95
130,0.022,0.5,0.1,0.02,0.0025,1.95
131,0.022,0.5,0.1,0.02,0.0025,1.95
132,0.022,0.5,0.1,0.02,0.0025,1.95
133,1.222,0.0,0.0,0.0,0.0,1.95
134,1.2225,0.5,0.1,0.0,0.0015,1.95
135,1.222,0.0,0.0,0.0,0.0,1.95
136,1.2225,0.5,0.1,0.0,0.0015,1.95
137,1.2225,0.5,0.1,0.0,0.0015,1.95
138,1.2225,0.5,0.1,0.0,0.0015,1.95
139,1.2225,0.5,0.1,0.0,0.0015,1.95
140,1.2225,0.5,0.1,0.0,0.0015,1.95
141,1.222,0.0,0.0,0.0,0.0,1.95
142,0.022,0.5,0.1,0.02,0.0025,1.95
143,1.2225,0.5,0.1,0.0,0.0015,1.95
144,1.222,0.0,0.0,0.0,0.0,1.95
145,1.2225,0.5,0.1,0.0,0.0015,1.95
146,1.2225,0.5,0.1,0.0,0.0015,1.95
147,1.2225,0.5,0.1,0.0,0.0015,1.95
148,1.2225,0.5,0.1,0.0,0.0015,1.95
149,1.222,0.0,0.0,0.0,0.0,1.95
150,1.2225,0.5,0.1,0.0,0.0015,1.95
151,1.222,0.0,0.0,0.0,0.0,1.95
152,1.222,0.0,0.0,0.0,0.0,1.95
153,1.222,0.0,0.0,0.0,0.0,1.95
154,1.222,0.0,0.0,0.0,0.0,1.95
155,1.2225,0.5,0.1,0.0,0.0015,1.95
156,1.2225,0.5,0.1,0.0,0.0015,1.95
157,1.2225,0.5,0.1,0.0,0.0015,1.95
158,1.222,0.0,0.0,0.0,0.0,1.95
159,1.2225,0.5,0.1,0.0,0.0015,1.95
160,1.2225,0.5,0.1,0.0,0.0015,1.95
161,1.222,0.0,0.0,0.0,0.0,1.95
162,1.222,0.0,0.0,0.0,0.0,1.95
163,1.2225,0.5,0.1,0.0,0.0015,1.95
164,1.2225,0.5,0.1,0.0,0.0015,1.95
165,1.2225,0.5,0.1,0.0,0.0015,1.95
166,1.2225,0.5,0.1,0.0,0.0015,1.95
167,1.2225,0.5,0.1,0.0,0.0015,1.95
168,1.2225,0.5,0.1,0.0,0.0015,1.95
169,1.222,0.0,0.0,0.0,0.0,1.95
170,1.222,0.0,0.0,0.0,0.0,1.95
171,1.2225,0.5,0.1,0.0,0.0015,1.95
172,1.222,0.0,0.0,0.0,0.0,1.95
173,1.222,0.0,0.0,0.0,0.0,1.95
174,1.222,0.0,0.0,0.0,0.0,1.95
175,1.222,0.0,0.0,0.0,0.0,1.95
176,1.222,0.0,0.0,0.0,0.0,1.95
177,1.2225,0.5,0.1,0.0,0.0015,1.95
178,1.2225,0.5,0.1,0.0,0.0015,1.95
179,1.2225,0.5,0.1,0.0,0.0015,1.95
180,1.222,0.0,0.0,0.0,0.0,1.95
181,1.2225,0.5,0.1,0.0,0.0015,1.95
182,1.2225,0.5,0.1,0.0,0.0015,1.95
183,1.2225,0.5,0.1,0.0,0.0015,1.95
184,1.2225,0.5,0.1,0.0,0.0015,1.95
185,1.222,0.0,0.0,0.0,0.0,1.95
186,1.2225,0.5,0.1,0.0,0.0015,1.95
187,1.222,0.0,0.0,0.0,0.0,1.95
188,1.222,0.0,0.0,0.0,0.0,1.95
189,1.222,0.0,0.0,0.0,0.0,1.95
190,1.222,0.0,0.0,0.0,0.0,1.95
191,1.222,0.0,0.0,0.0,0.0,1.95
192,1.2225,0.5,0.1,0.0,0.0015,1.95
193,1.2225,0.5,0.1,0.0,0.0015,1.95
194,1.222,0.0,0.0,0.0,0.0,1.95
195,1.222,0.0,0.0,0.0,0.0,1.95
196,1.2225,0.5,0.1,0.0,0.0015,1.95
197,1.222,0.0,0.0,0.0,0.0,1.95
198,1.222,0.0,0.0,0.0,0.0,1.95
199,1.2225,0.5,0.1,0.0,0.0015,1.95
200,1.222,0.0,0.0,0.0,0.0,1.95
201,1.2225,0.5,0.1,0.0,0.0015,1.95
202,1.222,0.0,0.0,0.0,0.0,1.95
203,1.2225,0.5,0.1,0.0,0.0015,1.95
204,1.2225,0.5,0.1,0.0,0.0015,1.95
205,1.2225,0.5,0.1,0.0,0.0015,1.95
206,1.222,0.0,0.0,0.0,0.0,1.95
207,1.222,0.0,0.0,0.0,0.0,1.95
208,1.2225,0.5,0.1,0.0,0.0015,1.95
209,1.222,0.0,0.0,0.0,0.0,1.95
210,1.222,0.0,0.0,0.0,0.0,1.95
211,1.2225,0.5,0.1,0.0,0.0015,1.95
212,1.2225,0.5,0.1,0.0,0.0015,1.95
213,1.222,0.0,0.0,0.0,0.0,1.95
214,1.222,0.0,0.0,0.0,0.0,1.95
215,1.2225,0.5,0.1,0.0,0.0015,1.95
216,1.2225,0.5,0.1,0.0,0.0015,1.95
217,1.2225,0.5,0.1,0.0,0.0015,1.95
218,1.222,0.0,0.0,0.0,0.0,1.95
219,1.2225,0.5,0.1,0.0,0.0015,1.95
220,1.2225,0.5,0.1,0.0,0.0015,1.95
221,1.2225,0.5,0.1,0.0,0.0015,1.95
222,1.222,0.0,0.0,0.0,0.0,1.95
223,1.2225,0.5,0.1,0.0,0.0015,1.95
224,1.222,0.0,0.0,0.0,0.0,1.95
225,1.2225,0.5,0.1,0.0,0.0015,1.95
226,1.2225,0.5,0.1,0.0,0.0015,1.95
227,1.222,0.0,0.0,0.0,0.0,1.95
228,1.2225,0.5,0.1,0.0,0.0015,1.95
229,1.222,0.0,0.0,0.0,0.0,1.95
230,1.222,0.0,0.0,0.0,0.0,1.95
231,1.222,0.0,0.0,0.0,0.0,1.95
232,1.222,0.0,0.0,0.0,0.0,1.95
233,1.222,0.0,0.0,0.0,0.0,1.95
234,1.222,0.0,0.0,0.0,0.0,1.95
235,1.2225,0.5,0.1,0.0,0.0015,1.95
236,1.2225,0.5,0.1,0.0,0.0015,1.95
237,1.222,0.0,0.0,0.0,0.0,1.95
238,1.222,0.0,0.0,0.0,0.0,1.95
239,1.2225,0.5,0.1,0.0,0.0015,1.95
240,1.2225,0.5,0.1,0.0,0.0015,1.95
241,1.222,0.0,0.0,0.0,0.0,1.95
242,1.2225,0.5,0.1,0.0,0.0015,1.95
243,1.222,0.0,0.0,0.0,0.0,1.95
244,1.2225,0.5,0.1,0.0,0.0015,1.95
245,1.2225,0.5,0.1,0.0,0.0015,1.95
246,1.2225,0.5,0.1,0.0,0.0015,1.95
247,1.222,0.0,0.0,0.0,0.0,1.95
248,1.2225,0.5,0.1,0.0,0.0015,1.95
249,1.2225,0.5,0.1,0.0,0.0015,1.95
250,1.222,0.0,0.0,0.0,0.0,1.95
251,1.222,0.0,0.0,0.0,0.0,1.95
252,1.2225,0.5,0.1,0.0,0.0015,1.95
253,1.222,0.0,0.0,0.0,0.0,1.95
254,1.222,0.0,0.0,0.0,0.0,1.95
255,1.222,0.0,0.0,0.0,0.0,1.95
256,1.2225,0.5,0.1,0.0,0.0015,1.95
257,1.2225,0.5,0.1,0.0,0.0015,1.95
258,1.222,0.0,0.0,0.0,0.0,1.95
259,1.222,0.0,0.0,0.0,0.0,1.95
260,1.222,0.0,0.0,0.0,0.0,1.95
261,1.2225,0.5,0.1,0.0,0.0015,1.95
262,1.2225,0.5,0.1,0.0,0.0015,1.95
263,1.222,0.0,0.0,0.0,0.0,1.95
264,1.2225,0.5,0.1,0.0,0.0015,1.95
265,1.2225,0.5,0.1,0.0,0.0015,1.95
266,1.222,0.0,0.0,0.0,0.0,1.95
267,1.2225,0.5,0.1,0.0,0.0015,1.95
268,1.222,0.0,0.0,0.0,0.0,1.95
269,1.2225,0.5,0.1,0.0,0.0015,1.95
270,1.2225,0.5,0.1,0.0,0.0015,1.95
271,1.2225,0.5,0.1,0.0,0.0015,1.95
272,1.222,0.0,0.0,0.0,0.0,1.95
273,1.222,0.0,0.0,0.0,0.0,1.95
274,1.2225,0.5,0.1,0.0,0.0015,1.95
275,1.2225,0.5,0.1,0.0,0.0015,1.95
276,1.222,0.0,0.0,0.0,0.0,1.95
277,1.222,0.0,0.0,0.0,0.0,1.95
278,1.222,0.0,0.0,0.0,0.0,1.95
279,1.222,0.0,0.0,0.0,0.0,1.95
280,1.2225,0.5,0.1,0.0,0.0015,1.95
281,1.222,0.0,0.0,0.0,0.0,1.95
282,1.222,0.0,0.0,0.0,0.0,1.95
283,1.2225,0.5,0.1,0.0,0.0015,1.95
284,1.222,0.0,0.0,0.0,0.0,1.95
285,1.2225,0.5,0.1,0.0,0.0015,1.95
286,1.222,0.0,0.0,0.0,0.0,1.95
287,1.222,0.0,0.0,0.0,0.0,1.95
288,1.2225,0.5,0.1,0.0,0.0015,1.95
289,1.222,0.0,0.0,0.0,0.0,1.95
290,1.2225,0.5,0.1,0.0,0.0015,1.95
291,1.2225,0.5,0.1,0.0,0.0015,1.95
292,1.2225,0.5,0.1,0.0,0.0015,1.95
293,1.222,0.0,0.0,0.0,0.0,1.95
294,1.222,0.0,0.0,0.0,0.0,1.95
295,1.2225,0.5,0.1,0.0,0.0015,1.95
296,1.222,0.0,0.0,0.0,0.0,1.95
297,1.222,0.0,0.0,0.0,0.0,1.95
298,1.2225,0.5,0.1,0.0,0.0015,1.95
299,1.222,0.0,0.0,0.0,0.0,1.95
300,1.2225,0.5,0.1,0.0,0.0015,1.95
301,1.222,0.0,0.0,0.0,0.0,1.95
302,1.2225,0.5,0.1,0.0,0.0015,1.95
303,1.2225,0.5,0.1,0.0,0.0015,1.95
304,1.222,0.0,0.0,0.0,0.0,1.95
305,1.2225,0.5,0.1,0.0,0.0015,1.95
306,1.222,0.0,0.0,0.0,0.0,1.95
307,1.222,0.0,0.0,0.0,0.0,1.95
308,1.2225,0.5,0.1,0.0,0.0015,1.95
309,1.222,0.0,0.0,0.0,0.0,1.95
310,1.2225,0.5,0.1,0.0,0.0015,1.95
311,1.2225,0.5,0.1,0.0,0.0015,1.95
312,1.2225,0.5,0.1,0.0,0.0015,1.95
313,1.222,0.0,0.0,0.0,0.0,1.95
314,1.2225,0.5,0.1,0.0,0.0015,1.95
315,1.2225,0.5,0.1,0.0,0.0015,1.95
316,1.222,0.0,0.0,0.0,0.0,1.95
317,1.222,0.0,0.0,0.0,0.0,1.95
318,1.2225,0.5,0.1,0.0,0.0015,1.95
319,1.2225,0.5,0.1,0.0,0.0015,1.95
320,1.2225,0.5,0.1,0.0,0.0015,1.95
321,1.222,0.0,0.0,0.0,0.0,1.95
322,1.222,0.0,0.0,0.0,0.0,1.95
323,1.2225,0.5,0.1,0.0,0.0015,1.95
324,1.222,0.0,0.0,0.0,0.0,1.95
325,1.222,0.0,0.0,0.0,0.0,1.95
326,1.222,0.0,0.0,0.0,0.0,1.95
327,1.2225,0.5,0.1,0.0,0.0015,1.95
328,1.222,0.0,0.0,0.0,0.0,1.95
329,1.2225,0.5,0.1,0.0,0.0015,1.95
330,1.222,0.0,0.0,0.0,0.0,1.95
331,1.2225,0.5,0.1,0.0,0.0015,1.95
332,1.222,0.0,0.0,0.0,0.0,1.95
333,1.222,0.0,0.0,0.0,0.0,1.95
334,1.222,0.0,0.0,0.0,0.0,1.95
335,1.222,0.0,0.0,0.0,0.0,1.95
336,1.2225,0.5,0.1,0.0,0.0015,1.95
337,1.222,0.0,0.0,0.0,0.0,1.95
338,1.222,0.0,0.0,0.0,0.0,1.95
339,1.222,0.0,0.0,0.0,0.0,1.95
340,1.222,0.0,0.0,0.0,0.0,1.95
341,1.2225,0.5,0.1,0.0,0.0015,1.95
342,1.222,0.0,0.0,0.0,0.0,1.95
343,1.222,0.0,0.0,0.0,0.0,1.95
344,1.2225,0.5,0.1,0.0,0.0015,1.95
345,1.2225,0.5,0.1,0.0,0.0015,1.95
346,1.222,0.0,0.0,0.0,0.0,1.95
347,1.222,0.0,0.0,0.0,0.0,1.95
348,1.2225,0.5,0.1,0.0,0.0015,1.95
349,1.222,0.0,0.0,0.0,0.0,1.95
350,1.222,0.0,0.0,0.0,0.0,1.95
351,1.2225,0.5,0.1,0.0,0.0015,1.95
352,1.222,0.0,0.0,0.0,0.0,1.95
353,1.222,0.0,0.0,0.0,0.0,1.95
354,1.2225,0.5,0.1,0.0,0.0015,1.95
355,1.222,0.0,0.0,0.0,0.0,1.95
356,1.222,0.0,0.0,0.0,0.0,1.95
357,1.222,0.0,0.0,0.0,0.0,1.95
358,1.222,0.0,0.0,0.0,0.0,1.95
359,1.222,0.0,0.0,0.0,0.0,1.95
360,1.222,0.0,0.0,0.0,0.0,1.95
361,1.222,0.0,0.0,0.0,0.0,1.95
362,1.222,0.0,0.0,0.0,0.0,1.95
363,1.222,0.0,0.0,0.0,0.0,1.95
364,1.222,0.0,0.0,0.0,0.0,1.95
365,1.2225,0.5,0.1,0.0,0.0015,1.95
366,1.222,0.0,0.0,0.0,0.0,1.95
367,1.222,0.0,0.0,0.0,0.0,1.95
368,1.222,0.0,0.0,0.0,0.0,1.95
369,1.222,0.0,0.0,0.0,0.0,1.95
370,1.2225,0.5,0.1,0.0,0.0015,1.95
371,1.222,0.0,0.0,0.0,0.0,1.95
372,1.222,0.0,0.0,0.0,0.0,1.95
373,1.2225,0.5,0.1,0.0,0.0015,1.95
374,1.2225,0.5,0.1,0.0,0.0015,1.95
375,1.222,0.0,0.0,0.0,0.0,1.95
376,1.222,0.0,0.0,0.0,0.0,1.95
377,1.222,0.0,0.0,0.0,0.0,1.95
378,1.2225,0.5,0.1,0.0,0.0015,1.95
379,1.2225,0.5,0.1,0.0,0.0015,1.95
380,1.2225,0.5,0.1,0.0,0.0015,1.95
381,1.2225,0.5,0.1,0.0,0.0015,1.95
382,1.222,0.0,0.0,0.0,0.0,1.95
383,1.2225,0.5,0.1,0.0,0.0015,1.95
384,1.222,0.0,0.0,0.0,0.0,1.95
385,1.222,0.0,0.0,0.0,0.0,1.95
386,1.2225,0.5,0.1,0.0,0.0015,1.95
387,1.2225,0.5,0.1,0.0,0.0015,1.95
388,1.222,0.0,0.0,0.0,0.0,1.95
389,1.222,0.0,0.0,0.0,0.0,1.95
390,1.222,0.0,0.0,0.0,0.0,1.95
391,1.2225,0.5,0.1,0.0,0.0015,1.95
392,1.2225,0.5,0.1,0.0,0.0015,1.95
393,1.2225,0.5,0.1,0.0,0.0015,1.95
394,1.222,0.0,0.0,0.0,0.0,1.95
395,1.222,0.0,0.0,0.0,0.0,1.95
396,1.2225,0.5,0.1,0.0,0.0015,1.95
397,1.2225,0.5,0.1,0.0,0.0015,1.95
398,1.222,0.0,0.0,0.0,0.0,1.95
399,1.222,0.0,0.0,0.0,0.0,1.95
400,1.222,0.0,0.0,0.0,0.0,1.95
401,1.222,0.0,0.0,0.0,0.0,1.95
402,1.222,0.0,0.0,0.0,0.0,1.95
403,1.222,0.0,0.0,0.0,0.0,1.95
404,1.2225,0.5,0.1,0.0,0.0015,1.95
405,1.222,0.0,0.0,0.0,0.0,1.95
406,1.222,0.0,0.0,0.0,0.0,1.95
407,1.222,0.0,0.0,0.0,0.0,1.95
408,1.222,0.0,0.0,0.0,0.0,1.95
409,1.2225,0.5,0.1,0.0,0.0015,1.95
410,1.2225,0.5,0.1,0.0,0.0015,1.95
411,1.2225,0.5,0.1,0.0,0.0015,1.95
412,1.2225,0.5,0.1,0.0,0.0015,1.95
413,1.222,0.0,0.0,0.0,0.0,1.95
414,1.2225,0.5,0.1,0.0,0.0015,1.95
415,1.222,0.0,0.0,0.0,0.0,1.95
416,1.2225,0.5,0.1,0.0,0.0015,1.95
417,1.2225,0.5,0.1,0.0,0.0015,1.95
418,1.2225,0.5,0.1,0.0,0.0015,1.95
419,1.2225,0.5,0.1,0.0,0.0015,1.95
420,1.222,0.0,0.0,0.0,0.0,1.95
421,1.2225,0.5,0.1,0.0,0.0015,1.95
422,1.222,0.0,0.0,0.0,0.0,1.95
423,1.2225,0.5,0.1,0.0,0.0015,1.95
424,1.222,0.0,0.0,0.0,0.0,1.95
425,1.222,0.0,0.0,0.0,0.0,1.95
426,1.222,0.0,0.0,0.0,0.0,1.95
427,1.2225,0.5,0.1,0.0,0.0015,1.95
428,1.222,0.0,0.0,0.0,0.0,1.95
429,1.2225,0.5,0.1,0.0,0.0015,1.95
430,1.222,0.0,0.0,0.0,0.0,1.95
431,1.222,0.0,0.0,0.0,0.0,1.95
432,1.2225,0.5,0.1,0.0,0.0015,1.95
433,1.222,0.0,0.0,0.0,0.0,1.95
434,1.2225,0.5,0.1,0.0,0.0015,1.95
435,1.222,0.0,0.0,0.0,0.0,1.95
436,1.222,0.0,0.0,0.0,0.0,1.95
437,1.222,0.0,0.0,0.0,0.0,1.95
438,1.2225,0.5,0.1,0.0,0.0015,1.95
439,1.222,0.0,0.0,0.0,0.0,1.95
440,1.2225,0.5,0.1,0.0,0.0015,1.95
441,1.2225,0.5,0.1,0.0,0.0015,1.95
442,1.2225,0.5,0.1,0.0,0.0015,1.95
443,1.2225,0.5,0.1,0.0,0.0015,1.95
444,1.2225,0.5,0.1,0.0,0.0015,1.95
445,1.222,0.0,0.0,0.0,0.0,1.95
446,1.222,0.0,0.0,0.0,0.0,1.95
447,1.222,0.0,0.0,0.0,0.0,1.95
448,1.222,0.0,0.0,0.0,0.0,1.95
449,1.2225,0.5,0.1,0.0,0.0015,1.95
450,1.222,0.0,0.0,0.0,0.0,1.95
451,1.222,0.0,0.0,0.0,0.0,1.95
452,1.2225,0.5,0.1,0.0,0.0015,1.95
453,1.2225,0.5,0.1,0.0,0.0015,1.95
454,1.222,0.0,0.0,0.0,0.0,1.95
455,1.222,0.0,0.0,0.0,0.0,1.95
456,1.222,0.0,0.0,0.0,0.0,1.95
457,1.222,0.0,0.0,0.0,0.0,1.95
458,1.2225,0.5,0.1,0.0,0.0015,1.95
459,1.222,0.0,0.0,0.0,0.0,1.95
460,1.222,0.0,0.0,0.0,0.0,1.95
461,1.222,0.0,0.0,0.0,0.0,1.95
462,1.2225,0.5,0.1,0.0,0.0015,1.95
463,1.2225,0.5,0.1,0.0,0.0015,1.95
464,1.222,0.0,0.0,0.0,0.0,1.95
465,1.2225,0.5,0.1,0.0,0.0015,1.95
466,1.222,0.0,0.0,0.0,0.0,1.95
467,1.222,0.0,0.0,0.0,0.0,1.95
468,1.2225,0.5,0.1,0.0,0.0015,1.95
469,1.222,0.0,0.0,0.0,0.0,1.95
470,1.222,0.0,0.0,0.0,0.0,1.95
471,1.222,0.0,0.0,0.0,0.0,1.95
472,1.2225,0.5,0.1,0.0,0.0015,1.95
473,1.222,0.0,0.0,0.0,0.0,1.95
474,1.222,0.0,0.0,0.0,0.0,1.95
475,1.2225,0.5,0.1,0.0,0.0015,1.95
476,1.222,0.0,0.0,0.0,0.0,1.95
477,1.2225,0.5,0.1,0.0,0.0015,1.95
478,1.222,0.0,0.0,0.0,0.0,1.95
479,1.2225,0.5,0.1,0.0,0.0015,1.95
480,1.222,0.0,0.0,0.0,0.0,1.95
481,1.2225,0.5,0.1,0.0,0.0015,1.95
482,1.2225,0.5,0.1,0.0,0.0015,1.95
483,1.222,0.0,0.0,0.0,0.0,1.95
484,1.2225,0.5,0.1,0.0,0.0015,1.95
485,1.222,0.0,0.0,0.0,0.0,1.95
486,1.222,0.0,0.0,0.0,0.0,1.95
487,1.2225,0.5,0.1,0.0,0.0015,1.95
488,1.2225,0.5,0.1,0.0,0.0015,1.95
489,1.222,0.0,0.0,0.0,0.0,1.95
490,1.2225,0.5,0.1,0.0,0.0015,1.95
491,1.2225,0.5,0.1,0.0,0.0015,1.95
492,1.2225,0.5,0.1,0.0,0.0015,1.95
493,1.2225,0.5,0.1,0.0,0.0015,1.95
494,1.222,0.0,0.0,0.0,0.0,1.95
495,1.222,0.0,0.0,0.0,0.0,1.95
496,1.2225,0.5,0.1,0.0,0.0015,1.95
497,1.222,0.0,0.0,0.0,0.0,1.95
498,1.2225,0.5,0.1,0.0,0.0015,1.95
499,1.222,0.0,0.0,0.0,0.0,1.95
500,1.2225,0.5,0.1,0.0,0.0015,1.95
501,1.2225,0.5,0.1,0.0,0.0015,1.95
502,1.222,0.0,0.0,0.0,0.0,1.95
503,1.222,0.0,0.0,0.0,0.0,1.95
504,1.222,0.0,0.0,0.0,0.0,1.95
505,1.222,0.0,0.0,0.0,0.0,1.95
506,1.222,0.0,0.0,0.0,0.0,1.95
507,1.222,0.0,0.0,0.0,0.0,1.95
508,1.222,0.0,0.0,0.0,0.0,1.95
509,1.2225,0.5,0.1,0.0,0.0015,1.95
510,1.222,0.0,0.0,0.0,0.0,1.95
511,1.222,0.0,0.0,0.0,0.0,1.95
512,1.2225,0.5,0.1,0.0,0.0015,1.95
513,1.2225,0.5,0.1,0.0,0.0015,1.95
514,1.222,0.0,0.0,0.0,0.0,1.95
515,1.2225,0.5,0.1,0.0,0.0015,1.95
516,1.222,0.0,0.0,0.0,0.0,1.95
517,1.222,0.0,0.0,0.0,0.0,1.95
518,1.222,0.0,0.0,0.0,0.0,1.95
519,1.222,0.0,0.0,0.0,0.0,1.95
520,1.222,0.0,0.0,0.0,0.0,1.95
521,1.222,0.0,0.0,0.0,0.0,1.95
522,1.2225,0.5,0.1,0.0,0.0015,1.95
523,1.222,0.0,0.0,0.0,0.0,1.95
524,1.222,0.0,0.0,0.0,0.0,1.95
525,1.2225,0.5,0.1,0.0,0.0015,1.95
526,1.2225,0.5,0.1,0.0,0.0015,1.95
527,1.222,0.0,0.0,0.0,0.0,1.95
528,1.222,0.0,0.0,0.0,0.0,1.95
529,1.222,0.0,0.0,0.0,0.0,1.95
530,1.2225,0.5,0.1,0.0,0.0015,1.95
531,1.2225,0.5,0.1,0.0,0.0015,1.95
532,1.2225,0.5,0.1,0.0,0.0015,1.95
533,1.2225,0.5,0.1,0.0,0.0015,1.95
534,1.2225,0.5,0.1,0.0,0.0015,1.95
535,1.222,0.0,0.0,0.0,0.0,1.95
536,1.222,0.0,0.0,0.0,0.0,1.95
537,1.2225,0.5,0.1,0.0,0.0015,1.95
538,1.2225,0.5,0.1,0.0,0.0015,1.95
539,1.2225,0.5,0.1,0.0,0.0015,1.95
540,1.222,0.0,0.0,0.0,0.0,1.95
541,1.222,0.0,0.0,0.0,0.0,1.95
542,1.2225,0.5,0.1,0.0,0.0015,1.95
543,1.222,0.0,0.0,0.0,0.0,1.95
544,1.222,0.0,0.0,0.0,0.0,1.95
545,1.222,0.0,0.0,0.0,0.0,1.95
546,1.2225,0.5,0.1,0.0,0.0015,1.95
547,1.2225,0.5,0.1,0.0,0.0015,1.95
548,1.2225,0.5,0.1,0.0,0.0015,1.95
549,1.222,0.0,0.0,0.0,0.0,1.95
550,1.2225,0.5,0.1,0.0,0.0015,1.95
551,1.2225,0.5,0.1,0.0,0.0015,1.95
552,1.222,0.0,0.0,0.0,0.0,1.95
553,1.2225,0.5,0.1,0.0,0.0015,1.95
554,1.222,0.0,0.0,0.0,0.0,1.95
555,1.2225,0.5,0.1,0.0,0.0015,1.95
556,1.2225,0.5,0.1,0.0,0.0015,1.95
557,1.222,0.0,0.0,0.0,0.0,1.95
558,1.2225,0.5,0.1,0.0,0.0015,1.95
559,1.222,0.0,0.0,0.0,0.0,1.95
560,1.222,0.0,0.0,0.0,0.0,1.95
561,1.222,0.0,0.0,0.0,0.0,1.95
562,1.222,0.0,0.0,0.0,0.0,1.95
563,1.222,0.0,0.0,0.0,0.0,1.95
564,1.222,0.0,0.0,0.0,0.0,1.95
565,1.2225,0.5,0.1,0.0,0.0015,1.95
566,1.222,0.0,0.0,0.0,0.0,1.95
567,1.222,0.0,0.0,0.0,0.0,1.95
568,1.222,0.0,0.0,0.0,0.0,1.95
569,1.2225,0.5,0.1,0.0,0.0015,1.95
570,1.2225,0.5,0.1,0.0,0.0015,1.95
571,1.2225,0.5,0.1,0.0,0.0015,1.95
572,1.222,0.0,0.0,0.0,0.0,1.95
573,1.2225,0.5,0.1,0.0,0.0015,1.95
574,1.2225,0.5,0.1,0.0,0.0015,1.95
575,1.222,0.0,0.0,0.0,0.0,1.95
576,1.2225,0.5,0.1,0.0,0.0015,1.95
577,1.2225,0.5,0.1,0.0,0.0015,1.95
578,1.222,0.0,0.0,0.0,0.0,1.95
579,1.222,0.0,0.0,0.0,0.0,1.95
580,1.222,0.0,0.0,0.0,0.0,1.95
581,1.222,0.0,0.0,0.0,0.0,1.95
582,1.2225,0.5,0.1,0.0,0.0015,1.95
583,1.2225,0.5,0.1,0.0,0.0015,1.95
584,1.222,0.0,0.0,0.0,0.0,1.95
585,1.2225,0.5,0.1,0.0,0.0015,1.95
586,1.2225,0.5,0.1,0.0,0.0015,1.95
587,1.222,0.0,0.0,0.0,0.0,1.95
588,1.222,0.0,0.0,0.0,0.0,1.95
589,1.222,0.0,0.0,0.0,0.0,1.95
590,1.2225,0.5,0.1,0.0,0.0015,1.95
591,1.222,0.0,0.0,0.0,0.0,1.95
592,1.222,0.0,0.0,0.0,0.0,1.95
593,1.2225,0.5,0.1,0.0,0.0015,1.95
594,1.2225,0.5,0.1,0.0,0.0015,1.95
595,1.222,0.0,0.0,0.0,0.0,1.95
596,1.222,0.0,0.0,0.0,0.0,1.95
597,1.222,0.0,0.0,0.0,0.0,1.95
598,1.2225,0.5,0.1,0.0,0.0015,1.95
599,1.2225,0.5,0.1,0.0,0.0015,1.95
600,1.2225,0.5,0.1,0.0,0.0015,1.95
601,1.222,0.0,0.0,0.0,0.0,1.95
602,1.2225,0.5,0.1,0.0,0.0015,1.95
603,1.2225,0.5,0.1,0.0,0.0015,1.95
604,1.2225,0.5,0.1,0.0,0.0015,1.95
605,1.222,0.0,0.0,0.0,0.0,1.95
606,1.2225,0.5,0.1,0.0,0.0015,1.95
607,1.2225,0.5,0.1,0.0,0.0015,1.95
608,1.222,0.0,0.0,0.0,0.0,1.95
609,1.222,0.0,0.0,0.0,0.0,1.95
610,1.2225,0.5,0.1,0.0,0.0015,1.95
611,1.222,0.0,0.0,0.0,0.0,1.95
612,1.222,0.0,0.0,0.0,0.0,1.95
613,1.2225,0.5,0.1,0.0,0.0015,1.95
614,1.222,0.0,0.0,0.0,0.0,1.95
615,1.222,0.0,0.0,0.0,0.0,1.95
616,1.2225,0.5,0.1,0.0,0.0015,1.95
617,1.2225,0.5,0.1,0.0,0.0015,1.95
618,1.222,0.0,0.0,0.0,0.0,1.95
619,1.222,0.0,0.0,0.0,0.0,1.95
620,1.222,0.0,0.0,0.0,0.0,1.95
621,1.222,0.0,0.0,0.0,0.0,1.95
622,1.222,0.0,0.0,0.0,0.0,1.95
623,1.222,0.0,0.0,0.0,0.0,1.95
624,1.222,0.0,0.0,0.0,0.0,1.95
625,1.222,0.0,0.0,0.0,0.0,1.95
626,1.222,0.0,0.0,0.0,0.0,1.95
627,1.222,0.0,0.0,0.0,0.0,1.95
628,1.222,0.0,0.0,0.0,0.0,1.95
629,1.2225,0.5,0.1,0.0,0.0015,1.95
630,1.2225,0.5,0.1,0.0,0.0015,1.95
631,1.222,0.0,0.0,0.0,0.0,1.95
632,1.2225,0.5,0.1,0.0,0.0015,1.95
633,1.222,0.0,0.0,0.0,0.0,1.95
634,1.2225,0.5,0.1,0.0,0.0015,1.95
635,1.2225,0.5,0.1,0.0,0.0015,1.95
636,1.222,0.0,0.0,0.0,0.0,1.95
637,1.222,0.0,0.0,0.0,0.0,1.95
638,1.222,0.0,0.0,0.0,0.0,1.95
639,1.2225,0.5,0.1,0.0,0.0015,1.95
640,1.222,0.0,0.0,0.0,0.0,1.95
641,1.222,0.0,0.0,0.0,0.0,1.95
642,1.2225,0.5,0.1,0.0,0.0015,1.95
643,1.222,0.0,0.0,0.0,0.0,1.95
644,1.2225,0.5,0.1,0.0,0.0015,1.95
645,1.222,0.0,0.0,0.0,0.0,1.95
646,1.2225,0.5,0.1,0.0,0.0015,1.95
647,1.222,0.0,0.0,0.0,0.0,1.95
648,1.2225,0.5,0.1,0.0,0.0015,1.95
649,1.222,0.0,0.0,0.0,0.0,1.95
650,1.2225,0.5,0.1,0.0,0.0015,1.95
651,1.2225,0.5,0.1,0.0,0.0015,1.95
652,1.2225,0.5,0.1,0.0,0.0015,1.95
653,1.2225,0.5,0.1,0.0,0.0015,1.95
654,1.222,0.0,0.0,0.0,0.0,1.95
655,1.2225,0.5,0.1,0.0,0.0015,1.95
656,1.222,0.0,0.0,0.0,0.0,1.95
657,1.222,0.0,0.0,0.0,0.0,1.95
658,1.2225,0.5,0.1,0.0,0.0015,1.95
659,1.222,0.0,0.0,0.0,0.0,1.95
660,1.2225,0.5,0.1,0.0,0.0015,1.95
661,1.2225,0.5,0.1,0.0,0.0015,1.95
662,1.222,0.0,0.0,0.0,0.0,1.95
663,1.2225,0.5,0.1,0.0,0.0015,1.95
664,1.222,0.0,0.0,0.0,0.0,1.95
665,1.2225,0.5,0.1,0.0,0.0015,1.95
666,1.222,0.0,0.0,0.0,0.0,1.95
667,1.222,0.0,0.0,0.0,0.0,1.95
668,1.222,0.0,0.0,0.0,0.0,1.95
669,1.222,0.0,0.0,0.0,0.0,1.95
670,1.2225,0.5,0.1,0.0,0.0015,1.95
671,1.2225,0.5,0.1,0.0,0.0015,1.95
672,1.2225,0.5,0.1,0.0,0.0015,1.95
673,1.2225,0.5,0.1,0.0,0.0015,1.95
674,1.222,0.0,0.0,0.0,0.0,1.95
675,1.2225,0.5,0.1,0.0,0.0015,1.95
676,1.2225,0.5,0.1,0.0,0.0015,1.95
677,1.222,0.0,0.0,0.0,0.0,1.95
678,1.2225,0.5,0.1,0.0,0.0015,1.95
679,1.222,0.0,0.0,0.0,0.0,1.95
680,1.222,0.0,0.0,0.0,0.0,1.95
681,1.222,0.0,0.0,0.0,0.0,1.95
682,1.2225,0.5,0.1,0.0,0.0015,1.95
683,1.222,0.0,0.0,0.0,0.0,1.95
684,1.2225,0.5,0.1,0.0,0.0015,1.95
685,1.2225,0.5,0.1,0.0,0.0015,1.95
686,1.222,0.0,0.0,0.0,0.0,1.95
687,1.2225,0.5,0.1,0.0,0.0015,1.95
688,1.222,0.0,0.0,0.0,0.0,1.95
689,1.222,0.0,0.0,0.0,0.0,1.95
690,1.2225,0.5,0.1,0.0,0.0015,1.95
691,1.2225,0.5,0.1,0.0,0.0015,1.95
692,1.222,0.0,0.0,0.0,0.0,1.95
693,1.2225,0.5,0.1,0.0,0.0015,1.95
694,1.222,0.0,0.0,0.0,0.0,1.95
695,1.222,0.0,0.0,0.0,0.0,1.95
696,1.2225,0.5,0.1,0.0,0.0015,1.95
697,1.222,0.0,0.0,0.0,0.0,1.95
698,1.2225,0.5,0.1,0.0,0.0015,1.95
699,1.222,0.0,0.0,0.0,0.0,1.95
700,1.2225,0.5,0.1,0.0,0.0015,1.95
701,1.222,0.0,0.0,0.0,0.0,1.95
702,1.222,0.0,0.0,0.0,0.0,1.95
703,1.222,0.0,0.0,0.0,0.0,1.95
704,1.222,0.0,0.0,0.0,0.0,1.95
705,1.2225,0.5,0.1,0.0,0.0015,1.95
706,1.222,0.0,0.0,0.0,0.0,1.95
707,1.222,0.0,0.0,0.0,0.0,1.95
708,1.222,0.0,0.0,0.0,0.0,1.95
709,1.222,0.0,0.0,0.0,0.0,1.95
710,1.2225,0.5,0.1,0.0,0.0015,1.95
711,1.222,0.0,0.0,0.0,0.0,1.95
712,1.222,0.0,0.0,0.0,0.0,1.95
713,1.2225,0.5,0.1,0.0,0.0015,1.95
714,1.2225,0.5,0.1,0.0,0.0015,1.95
715,1.222,0.0,0.0,0.0,0.0,1.95
716,1.2225,0.5,0.1,0.0,0.0015,1.95
717,1.2225,0.5,0.1,0.0,0.0015,1.95
718,1.222,0.0,0.0,0.0,0.0,1.95
719,1.2225,0.5,0.1,0.0,0.0015,1.95
720,1.2225,0.5,0.1,0.0,0.0015,1.95
721,1.222,0.0,0.0,0.0,0.0,1.95
722,1.2225,0.5,0.1,0.0,0.0015,1.95
723,1.2225,0.5,0.1,0.0,0.0015,1.95
724,1.2225,0.5,0.1,0.0,0.0015,1.95
725,1.2225,0.5,0.1,0.0,0.0015,1.95
726,1.2225,0.5,0.1,0.0,0.0015,1.95
727,1.222,0.0,0.0,0.0,0.0,1.95
728,1.222,0.0,0.0,0.0,0.0,1.95
729,1.2225,0.5,0.1,0.0,0.0015,1.95
730,1.222,0.0,0.0,0.0,0.0,1.95
731,1.2225,0.5,0.1,0.0,0.0015,1.95
732,1.222,0.0,0.0,0.0,0.0,1.95
733,1.222,0.0,0.0,0.0,0.0,1.95
734,1.222,0.0,0.0,0.0,0.0,1.95
735,1.222,0.0,0.0,0.0,0.0,1.95
736,1.222,0.0,0.0,0.0,0.0,1.95
737,1.2225,0.5,0.1,0.0,0.0015,1.95
738,1.222,0.0,0.0,0.0,0.0,1.95
739,1.2225,0.5,0.1,0.0,0.0015,1.95
740,1.222,0.0,0.0,0.0,0.0,1.95
741,1.222,0.0,0.0,0.0,0.0,1.95
742,1.222,0.0,0.0,0.0,0.0,1.95
743,1.2225,0.5,0.1,0.0,0.0015,1.95
744,1.2225,0.5,0.1,0.0,0.0015,1.95
745,1.222,0.0,0.0,0.0,0.0,1.95
746,1.2225,0.5,0.1,0.0,0.0015,1.95
747,1.222,0.0,0.0,0.0,0.0,1.95
748,1.222,0.0,0.0,0.0,0.0,1.95
749,1.222,0.0,0.0,0.0,0.0,1.95
750,1.222,0.0,0.0,0.0,0.0,1.95
751,1.222,0.0,0.0,0.0,0.0,1.95
752,1.2225,0.5,0.1,0.0,0.0015,1.95
753,1.222,0.0,0.0,0.0,0.0,1.95
754,1.222,0.0,0.0,0.0,0.0,1.95
755,1.222,0.0,0.0,0.0,0.0,1.95
756,1.2225,0.5,0.1,0.0,0.0015,1.95
757,1.2225,0.5,0.1,0.0,0.0015,1.95
758,1.222,0.0,0.0,0.0,0.0,1.95
759,1.222,0.0,0.0,0.0,0.0,1.95
760,1.222,0.0,0.0,0.0,0.0,1.95
761,1.2225,0.5,0.1,0.0,0.0015,1.95
762,1.222,0.0,0.0,0.0,0.0,1.95
763,1.222,0.0,0.0,0.0,0.0,1.95
764,1.222,0.0,0.0,0.0,0.0,1.95
765,1.2225,0.5,0.1,0.0,0.0015,1.95
766,1.222,0.0,0.0,0.0,0.0,1.95
767,1.222,0.0,0.0,0.0,0.0,1.95
768,1.2225,0.5,0.1,0.0,0.0015,1.95
769,1.2225,0.5,0.1,0.0,0.0015,1.95
770,1.222,0.0,0.0,0.0,0.0,1.95
771,1.222,0.0,0.0,0.0,0.0,1.95
772,1.2225,0.5,0.1,0.0,0.0015,1.95
773,1.222,0.0,0.0,0.0,0.0,1.95
774,1.2225,0.5,0.1,0.0,0.0015,1.95
775,1.2225,0.5,0.1,0.0,0.0015,1.95
776,1.222,0.0,0.0,0.0,0.0,1.95
777,1.222,0.0,0.0,0.0,0.0,1.95
778,1.2225,0.5,0.1,0.0,0.0015,1.95
779,1.222,0.0,0.0,0.0,0.0,1.95
780,1.222,0.0,0.0,0.0,0.0,1.95
781,1.222,0.0,0.0,0.0,0.0,1.95
782,1.2225,0.5,0.1,0.0,0.0015,1.95
783,1.2225,0.5,0.1,0.0,0.0015,1.95
784,1.222,0.0,0.0,0.0,0.0,1.95
785,1.222,0.0,0.0,0.0,0.0,1.95
786,1.222,0.0,0.0,0.0,0.0,1.95
787,1.2225,0.5,0.1,0.0,0.0015,1.95
788,1.222,0.0,0.0,0.0,0.0,1.95
789,1.222,0.0,0.0,0.0,0.0,1.95
790,1.2225,0.5,0.1,0.0,0.0015,1.95
791,1.2225,0.5,0.1,0.0,0.0015,1.95
792,1.222,0.0,0.0,0.0,0.0,1.95
793,1.2225,0.5,0.1,0.0,0.0015,1.95
794,1.222,0.0,0.0,0.0,0.0,1.95
795,1.222,0.0,0.0,0.0,0.0,1.95
796,1.222,0.0,0.0,0.0,0.0,1.95
797,1.2225,0.5,0.1,0.0,0.0015,1.95
798,1.222,0.0,0.0,0.0,0.0,1.95
799,1.222,0.0,0.0,0.0,0.0,1.95
800,1.2225,0.5,0.1,0.0,0.0015,1.95
801,1.2225,0.5,0.1,0.0,0.0015,1.95
802,1.2225,0.5,0.1,0.0,0.0015,1.95
803,1.2225,0.5,0.1,0.0,0.0015,1.95
804,1.222,0.0,0.0,0.0,0.0,1.95
805,1.222,0.0,0.0,0.0,0.0,1.95
806,1.222,0.0,0.0,0.0,0.0,1.95
807,1.222,0.0,0.0,0.0,0.0,1.95
808,1.222,0.0,0.0,0.0,0.0,1.95
809,1.2225,0.5,0.1,0.0,0.0015,1.95
810,1.2225,0.5,0.1,0.0,0.0015,1.95
811,1.2225,0.5,0.1,0.0,0.0015,1.95
812,1.2225,0.5,0.1,0.0,0.0015,1.95
813,1.2225,0.5,0.1,0.0,0.0015,1.95
814,1.2225,0.5,0.1,0.0,0.0015,1.95
815,1.2225,0.5,0.1,0.0,0.0015,1.95
816,1.2225,0.5,0.1,0.0,0.0015,1.95
817,1.222,0.0,0.0,0.0,0.0,1.95
818,1.222,0.0,0.0,0.0,0.0,1.95
819,1.222,0.0,0.0,0.0,0.0,1.95
820,1.222,0.0,0.0,0.0,0.0,1.95
821,1.222,0.0,0.0,0.0,0.0,1.95
822,1.2225,0.5,0.1,0.0,0.0015,1.95
823,1.222,0.0,0.0,0.0,0.0,1.95
824,1.2225,0.5,0.1,0.0,0.0015,1.95
825,1.2225,0.5,0.1,0.0,0.0015,1.95
826,1.222,0.0,0.0,0.0,0.0,1.95
827,1.2225,0.5,0.1,0.0,0.0015,1.95
828,1.222,0.0,0.0,0.0,0.0,1.95
829,1.222,0.0,0.0,0.0,0.0,1.95
830,1.2225,0.5,0.1,0.0,0.0015,1.95
831,1.2225,0.5,0.1,0.0,0.0015,1.95
832,1.222,0.0,0.0,0.0,0.0,1.95
833,1.222,0.0,0.0,0.0,0.0,1.95
834,1.222,0.0,0.0,0.0,0.0,1.95
835,1.222,0.0,0.0,0.0,0.0,1.95
836,1.222,0.0,0.0,0.0,0.0,1.95
837,1.222,0.0,0.0,0.0,0.0,1.95
838,1.2225,0.5,0.1,0.0,0.0015,1.95
839,1.222,0.0,0.0,0.0,0.0,1.95
840,1.222,0.0,0.0,0.0,0.0,1.95
841,1.222,0.0,0.0,0.0,0.0,1.95
842,1.222,0.0,0.0,0.0,0.0,1.95
843,1.2225,0.5,0.1,0.0,0.0015,1.95
844,1.2225,0.5,0.1,0.0,0.0015,1.95
845,1.2225,0.5,0.1,0.0,0.0015,1.95
846,1.2225,0.5,0.1,0.0,0.0015,1.95
847,1.222,0.0,0.0,0.0,0.0,1.95
848,1.222,0.0,0.0,0.0,0.0,1.95
849,1.2225,0.5,0.1,0.0,0.0015,1.95
850,1.222,0.0,0.0,0.0,0.0,1.95
851,1.222,0.0,0.0,0.0,0.0,1.95
852,1.222,0.0,0.0,0.0,0.0,1.95
853,1.222,0.0,0.0,0.0,0.0,1.95
854,1.222,0.0,0.0,0.0,0.0,1.95
855,1.2225,0.5,0.1,0.0,0.0015,1.95
856,1.222,0.0,0.0,0.0,0.0,1.95
857,1.222,0.0,0.0,0.0,0.0,1.95
858,1.222,0.0,0.0,0.0,0.0,1.95
859,1.2225,0.5,0.1,0.0,0.0015,1.95
860,1.222,0.0,0.0,0.0,0.0,1.95
861,1.2225,0.5,0.1,0.0,0.0015,1.95
862,1.222,0.0,0.0,0.0,0.0,1.95
863,1.2225,0.5,0.1,0.0,0.0015,1.95
864,1.2225,0.5,0.1,0.0,0.0015,1.95
865,1.2225,0.5,0.1,0.0,0.0015,1.95
866,1.2225,0.5,0.1,0.0,0.0015,1.95
867,1.2225,0.5,0.1,0.0,0.0015,1.95
868,1.222,0.0,0.0,0.0,0.0,1.95
869,1.2225,0.5,0.1,0.0,0.0015,1.95
870,1.222,0.0,0.0,0.0,0.0,1.95
871,1.2225,0.5,0.1,0.0,0.0015,1.95
872,1.222,0.0,0.0,0.0,0.0,1.95
873,1.222,0.0,0.0,0.0,0.0,1.95
874,1.2225,0.5,0.1,0.0,0.0015,1.95
875,1.222,0.0,0.0,0.0,0.0,1.95
876,1.222,0.0,0.0,0.0,0.0,1.95
877,1.2225,0.5,0.1,0.0,0.0015,1.95
878,1.2225,0.5,0.1,0.0,0.0015,1.95
879,1.222,0.0,0.0,0.0,0.0,1.95
880,1.2225,0.5,0.1,0.0,0.0015,1.95
881,1.2225,0.5,0.1,0.0,0.0015,1.95
882,1.2225,0.5,0.1,0.0,0.0015,1.95
883,1.222,0.0,0.0,0.0,0.0,1.95
884,1.2225,0.5,0.1,0.0,0.0015,1.95
885,1.2225,0.5,0.1,0.0,0.0015,1.95
886,1.222,0.0,0.0,0.0,0.0,1.95
887,1.222,0.0,0.0,0.0,0.0,1.95
888,1.222,0.0,0.0,0.0,0.0,1.95
889,1.2225,0.5,0.1,0.0,0.0015,1.95
890,1.2225,0.5,0.1,0.0,0.0015,1.95
891,1.2225,0.5,0.1,0.0,0.0015,1.95
892,1.222,0.0,0.0,0.0,0.0,1.95
893,1.222,0.0,0.0,0.0,0.0,1.95
894,1.2225,0.5,0.1,0.0,0.0015,1.95
895,1.222,0.0,0.0,0.0,0.0,1.95
896,1.222,0.0,0.0,0.0,0.0,1.95
897,1.2225,0.5,0.1,0.0,0.0015,1.95
898,1.2225,0.5,0.1,0.0,0.0015,1.95
899,1.222,0.0,0.0,0.0,0.0,1.95
900,1.2225,0.5,0.1,0.0,0.0015,1.95
901,1.222,0.0,0.0,0.0,0.0,1.95
902,1.222,0.0,0.0,0.0,0.0,1.95
903,1.2225,0.5,0.1,0.0,0.0015,1.95
904,1.222,0.0,0.0,0.0,0.0,1.95
905,1.2225,0.5,0.1,0.0,0.0015,1.95
906,1.222,0.0,0.0,0.0,0.0,1.95
907,1.2225,0.5,0.1,0.0,0.0015,1.95
908,1.2225,0.5,0.1,0.0,0.0015,1.95
909,1.222,0.0,0.0,0.0,0.0,1.95
910,1.222,0.0,0.0,0.0,0.0,1.95
911,1.2225,0.5,0.1,0.0,0.0015,1.95
912,1.2225,0.5,0.1,0.0,0.0015,1.95
913,1.2225,0.5,0.1,0.0,0.0015,1.95
914,1.2225,0.5,0.1,0.0,0.0015,1.95
915,1.222,0.0,0.0,0.0,0.0,1.95
916,1.222,0.0,0.0,0.0,0.0,1.95
917,1.222,0.0,0.0,0.0,0.0,1.95
918,1.222,0.0,0.0,0.0,0.0,1.95
919,1.222,0.0,0.0,0.0,0.0,1.95
920,1.222,0.0,0.0,0.0,0.0,1.95
921,1.2225,0.5,0.1,0.0,0.0015,1.95
922,1.2225,0.5,0.1,0.0,0.0015,1.95
923,1.222,0.0,0.0,0.0,0.0,1.95
924,1.2225,0.5,0.1,0.0,0.0015,1.95
925,1.2225,0.5,0.1,0.0,0.0015,1.95
926,1.222,0.0,0.0,0.0,0.0,1.95
927,1.222,0.0,0.0,0.0,0.0,1.95
928,1.222,0.0,0.0,0.0,0.0,1.95
929,1.222,0.0,0.0,0.0,0.0,1.95
930,1.2225,0.5,0.1,0.0,0.0015,1.95
931,1.222,0.0,0.0,0.0,0.0,1.95
932,1.2225,0.5,0.1,0.0,0.0015,1.95
933,1.2225,0.5,0.1,0.0,0.0015,1.95
934,1.2225,0.5,0.1,0.0,0.0015,1.95
935,1.2225,0.5,0.1,0.0,0.0015,1.95
936,1.2225,0.5,0.1,0.0,0.0015,1.95
937,1.222,0.0,0.0,0.0,0.0,1.95
938,1.222,0.0,0.0,0.0,0.0,1.95
939,1.222,0.0,0.0,0.0,0.0,1.95
940,1.222,0.0,0.0,0.0,0.0,1.95
941,1.222,0.0,0.0,0.0,0.0,1.95
942,1.2225,0.5,0.1,0.0,0.0015,1.95
943,1.222,0.0,0.0,0.0,0.0,1.95
944,1.222,0.0,0.0,0.0,0.0,1.95
945,1.222,0.0,0.0,0.0,0.0,1.95
946,1.222,0.0,0.0,0.0,0.0,1.95
947,1.2225,0.5,0.1,0.0,0.0015,1.95
948,1.222,0.0,0.0,0.0,0.0,1.95
949,1.2225,0.5,0.1,0.0,0.0015,1.95
950,1.2225,0.5,0.1,0.0,0.0015,1.95
951,1.222,0.0,0.0,0.0,0.0,1.95
952,1.2225,0.5,0.1,0.0,0.0015,1.95
953,1.222,0.0,0.0,0.0,0.0,1.95
954,1.2225,0.5,0.1,0.0,0.0015,1.95
955,1.222,0.0,0.0,0.0,0.0,1.95
956,1.222,0.0,0.0,0.0,0.0,1.95
957,1.222,0.0,0.0,0.0,0.0,1.95
958,1.222,0.0,0.0,0.0,0.0,1.95
959,1.222,0.0,0.0,0.0,0.0,1.95
960,1.2225,0.5,0.1,0.0,0.0015,1.95
961,1.222,0.0,0.0,0.0,0.0,1.95
962,1.222,0.0,0.0,0.0,0.0,1.95
963,1.2225,0.5,0.1,0.0,0.0015,1.95
964,1.222,0.0,0.0,0.0,0.0,1.95
965,1.222,0.0,0.0,0.0,0.0,1.95
966,1.2225,0.5,0.1,0.0,0.0015,1.95
967,1.222,0.0,0.0,0.0,0.0,1.95
968,1.222,0.0,0.0,0.0,0.0,1.95
969,1.2225,0.5,0.1,0.0,0.0015,1.95
970,1.222,0.0,0.0,0.0,0.0,1.95
971,1.2225,0.5,0.1,0.0,0.0015,1.95
972,1.2225,0.5,0.1,0.0,0.0015,1.95
973,1.222,0.0,0.0,0.0,0.0,1.95
974,1.2225,0.5,0.1,0.0,0.0015,1.95
975,1.222,0.0,0.0,0.0,0.0,1.95
976,1.2225,0.5,0.1,0.0,0.0015,1.95
977,1.222,0.0,0.0,0.0,0.0,1.95
978,1.2225,0.5,0.1,0.0,0.0015,1.95
979,1.222,0.0,0.0,0.0,0.0,1.95
980,1.222,0.0,0.0,0.0,0.0,1.95
981,1.2225,0.5,0.1,0.0,0.0015,1.95
982,1.222,0.0,0.0,0.0,0.0,1.95
983,1.222,0.0,0.0,0.0,0.0,1.95
984,1.222,0.0,0.0,0.0,0.0,1.95
985,1.2225,0.5,0.1,0.0,0.0015,1.95
986,1.222,0.0,0.0,0.0,0.0,1.95
987,1.222,0.0,0.0,0.0,0.0,1.95
988,1.222,0.0,0.0,0.0,0.0,1.95
989,1.222,0.0,0.0,0.0,0.0,1.95
990,1.222,0.0,0.0,0.0,0.0,1.95
991,1.222,0.0,0.0,0.0,0.0,1.95
992,1.222,0.0,0.0,0.0,0.0,1.95
993,1.2225,0.5,0.1,0.0,0.0015,1.95
994,1.2225,0.5,0.1,0.0,0.0015,1.95
995,1.2225,0.5,0.1,0.0,0.0015,1.95
996,1.222,0.0,0.0,0.0,0.0,1.95
997,1.2225,0.5,0.1,0.0,0.0015,1.95
998,1.2225,0.5,0.1,0.0,0.0015,1.95
999,1.222,0.0,0.0,0.0,0.0,1.95
1000,1.222,0.0,0.0,0.0,0.0,1.95
1001,1.222,0.0,0.0,0.0,0.0,1.95
1002,1.2225,0.5,0.1,0.0,0.0015,1.95
1003,1.222,0.0,0.0,0.0,0.0,1.95
1004,1.222,0.0,0.0,0.0,0.0,1.95
1005,1.2225,0.5,0.1,0.0,0.0015,1.95
1006,1.2225,0.5,0.1,0.0,0.0015,1.95
1007,1.2225,0.5,0.1,0.0,0.0015,1.95
1008,1.2225,0.5,0.1,0.0,0.0015,1.95
1009,1.222,0.0,0.0,0.0,0.0,1.95
1010,1.2225,0.5,0.1,0.0,0.0015,1.95
1011,1.2225,0.5,0.1,0.0,0.0015,1.95
1012,1.2225,0.5,0.1,0.0,0.0015,1.95
1013,1.222,0.0,0.0,0.0,0.0,1.95
1014,1.222,0.0,0.0,0.0,0.0,1.95
1015,1.2225,0.5,0.1,0.0,0.0015,1.95
1016,1.2225,0.5,0.1,0.0,0.0015,1.95
1017,1.2225,0.5,0.1,0.0,0.0015,1.95
1018,1.2225,0.5,0.1,0.0,0.0015,1.95
1019,1.2225,0.5,0.1,0.0,0.0015,1.95
1020,1.222,0.0,0.0,0.0,0.0,1.95
1021,1.222,0.0,0.0,0.0,0.0,1.95
1022,1.222,0.0,0.0,0.0,0.0,1.95
1023,1.222,0.0,0.0,0.0,0.0,1.95
1024,1.2225,0.5,0.1,0.0,0.0015,1.95
1025,1.222,0.0,0.0,0.0,0.0,1.95
1026,1.2225,0.5,0.1,0.0,0.0015,1.95
1027,1.222,0.0,0.0,0.0,0.0,1.95
1028,1.222,0.0,0.0,0.0,0.0,1.95
1029,1.222,0.0,0.0,0.0,0.0,1.95
1030,1.2225,0.5,0.1,0.0,0.0015,1.95
1031,1.2225,0.5,0.1,0.0,0.0015,1.95
1032,1.222,0.0,0.0,0.0,0.0,1.95
1033,1.222,0.0,0.0,0.0,0.0,1.95
1034,1.222,0.0,0.0,0.0,0.0,1.95
1035,1.222,0.0,0.0,0.0,0.0,1.95
1036,1.2225,0.5,0.1,0.0,0.0015,1.95
1037,1.222,0.0,0.0,0.0,0.0,1.95
1038,1.222,0.0,0.0,0.0,0.0,1.95
1039,1.2225,0.5,0.1,0.0,0.0015,1.95
1040,1.222,0.0,0.0,0.0,0.0,1.95
1041,1.222,0.0,0.0,0.0,0.0,1.95
1042,1.2225,0.5,0.1,0.0,0.0015,1.95
1043,1.222,0.0,0.0,0.0,0.0,1.95
1044,1.222,0.0,0.0,0.0,0.0,1.95
1045,1.2225,0.5,0.1,0.0,0.0015,1.95
1046,1.2225,0.5,0.1,0.0,0.0015,1.95
1047,1.2225,0.5,0.1,0.0,0.0015,1.95
1048,1.2225,0.5,0.1,0.0,0.0015,1.95
1049,1.2225,0.5,0.1,0.0,0.0015,1.95
1050,1.2225,0.5,0.1,0.0,0.0015,1.95
1051,1.2225,0.5,0.1,0.0,0.0015,1.95
1052,1.2225,0.5,0.1,0.0,0.0015,1.95
1053,1.2225,0.5,0.1,0.0,0.0015,1.95
1054,1.222,0.0,0.0,0.0,0.0,1.95
1055,1.222,0.0,0.0,0.0,0.0,1.95
1056,1.2225,0.5,0.1,0.0,0.0015,1.95
1057,1.222,0.0,0.0,0.0,0.0,1.95
1058,1.2225,0.5,0.1,0.0,0.0015,1.95
1059,1.222,0.0,0.0,0.0,0.0,1.95
1060,1.2225,0.5,0.1,0.0,0.0015,1.95
1061,1.2225,0.5,0.1,0.0,0.0015,1.95
1062,1.2225,0.5,0.1,0.0,0.0015,1.95
1063,1.222,0.0,0.0,0.0,0.0,1.95
1064,1.222,0.0,0.0,0.0,0.0,1.95
1065,1.2225,0.5,0.1,0.0,0.0015,1.95
1066,1.2225,0.5,0.1,0.0,0.0015,1.95
1067,1.2225,0.5,0.1,0.0,0.0015,1.95
1068,1.2225,0.5,0.1,0.0,0.0015,1.95
1069,1.222,0.0,0.0,0.0,0.0,1.95
1070,1.222,0.0,0.0,0.0,0.0,1.95
1071,1.222,0.0,0.0,0.0,0.0,1.95
1072,1.2225,0.5,0.1,0.0,0.0015,1.95
1073,1.222,0.0,0.0,0.0,0.0,1.95
1074,1.222,0.0,0.0,0.0,0.0,1.95
1075,1.222,0.0,0.0,0.0,0.0,1.95
1076,1.2225,0.5,0.1,0.0,0.0015,1.95
1077,1.222,0.0,0.0,0.0,0.0,1.95
1078,1.2225,0.5,0.1,0.0,0.0015,1.95
1079,1.222,0.0,0.0,0.0,0.0,1.95
1080,1.2225,0.5,0.1,0.0,0.0015,1.95
1081,1.222,0.0,0.0,0.0,0.0,1.95
1082,1.2225,0.5,0.1,0.0,0.0015,1.95
1083,1.2225,0.5,0.1,0.0,0.0015,1.95
1084,1.2225,0.5,0.1,0.0,0.0015,1.95
1085,1.222,0.0,0.0,0.0,0.0,1.95
1086,1.222,0.0,0.0,0.0,0.0,1.95
1087,1.2225,0.5,0.1,0.0,0.0015,1.95
1088,1.2225,0.5,0.1,0.0,0.0015,1.95
1089,1.222,0.0,0.0,0.0,0.0,1.95
1090,1.222,0.0,0.0,0.0,0.0,1.95
1091,1.2225,0.5,0.1,0.0,0.0015,1.95
1092,1.222,0.0,0.0,0.0,0.0,1.95
1093,1.2225,0.5,0.1,0.0,0.0015,1.95
1094,1.2225,0.5,0.1,0.0,0.0015,1.95
1095,1.2225,0.5,0.1,0.0,0.0015,1.95
1096,1.222,0.0,0.0,0.0,0.0,1.95
1097,1.2225,0.5,0.1,0.0,0.0015,1.95
1098,1.222,0.0,0.0,0.0,0.0,1.95
1099,1.2225,0.5,0.1,0.0,0.0015,1.95
1100,1.2225,0.5,0.1,0.0,0.0015,1.95
1101,1.2225,0.5,0.1,0.0,0.0015,1.95
1102,1.222,0.0,0.0,0.0,0.0,1.95
1103,1.2225,0.5,0.1,0.0,0.0015,1.95
1104,1.222,0.0,0.0,0.0,0.0,1.95
1105,1.2225,0.5,0.1,0.0,0.0015,1.95
1106,1.222,0.0,0.0,0.0,0.0,1.95
1107,1.222,0.0,0.0,0.0,0.0,1.95
1108,1.222,0.0,0.0,0.0,0.0,1.95
1109,1.222,0.0,0.0,0.0,0.0,1.95
1110,1.222,0.0,0.0,0.0,0.0,1.95
1111,1.222,0.0,0.0,0.0,0.0,1.95
1112,1.2225,0.5,0.1,0.0,0.0015,1.95
1113,1.2225,0.5,0.1,0.0,0.0015,1.95
1114,1.222,0.0,0.0,0.0,0.0,1.95
1115,1.222,0.0,0.0,0.0,0.0,1.95
1116,1.222,0.0,0.0,0.0,0.0,1.95
1117,1.2225,0.5,0.1,0.0,0.0015,1.95
1118,1.2225,0.5,0.1,0.0,0.0015,1.95
1119,1.222,0.0,0.0,0.0,0.0,1.95
1120,1.2225,0.5,0.1,0.0,0.0015,1.95
1121,1.222,0.0,0.0,0.0,0.0,1.95
1122,1.2225,0.5,0.1,0.0,0.0015,1.95
1123,1.2225,0.5,0.1,0.0,0.0015,1.95
1124,1.2225,0.5,0.1,0.0,0.0015,1.95
1125,1.2225,0.5,0.1,0.0,0.0015,1.95
1126,1.222,0.0,0.0,0.0,0.0,1.95
1127,1.222,0.0,0.0,0.0,0.0,1.95
1128,1.222,0.0,0.0,0.0,0.0,1.95
1129,1.222,0.0,0.0,0.0,0.0,1.95
1130,1.222,0.0,0.0,0.0,0.0,1.95
1131,1.2225,0.5,0.1,0.0,0.0015,1.95
1132,1.2225,0.5,0.1,0.0,0.0015,1.95
1133,1.2225,0.5,0.1,0.0,0.0015,1.95
1134,1.222,0.0,0.0,0.0,0.0,1.95
1135,1.2225,0.5,0.1,0.0,0.0015,1.95
1136,1.222,0.0,0.0,0.0,0.0,1.95
1137,1.222,0.0,0.0,0.0,0.0,1.95
1138,1.222,0.0,0.0,0.0,0.0,1.95
1139,1.2225,0.5,0.1,0.0,0.0015,1.95
1140,1.222,0.0,0.0,0.0,0.0,1.95
1141,1.2225,0.5,0.1,0.0,0.0015,1.95
1142,1.2225,0.5,0.1,0.0,0.0015,1.95
1143,1.222,0.0,0.0,0.0,0.0,1.95
1144,1.2225,0.5,0.1,0.0,0.0015,1.95
1145,1.2225,0.5,0.1,0.0,0.0015,1.95
1146,1.222,0.0,0.0,0.0,0.0,1.95
1147,1.222,0.0,0.0,0.0,0.0,1.95
1148,1.2225,0.5,0.1,0.0,0.0015,1.95
1149,1.2225,0.5,0.1,0.0,0.0015,1.95
1150,1.2225,0.5,0.1,0.0,0.0015,1.95
1151,1.2225,0.5,0.1,0.0,0.0015,1.95
1152,1.2225,0.5,0.1,0.0,0.0015,1.95
1153,1.222,0.0,0.0,0.0,0.0,1.95
1154,1.222,0.0,0.0,0.0,0.0,1.95
1155,1.2225,0.5,0.1,0.0,0.0015,1.95
1156,1.2225,0.5,0.1,0.0,0.0015,1.95
1157,1.222,0.0,0.0,0.0,0.0,1.95
1158,1.2225,0.5,0.1,0.0,0.0015,1.95
1159,1.2225,0.5,0.1,0.0,0.0015,1.95
1160,1.222,0.0,0.0,0.0,0.0,1.95
1161,1.222,0.0,0.0,0.0,0.0,1.95
1162,1.2225,0.5,0.1,0.0,0.0015,1.95
1163,1.222,0.0,0.0,0.0,0.0,1.95
1164,1.222,0.0,0.0,0.0,0.0,1.95
1165,1.2225,0.5,0.1,0.0,0.0015,1.95
1166,1.2225,0.5,0.1,0.0,0.0015,1.95
1167,1.222,0.0,0.0,0.0,0.0,1.95
1168,1.2225,0.5,0.1,0.0,0.0015,1.95
1169,1.2225,0.5,0.1,0.0,0.0015,1.95
1170,1.222,0.0,0.0,0.0,0.0,1.95
1171,1.222,0.0,0.0,0.0,0.0,1.95
1172,1.2225,0.5,0.1,0.0,0.0015,1.95
1173,1.222,0.0,0.0,0.0,0.0,1.95
1174,1.222,0.0,0.0,0.0,0.0,1.95
1175,1.2225,0.5,0.1,0.0,0.0015,1.95
1176,1.222,0.0,0.0,0.0,0.0,1.95
1177,1.222,0.0,0.0,0.0,0.0,1.95
1178,1.222,0.0,0.0,0.0,0.0,1.95
1179,1.2225,0.5,0.1,0.0,0.0015,1.95
1180,1.222,0.0,0.0,0.0,0.0,1.95
1181,1.2225,0.5,0.1,0.0,0.0015,1.95
1182,1.222,0.0,0.0,0.0,0.0,1.95
1183,1.2225,0.5,0.1,0.0,0.0015,1.95
1184,1.2225,0.5,0.1,0.0,0.0015,1.95
1185,1.2225,0.5,0.1,0.0,0.0015,1.95
1186,1.2225,0.5,0.1,0.0,0.0015,1.95
1187,1.222,0.0,0.0,0.0,0.0,1.95
1188,1.2225,0.5,0.1,0.0,0.0015,1.95
1189,1.2225,0.5,0.1,0.0,0.0015,1.95
1190,1.222,0.0,0.0,0.0,0.0,1.95
1191,1.2225,0.5,0.1,0.0,0.0015,1.95
1192,1.2225,0.5,0.1,0.0,0.0015,1.95
1193,1.222,0.0,0.0,0.0,0.0,1.95
1194,1.2225,0.5,0.1,0.0,0.0015,1.95
1195,1.2225,0.5,0.1,0.0,0.0015,1.95
1196,1.222,0.0,0.0,0.0,0.0,1.95
1197,1.222,0.0,0.0,0.0,0.0,1.95
1198,1.2225,0.5,0.1,0.0,0.0015,1.95
1199,1.2225,0.5,0.1,0.0,0.0015,1.95
1200,1.2225,0.5,0.1,0.0,0.0015,1.95
1201,1.222,0.0,0.0,0.0,0.0,1.95
1202,1.2225,0.5,0.1,0.0,0.0015,1.95
1203,1.2225,0.5,0.1,0.0,0.0015,1.95
1204,1.2225,0.5,0.1,0.0,0.0015,1.95
1205,1.222,0.0,0.0,0.0,0.0,1.95
1206,1.2225,0.5,0.1,0.0,0.0015,1.95
1207,1.2225,0.5,0.1,0.0,0.0015,1.95
1208,1.222,0.0,0.0,0.0,0.0,1.95
1209,1.222,0.0,0.0,0.0,0.0,1.95
1210,1.2225,0.5,0.1,0.0,0.0015,1.95
1211,1.222,0.0,0.0,0.0,0.0,1.95
1212,1.2225,0.5,0.1,0.0,0.0015,1.95
1213,1.222,0.0,0.0,0.0,0.0,1.95
1214,1.222,0.0,0.0,0.0,0.0,1.95
1215,1.222,0.0,0.0,0.0,0.0,1.95
1216,1.2225,0.5,0.1,0.0,0.0015,1.95
1217,1.2225,0.5,0.1,0.0,0.0015,1.95
1218,1.2225,0.5,0.1,0.0,0.0015,1.95
1219,1.222,0.0,0.0,0.0,0.0,1.95
1220,1.222,0.0,0.0,0.0,0.0,1.95
1221,1.2225,0.5,0.1,0.0,0.0015,1.95
1222,1.2225,0.5,0.1,0.0,0.0015,1.95
1223,1.2225,0.5,0.1,0.0,0.0015,1.95
1224,1.2225,0.5,0.1,0.0,0.0015,1.95
1225,1.2225,0.5,0.1,0.0,0.0015,1.95
1226,1.2225,0.5,0.1,0.0,0.0015,1.95
1227,1.2225,0.5,0.1,0.0,0.0015,1.95
1228,1.2225,0.5,0.1,0.0,0.0015,1.95
1229,1.222,0.0,0.0,0.0,0.0,1.95
1230,1.2225,0.5,0.1,0.0,0.0015,1.95
1231,1.222,0.0,0.0,0.0,0.0,1.95
1232,1.2225,0.5,0.1,0.0,0.0015,1.95
1233,1.2225,0.5,0.1,0.0,0.0015,1.95
1234,1.2225,0.5,0.1,0.0,0.0015,1.95
1235,1.2225,0.5,0.1,0.0,0.0015,1.95
1236,1.222,0.0,0.0,0.0,0.0,1.95
1237,1.2225,0.5,0.1,0.0,0.0015,1.95
1238,1.222,0.0,0.0,0.0,0.0,1.95
1239,1.222,0.0,0.0,0.0,0.0,1.95
1240,1.222,0.0,0.0,0.0,0.0,1.95
1241,1.222,0.0,0.0,0.0,0.0,1.95
1242,1.222,0.0,0.0,0.0,0.0,1.95
1243,1.2225,0.5,0.1,0.0,0.0015,1.95
1244,1.222,0.0,0.0,0.0,0.0,1.95
1245,1.222,0.0,0.0,0.0,0.0,1.95
1246,1.2225,0.5,0.1,0.0,0.0015,1.95
1247,1.222,0.0,0.0,0.0,0.0,1.95
1248,1.222,0.0,0.0,0.0,0.0,1.95
1249,1.222,0.0,0.0,0.0,0.0,1.95
1250,1.222,0.0,0.0,0.0,0.0,1.95
1251,1.222,0.0,0.0,0.0,0.0,1.95
1252,1.2225,0.5,0.1,0.0,0.0015,1.95
1253,1.222,0.0,0.0,0.0,0.0,1.95
1254,1.222,0.0,0.0,0.0,0.0,1.95
1255,1.2225,0.5,0.1,0.0,0.0015,1.95
1256,1.2225,0.5,0.1,0.0,0.0015,1.95
1257,1.222,0.0,0.0,0.0,0.0,1.95
1258,1.222,0.0,0.0,0.0,0.0,1.95
1259,1.222,0.0,0.0,0.0,0.0,1.95
1260,1.2225,0.5,0.1,0.0,0.0015,1.95
1261,1.222,0.0,0.0,0.0,0.0,1.95
1262,1.222,0.0,0.0,0.0,0.0,1.95
1263,1.2225,0.5,0.1,0.0,0.0015,1.95
1264,1.2225,0.5,0.1,0.0,0.0015,1.95
1265,1.2225,0.5,0.1,0.0,0.0015,1.95
1266,1.2225,0.5,0.1,0.0,0.0015,1.95
1267,1.222,0.0,0.0,0.0,0.0,1.95
1268,1.222,0.0,0.0,0.0,0.0,1.95
1269,1.2225,0.5,0.1,0.0,0.0015,1.95
1270,1.222,0.0,0.0,0.0,0.0,1.95
1271,1.222,0.0,0.0,0.0,0.0,1.95
1272,1.222,0.0,0.0,0.0,0.0,1.95
1273,1.222,0.0,0.0,0.0,0.0,1.95
1274,1.222,0.0,0.0,0.0,0.0,1.95
1275,1.222,0.0,0.0,0.0,0.0,1.95
1276,1.2225,0.5,0.1,0.0,0.0015,1.95
1277,1.222,0.0,0.0,0.0,0.0,1.95
1278,1.222,0.0,0.0,0.0,0.0,1.95
1279,1.222,0.0,0.0,0.0,0.0,1.95
1280,1.2225,0.5,0.1,0.0,0.0015,1.95
1281,1.2225,0.5,0.1,0.0,0.0015,1.95
1282,1.222,0.0,0.0,0.0,0.0,1.95
1283,1.222,0.0,0.0,0.0,0.0,1.95
1284,1.222,0.0,0.0,0.0,0.0,1.95
1285,1.2225,0.5,0.1,0.0,0.0015,1.95
1286,1.2225,0.5,0.1,0.0,0.0015,1.95
1287,1.2225,0.5,0.1,0.0,0.0015,1.95
1288,1.222,0.0,0.0,0.0,0.0,1.95
1289,1.222,0.0,0.0,0.0,0.0,1.95
1290,1.222,0.0,0.0,0.0,0.0,1.95
1291,1.222,0.0,0.0,0.0,0.0,1.95
1292,1.2225,0.5,0.1,0.0,0.0015,1.95
1293,1.2225,0.5,0.1,0.0,0.0015,1.95
1294,1.222,0.0,0.0,0.0,0.0,1.95
1295,1.2225,0.5,0.1,0.0,0.0015,1.95
1296,1.222,0.0,0.0,0.0,0.0,1.95
1297,1.222,0.0,0.0,0.0,0.0,1.95
1298,1.2225,0.5,0.1,0.0,0.0015,1.95
1299,1.2225,0.5,0.1,0.0,0.0015,1.95
1300,1.2225,0.5,0.1,0.0,0.0015,1.95
1301,1.222,0.0,0.0,0.0,0.0,1.95
1302,1.222,0.0,0.0,0.0,0.0,1.95
1303,1.222,0.0,0.0,0.0,0.0,1.95
1304,1.2225,0.5,0.1,0.0,0.0015,1.95
1305,1.222,0.0,0.0,0.0,0.0,1.95
1306,1.222,0.0,0.0,0.0,0.0,1.95
1307,1.222,0.0,0.0,0.0,0.0,1.95
1308,1.2225,0.5,0.1,0.0,0.0015,1.95
1309,1.222,0.0,0.0,0.0,0.0,1.95
1310,1.222,0.0,0.0,0.0,0.0,1.95
1311,1.222,0.0,0.0,0.0,0.0,1.95
1312,1.222,0.0,0.0,0.0,0.0,1.95
1313,1.2225,0.5,0.1,0.0,0.0015,1.95
1314,1.2225,0.5,0.1,0.0,0.0015,1.95
1315,1.2225,0.5,0.1,0.0,0.0015,1.95
1316,1.222,0.0,0.0,0.0,0.0,1.95
1317,1.2225,0.5,0.1,0.0,0.0015,1.95
1318,1.222,0.0,0.0,0.0,0.0,1.95
1319,1.222,0.0,0.0,0.0,0.0,1.95
1320,1.2225,0.5,0.1,0.0,0.0015,1.95
1321,1.2225,0.5,0.1,0.0,0.0015,1.95
1322,1.2225,0.5,0.1,0.0,0.0015,1.95
1323,1.222,0.0,0.0,0.0,0.0,1.95
1324,1.2225,0.5,0.1,0.0,0.0015,1.95
1325,1.2225,0.5,0.1,0.0,0.0015,1.95
1326,1.222,0.0,0.0,0.0,0.0,1.95
1327,1.222,0.0,0.0,0.0,0.0,1.95
1328,1.222,0.0,0.0,0.0,0.0,1.95
1329,1.2225,0.5,0.1,0.0,0.0015,1.95
1330,1.2225,0.5,0.1,0.0,0.0015,1.95
1331,1.222,0.0,0.0,0.0,0.0,1.95
1332,1.222,0.0,0.0,0.0,0.0,1.95
1333,1.222,0.0,0.0,0.0,0.0,1.95
1334,1.222,0.0,0.0,0.0,0.0,1.95
1335,1.222,0.0,0.0,0.0,0.0,1.95
1336,1.222,0.0,0.0,0.0,0.0,1.95
1337,1.222,0.0,0.0,0.0,0.0,1.95
1338,1.222,0.0,0.0,0.0,0.0,1.95
1339,1.2225,0.5,0.1,0.0,0.0015,1.95
1340,1.2225,0.5,0.1,0.0,0.0015,1.95
1341,1.222,0.0,0.0,0.0,0.0,1.95
1342,1.222,0.0,0.0,0.0,0.0,1.95
1343,1.2225,0.5,0.1,0.0,0.0015,1.95
1344,1.222,0.0,0.0,0.0,0.0,1.95
1345,1.2225,0.5,0.1,0.0,0.0015,1.95
1346,1.2225,0.5,0.1,0.0,0.0015,1.95
1347,1.2225,0.5,0.1,0.0,0.0015,1.95
1348,1.222,0.0,0.0,0.0,0.0,1.95
1349,1.2225,0.5,0.1,0.0,0.0015,1.95
1350,1.2225,0.5,0.1,0.0,0.0015,1.95
1351,1.222,0.0,0.0,0.0,0.0,1.95
1352,1.222,0.0,0.0,0.0,0.0,1.95
1353,1.2225,0.5,0.1,0.0,0.0015,1.95
1354,1.222,0.0,0.0,0.0,0.0,1.95
1355,1.2225,0.5,0.1,0.0,0.0015,1.95
1356,1.222,0.0,0.0,0.0,0.0,1.95
1357,1.2225,0.5,0.1,0.0,0.0015,1.95
1358,1.222,0.0,0.0,0.0,0.0,1.95
1359,1.222,0.0,0.0,0.0,0.0,1.95
1360,1.222,0.0,0.0,0.0,0.0,1.95
1361,1.2225,0.5,0.1,0.0,0.0015,1.95
1362,1.222,0.0,0.0,0.0,0.0,1.95
1363,1.222,0.0,0.0,0.0,0.0,1.95
1364,1.222,0.0,0.0,0.0,0.0,1.95
1365,1.2225,0.5,0.1,0.0,0.0015,1.95
1366,1.2225,0.5,0.1,0.0,0.0015,1.95
1367,1.222,0.0,0.0,0.0,0.0,1.95
1368,1.2225,0.5,0.1,0.0,0.0015,1.95
1369,1.222,0.0,0.0,0.0,0.0,1.95
1370,1.222,0.0,0.0,0.0,0.0,1.95
1371,1.2225,0.5,0.1,0.0,0.0015,1.95
1372,1.2225,0.5,0.1,0.0,0.0015,1.95
1373,1.222,0.0,0.0,0.0,0.0,1.95
1374,1.2225,0.5,0.1,0.0,0.0015,1.95
1375,1.2225,0.5,0.1,0.0,0.0015,1.95
1376,1.222,0.0,0.0,0.0,0.0,1.95
1377,1.2225,0.5,0.1,0.0,0.0015,1.95
1378,1.222,0.0,0.0,0.0,0.0,1.95
1379,1.2225,0.5,0.1,0.0,0.0015,1.95
1380,1.222,0.0,0.0,0.0,0.0,1.95
1381,1.2225,0.5,0.1,0.0,0.0015,1.95
1382,1.222,0.0,0.0,0.0,0.0,1.95
1383,1.222,0.0,0.0,0.0,0.0,1.95
1384,1.222,0.0,0.0,0.0,0.0,1.95
1385,1.222,0.0,0.0,0.0,0.0,1.95
1386,1.222,0.0,0.0,0.0,0.0,1.95
1387,1.222,0.0,0.0,0.0,0.0,1.95
1388,1.222,0.0,0.0,0.0,0.0,1.95
1389,1.2225,0.5,0.1,0.0,0.0015,1.95
1390,1.2225,0.5,0.1,0.0,0.0015,1.95
1391,1.2225,0.5,0.1,0.0,0.0015,1.95
1392,1.222,0.0,0.0,0.0,0.0,1.95
1393,1.222,0.0,0.0,0.0,0.0,1.95
1394,1.2225,0.5,0.1,0.0,0.0015,1.95
1395,1.222,0.0,0.0,0.0,0.0,1.95
1396,1.222,0.0,0.0,0.0,0.0,1.95
1397,1.2225,0.5,0.1,0.0,0.0015,1.95
1398,1.222,0.0,0.0,0.0,0.0,1.95
1399,1.2225,0.5,0.1,0.0,0.0015,1.95
1400,1.222,0.0,0.0,0.0,0.0,1.95
1401,1.2225,0.5,0.1,0.0,0.0015,1.95
1402,1.222,0.0,0.0,0.0,0.0,1.95
1403,1.2225,0.5,0.1,0.0,0.0015,1.95
1404,1.222,0.0,0.0,0.0,0.0,1.95
1405,1.222,0.0,0.0,0.0,0.0,1.95
1406,1.2225,0.5,0.1,0.0,0.0015,1.95
1407,1.2225,0.5,0.1,0.0,0.0015,1.95
1408,1.2225,0.5,0.1,0.0,0.0015,1.95
1409,1.222,0.0,0.0,0.0,0.0,1.95
1410,1.222,0.0,0.0,0.0,0.0,1.95
1411,1.222,0.0,0.0,0.0,0.0,1.95
1412,1.222,0.0,0.0,0.0,0.0,1.95
1413,1.2225,0.5,0.1,0.0,0.0015,1.95
1414,1.222,0.0,0.0,0.0,0.0,1.95
1415,1.222,0.0,0.0,0.0,0.0,1.95
1416,1.2225,0.5,0.1,0.0,0.0015,1.95
1417,1.2225,0.5,0.1,0.0,0.0015,1.95
1418,1.2225,0.5,0.1,0.0,0.0015,1.95
1419,1.2225,0.5,0.1,0.0,0.0015,1.95
1420,1.222,0.0,0.0,0.0,0.0,1.95
1421,1.2225,0.5,0.1,0.0,0.0015,1.95
1422,1.2225,0.5,0.1,0.0,0.0015,1.95
1423,1.2225,0.5,0.1,0.0,0.0015,1.95
1424,1.222,0.0,0.0,0.0,0.0,1.95
1425,1.222,0.0,0.0,0.0,0.0,1.95
1426,1.222,0.0,0.0,0.0,0.0,1.95
1427,1.222,0.0,0.0,0.0,0.0,1.95
1428,1.222,0.0,0.0,0.0,0.0,1.95
1429,1.222,0.0,0.0,0.0,0.0,1.95
1430,1.2225,0.5,0.1,0.0,0.0015,1.95
1431,1.2225,0.5,0.1,0.0,0.0015,1.95
1432,1.222,0.0,0.0,0.0,0.0,1.95
1433,1.222,0.0,0.0,0.0,0.0,1.95
1434,1.222,0.0,0.0,0.0,0.0,1.95
1435,1.2225,0.5,0.1,0.0,0.0015,1.95
1436,1.222,0.0,0.0,0.0,0.0,1.95
1437,1.2225,0.5,0.1,0.0,0.0015,1.95
1438,1.2225,0.5,0.1,0.0,0.0015,1.95
1439,1.2225,0.5,0.1,0.0,0.0015,1.95
1440,1.222,0.0,0.0,0.0,0.0,1.95
1441,1.222,0.0,0.0,0.0,0.0,1.95
1442,1.222,0.0,0.0,0.0,0.0,1.95
1443,1.2225,0.5,0.1,0.0,0.0015,1.95
1444,1.222,0.0,0.0,0.0,0.0,1.95
1445,1.2225,0.5,0.1,0.0,0.0015,1.95
1446,1.2225,0.5,0.1,0.0,0.0015,1.95
1447,1.2225,0.5,0.1,0.0,0.0015,1.95
1448,1.222,0.0,0.0,0.0,0.0,1.95
1449,1.222,0.0,0.0,0.0,0.0,1.95
1450,1.222,0.0,0.0,0.0,0.0,1.95
1451,1.2225,0.5,0.1,0.0,0.0015,1.95
1452,1.2225,0.5,0.1,0.0,0.0015,1.95
1453,1.222,0.0,0.0,0.0,0.0,1.95
1454,1.222,0.0,0.0,0.0,0.0,1.95
1455,1.222,0.0,0.0,0.0,0.0,1.95
1456,1.2225,0.5,0.1,0.0,0.0015,1.95
1457,1.2225,0.5,0.1,0.0,0.0015,1.95
1458,1.2225,0.5,0.1,0.0,0.0015,1.95
1459,1.222,0.0,0.0,0.0,0.0,1.95
1460,1.222,0.0,0.0,0.0,0.0,1.95
1461,1.222,0.0,0.0,0.0,0.0,1.95
1462,1.222,0.0,0.0,0.0,0.0,1.95
1463,1.2225,0.5,0.1,0.0,0.0015,1.95
1464,1.222,0.0,0.0,0.0,0.0,1.95
1465,1.222,0.0,0.0,0.0,0.0,1.95
1466,1.2225,0.5,0.1,0.0,0.0015,1.95
1467,1.222,0.0,0.0,0.0,0.0,1.95
1468,1.222,0.0,0.0,0.0,0.0,1.95
1469,1.2225,0.5,0.1,0.0,0.0015,1.95
1470,1.2225,0.5,0.1,0.0,0.0015,1.95
1471,1.222,0.0,0.0,0.0,0.0,1.95
1472,1.2225,0.5,0.1,0.0,0.0015,1.95
1473,1.222,0.0,0.0,0.0,0.0,1.95
1474,1.2225,0.5,0.1,0.0,0.0015,1.95
1475,1.2225,0.5,0.1,0.0,0.0015,1.95
1476,1.222,0.0,0.0,0.0,0.0,1.95
1477,1.2225,0.5,0.1,0.0,0.0015,1.95
1478,1.2225,0.5,0.1,0.0,0.0015,1.95
1479,1.222,0.0,0.0,0.0,0.0,1.95
1480,1.222,0.0,0.0,0.0,0.0,1.95
1481,1.2225,0.5,0.1,0.0,0.0015,1.95
1482,1.222,0.0,0.0,0.0,0.0,1.95
1483,1.2225,0.5,0.1,0.0,0.0015,1.95
1484,1.222,0.0,0.0,0.0,0.0,1.95
1485,1.2225,0.5,0.1,0.0,0.0015,1.95
1486,1.222,0.0,0.0,0.0,0.0,1.95
1487,1.2225,0.5,0.1,0.0,0.0015,1.95
1488,1.2225,0.5,0.1,0.0,0.0015,1.95
1489,1.2225,0.5,0.1,0.0,0.0015,1.95
1490,1.222,0.0,0.0,0.0,0.0,1.95
1491,1.2225,0.5,0.1,0.0,0.0015,1.95
1492,1.2225,0.5,0.1,0.0,0.0015,1.95
1493,1.222,0.0,0.0,0.0,0.0,1.95
1494,1.222,0.0,0.0,0.0,0.0,1.95
1495,1.2225,0.5,0.1,0.0,0.0015,1.95
1496,1.2225,0.5,0.1,0.0,0.0015,1.95
1497,1.2225,0.5,0.1,0.0,0.0015,1.95
1498,1.222,0.0,0.0,0.0,0.0,1.95
1499,1.222,0.0,0.0,0.0,0.0,1.95
1500,1.222,0.0,0.0,0.0,0.0,1.95
1501,1.2225,0.5,0.1,0.0,0.0015,1.95
1502,1.2225,0.5,0.1,0.0,0.0015,1.95
1503,1.222,0.0,0.0,0.0,0.0,1.95
1504,1.222,0.0,0.0,0.0,0.0,1.95
1505,1.222,0.0,0.0,0.0,0.0,1.95
1506,1.2225,0.5,0.1,0.0,0.0015,1.95
1507,1.2225,0.5,0.1,0.0,0.0015,1.95
1508,1.222,0.0,0.0,0.0,0.0,1.95
1509,1.222,0.0,0.0,0.0,0.0,1.95
1510,1.2225,0.5,0.1,0.0,0.0015,1.95
1511,1.222,0.0,0.0,0.0,0.0,1.95
1512,1.222,0.0,0.0,0.0,0.0,1.95
1513,1.222,0.0,0.0,0.0,0.0,1.95
1514,1.222,0.0,0.0,0.0,0.0,1.95
1515,1.222,0.0,0.0,0.0,0.0,1.95
1516,1.222,0.0,0.0,0.0,0.0,1.95
1517,1.2225,0.5,0.1,0.0,0.0015,1.95
1518,1.222,0.0,0.0,0.0,0.0,1.95
1519,1.222,0.0,0.0,0.0,0.0,1.95
1520,1.222,0.0,0.0,0.0,0.0,1.95
1521,1.222,0.0,0.0,0.0,0.0,1.95
1522,1.222,0.0,0.0,0.0,0.0,1.95
1523,1.2225,0.5,0.1,0.0,0.0015,1.95
1524,1.2225,0.5,0.1,0.0,0.0015,1.95
1525,1.2225,0.5,0.1,0.0,0.0015,1.95
1526,1.2225,0.5,0.1,0.0,0.0015,1.95
1527,1.2225,0.5,0.1,0.0,0.0015,1.95
1528,1.222,0.0,0.0,0.0,0.0,1.95
1529,1.2225,0.5,0.1,0.0,0.0015,1.95
1530,1.2225,0.5,0.1,0.0,0.0015,1.95
1531,1.222,0.0,0.0,0.0,0.0,1.95
1532,1.2225,0.5,0.1,0.0,0.0015,1.95
1533,1.222,0.0,0.0,0.0,0.0,1.95
1534,1.2225,0.5,0.1,0.0,0.0015,1.95
1535,1.222,0.0,0.0,0.0,0.0,1.95
1536,1.2225,0.5,0.1,0.0,0.0015,1.95
1537,1.2225,0.5,0.1,0.0,0.0015,1.95
1538,1.222,0.0,0.0,0.0,0.0,1.95
1539,1.2225,0.5,0.1,0.0,0.0015,1.95
1540,1.2225,0.5,0.1,0.0,0.0015,1.95
1541,1.2225,0.5,0.1,0.0,0.0015,1.95
1542,1.2225,0.5,0.1,0.0,0.0015,1.95
1543,1.222,0.0,0.0,0.0,0.0,1.95
1544,1.222,0.0,0.0,0.0,0.0,1.95
1545,1.222,0.0,0.0,0.0,0.0,1.95
1546,1.222,0.0,0.0,0.0,0.0,1.95
1547,1.222,0.0,0.0,0.0,0.0,1.95
1548,1.2225,0.5,0.1,0.0,0.0015,1.95
1549,1.222,0.0,0.0,0.0,0.0,1.95
1550,1.2225,0.5,0.1,0.0,0.0015,1.95
1551,1.2225,0.5,0.1,0.0,0.0015,1.95
1552,1.2225,0.5,0.1,0.0,0.0015,1.95
1553,1.222,0.0,0.0,0.0,0.0,1.95
1554,1.2225,0.5,0.1,0.0,0.0015,1.95
1555,1.2225,0.5,0.1,0.0,0.0015,1.95
1556,1.222,0.0,0.0,0.0,0.0,1.95
1557,1.2225,0.5,0.1,0.0,0.0015,1.95
1558,1.2225,0.5,0.1,0.0,0.0015,1.95
1559,1.222,0.0,0.0,0.0,0.0,1.95
1560,1.222,0.0,0.0,0.0,0.0,1.95
1561,1.222,0.0,0.0,0.0,0.0,1.95
1562,1.222,0.0,0.0,0.0,0.0,1.95
1563,1.222,0.0,0.0,0.0,0.0,1.95
1564,1.222,0.0,0.0,0.0,0.0,1.95
1565,1.222,0.0,0.0,0.0,0.0,1.95
1566,1.2225,0.5,0.1,0.0,0.0015,1.95
1567,1.2225,0.5,0.1,0.0,0.0015,1.95
1568,1.222,0.0,0.0,0.0,0.0,1.95
1569,1.2225,0.5,0.1,0.0,0.0015,1.95
1570,1.222,0.0,0.0,0.0,0.0,1.95
1571,1.222,0.0,0.0,0.0,0.0,1.95
1572,1.2225,0.5,0.1,0.0,0.0015,1.95
1573,1.222,0.0,0.0,0.0,0.0,1.95
1574,1.222,0.0,0.0,0.0,0.0,1.95
1575,1.222,0.0,0.0,0.0,0.0,1.95
1576,1.222,0.0,0.0,0.0,0.0,1.95
1577,1.222,0.0,0.0,0.0,0.0,1.95
1578,1.222,0.0,0.0,0.0,0.0,1.95
1579,1.2225,0.5,0.1,0.0,0.0015,1.95
1580,1.2225,0.5,0.1,0.0,0.0015,1.95
1581,1.2225,0.5,0.1,0.0,0.0015,1.95
1582,1.222,0.0,0.0,0.0,0.0,1.95
1583,1.2225,0.5,0.1,0.0,0.0015,1.95
1584,1.222,0.0,0.0,0.0,0.0,1.95
1585,1.2225,0.5,0.1,0.0,0.0015,1.95
1586,1.2225,0.5,0.1,0.0,0.0015,1.95
1587,1.222,0.0,0.0,0.0,0.0,1.95
1588,1.222,0.0,0.0,0.0,0.0,1.95
1589,1.222,0.0,0.0,0.0,0.0,1.95
1590,1.2225,0.5,0.1,0.0,0.0015,1.95
1591,1.2225,0.5,0.1,0.0,0.0015,1.95
1592,1.222,0.0,0.0,0.0,0.0,1.95
1593,1.222,0.0,0.0,0.0,0.0,1.95
1594,1.222,0.0,0.0,0.0,0.0,1.95
1595,1.222,0.0,0.0,0.0,0.0,1.95
1596,1.222,0.0,0.0,0.0,0.0,1.95
1597,1.2225,0.5,0.1,0.0,0.0015,1.95
1598,1.2225,0.5,0.1,0.0,0.0015,1.95
1599,1.2225,0.5,0.1,0.0,0.0015,1.95
1600,1.2225,0.5,0.1,0.0,0.0015,1.95
1601,1.2225,0.5,0.1,0.0,0.0015,1.95
1602,1.222,0.0,0.0,0.0,0.0,1.95
1603,1.2225,0.5,0.1,0.0,0.0015,1.95
1604,1.2225,0.5,0.1,0.0,0.0015,1.95
1605,1.2225,0.5,0.1,0.0,0.0015,1.95
1606,1.222,0.0,0.0,0.0,0.0,1.95
1607,1.2225,0.5,0.1,0.0,0.0015,1.95
1608,1.222,0.0,0.0,0.0,0.0,1.95
1609,1.2225,0.5,0.1,0.0,0.0015,1.95
1610,1.2225,0.5,0.1,0.0,0.0015,1.95
1611,1.222,0.0,0.0,0.0,0.0,1.95
1612,1.2225,0.5,0.1,0.0,0.0015,1.95
1613,1.222,0.0,0.0,0.0,0.0,1.95
1614,1.2225,0.5,0.1,0.0,0.0015,1.95
1615,1.222,0.0,0.0,0.0,0.0,1.95
1616,1.222,0.0,0.0,0.0,0.0,1.95
1617,1.222,0.0,0.0,0.0,0.0,1.95
1618,1.222,0.0,0.0,0.0,0.0,1.95
1619,1.222,0.0,0.0,0.0,0.0,1.95
1620,1.222,0.0,0.0,0.0,0.0,1.95
1621,1.2225,0.5,0.1,0.0,0.0015,1.95
1622,1.222,0.0,0.0,0.0,0.0,1.95
1623,1.2225,0.5,0.1,0.0,0.0015,1.95
1624,1.2225,0.5,0.1,0.0,0.0015,1.95
1625,1.222,0.0,0.0,0.0,0.0,1.95
1626,1.2225,0.5,0.1,0.0,0.0015,1.95
1627,1.222,0.0,0.0,0.0,0.0,1.95
1628,1.222,0.0,0.0,0.0,0.0,1.95
1629,1.2225,0.5,0.1,0.0,0.0015,1.95
1630,1.222,0.0,0.0,0.0,0.0,1.95
1631,1.2225,0.5,0.1,0.0,0.0015,1.95
1632,1.2225,0.5,0.1,0.0,0.0015,1.95
1633,1.2225,0.5,0.1,0.0,0.0015,1.95
1634,1.222,0.0,0.0,0.0,0.0,1.95
1635,1.2225,0.5,0.1,0.0,0.0015,1.95
1636,1.2225,0.5,0.1,0.0,0.0015,1.95
1637,1.222,0.0,0.0,0.0,0.0,1.95
1638,1.222,0.0,0.0,0.0,0.0,1.95
1639,1.222,0.0,0.0,0.0,0.0,1.95
1640,1.2225,0.5,0.1,0.0,0.0015,1.95
1641,1.2225,0.5,0.1,0.0,0.0015,1.95
1642,1.2225,0.5,0.1,0.0,0.0015,1.95
1643,1.222,0.0,0.0,0.0,0.0,1.95
1644,1.222,0.0,0.0,0.0,0.0,1.95
1645,1.2225,0.5,0.1,0.0,0.0015,1.95
1646,1.222,0.0,0.0,0.0,0.0,1.95
1647,1.2225,0.5,0.1,0.0,0.0015,1.95
1648,1.2225,0.5,0.1,0.0,0.0015,1.95
1649,1.222,0.0,0.0,0.0,0.0,1.95
1650,1.222,0.0,0.0,0.0,0.0,1.95
1651,1.222,0.0,0.0,0.0,0.0,1.95
1652,1.222,0.0,0.0,0.0,0.0,1.95
1653,1.222,0.0,0.0,0.0,0.0,1.95
1654,1.222,0.0,0.0,0.0,0.0,1.95
1655,1.222,0.0,0.0,0.0,0.0,1.95
1656,1.2225,0.5,0.1,0.0,0.0015,1.95
1657,1.2225,0.5,0.1,0.0,0.0015,1.95
1658,1.222,0.0,0.0,0.0,0.0,1.95
1659,1.2225,0.5,0.1,0.0,0.0015,1.95
1660,1.222,0.0,0.0,0.0,0.0,1.95
1661,1.222,0.0,0.0,0.0,0.0,1.95
1662,1.2225,0.5,0.1,0.0,0.0015,1.95
1663,1.2225,0.5,0.1,0.0,0.0015,1.95
1664,1.2225,0.5,0.1,0.0,0.0015,1.95
1665,1.2225,0.5,0.1,0.0,0.0015,1.95
1666,1.2225,0.5,0.1,0.0,0.0015,1.95
1667,1.222,0.0,0.0,0.0,0.0,1.95
1668,1.2225,0.5,0.1,0.0,0.0015,1.95
1669,1.222,0.0,0.0,0.0,0.0,1.95
1670,1.222,0.0,0.0,0.0,0.0,1.95
1671,1.222,0.0,0.0,0.0,0.0,1.95
1672,1.2225,0.5,0.1,0.0,0.0015,1.95
1673,1.2225,0.5,0.1,0.0,0.0015,1.95
1674,1.222,0.0,0.0,0.0,0.0,1.95
1675,1.2225,0.5,0.1,0.0,0.0015,1.95
1676,1.222,0.0,0.0,0.0,0.0,1.95
1677,1.2225,0.5,0.1,0.0,0.0015,1.95
1678,1.222,0.0,0.0,0.0,0.0,1.95
1679,1.222,0.0,0.0,0.0,0.0,1.95
1680,1.2225,0.5,0.1,0.0,0.0015,1.95
1681,1.222,0.0,0.0,0.0,0.0,1.95
1682,1.2225,0.5,0.1,0.0,0.0015,1.95
1683,1.222,0.0,0.0,0.0,0.0,1.95
1684,1.222,0.0,0.0,0.0,0.0,1.95
1685,1.222,0.0,0.0,0.0,0.0,1.95
1686,1.2225,0.5,0.1,0.0,0.0015,1.95
1687,1.2225,0.5,0.1,0.0,0.0015,1.95
1688,1.222,0.0,0.0,0.0,0.0,1.95
1689,1.222,0.0,0.0,0.0,0.0,1.95
1690,1.2225,0.5,0.1,0.0,0.0015,1.95
1691,1.2225,0.5,0.1,0.0,0.0015,1.95
1692,1.2225,0.5,0.1,0.0,0.0015,1.95
1693,1.2225,0.5,0.1,0.0,0.0015,1.95
1694,1.222,0.0,0.0,0.0,0.0,1.95
1695,1.2225,0.5,0.1,0.0,0.0015,1.95
1696,1.2225,0.5,0.1,0.0,0.0015,1.95
1697,1.2225,0.5,0.1,0.0,0.0015,1.95
1698,1.222,0.0,0.0,0.0,0.0,1.95
1699,1.222,0.0,0.0,0.0,0.0,1.95
1700,1.222,0.0,0.0,0.0,0.0,1.95
1701,1.222,0.0,0.0,0.0,0.0,1.95
1702,1.2225,0.5,0.1,0.0,0.0015,1.95
1703,1.222,0.0,0.0,0.0,0.0,1.95
1704,1.2225,0.5,0.1,0.0,0.0015,1.95
1705,1.2225,0.5,0.1,0.0,0.0015,1.95
1706,1.2225,0.5,0.1,0.0,0.0015,1.95
1707,1.2225,0.5,0.1,0.0,0.0015,1.95
1708,1.2225,0.5,0.1,0.0,0.0015,1.95
1709,1.2225,0.5,0.1,0.0,0.0015,1.95
1710,1.2225,0.5,0.1,0.0,0.0015,1.95
1711,1.2225,0.5,0.1,0.0,0.0015,1.95
1712,1.2225,0.5,0.1,0.0,0.0015,1.95
1713,1.222,0.0,0.0,0.0,0.0,1.95
1714,1.222,0.0,0.0,0.0,0.0,1.95
1715,1.222,0.0,0.0,0.0,0.0,1.95
1716,1.222,0.0,0.0,0.0,0.0,1.95
1717,1.222,0.0,0.0,0.0,0.0,1.95
1718,1.222,0.0,0.0,0.0,0.0,1.95
1719,1.222,0.0,0.0,0.0,0.0,1.95
1720,1.222,0.0,0.0,0.0,0.0,1.95
1721,1.2225,0.5,0.1,0.0,0.0015,1.95
1722,1.222,0.0,0.0,0.0,0.0,1.95
1723,1.2225,0.5,0.1,0.0,0.0015,1.95
1724,1.222,0.0,0.0,0.0,0.0,1.95
1725,1.2225,0.5,0.1,0.0,0.0015,1.95
1726,1.2225,0.5,0.1,0.0,0.0015,1.95
1727,1.222,0.0,0.0,0.0,0.0,1.95
1728,1.2225,0.5,0.1,0.0,0.0015,1.95
1729,1.222,0.0,0.0,0.0,0.0,1.95
1730,1.2225,0.5,0.1,0.0,0.0015,1.95
1731,1.2225,0.5,0.1,0.0,0.0015,1.95
1732,1.222,0.0,0.0,0.0,0.0,1.95
1733,1.222,0.0,0.0,0.0,0.0,1.95
1734,1.2225,0.5,0.1,0.0,0.0015,1.95
1735,1.222,0.0,0.0,0.0,0.0,1.95
1736,1.222,0.0,0.0,0.0,0.0,1.95
1737,1.222,0.0,0.0,0.0,0.0,1.95
1738,1.2225,0.5,0.1,0.0,0.0015,1.95
1739,1.222,0.0,0.0,0.0,0.0,1.95
1740,1.222,0.0,0.0,0.0,0.0,1.95
1741,1.222,0.0,0.0,0.0,0.0,1.95
1742,1.2225,0.5,0.1,0.0,0.0015,1.95
1743,1.222,0.0,0.0,0.0,0.0,1.95
1744,1.222,0.0,0.0,0.0,0.0,1.95
1745,1.222,0.0,0.0,0.0,0.0,1.95
1746,1.2225,0.5,0.1,0.0,0.0015,1.95
1747,1.2225,0.5,0.1,0.0,0.0015,1.95
1748,1.222,0.0,0.0,0.0,0.0,1.95
1749,1.222,0.0,0.0,0.0,0.0,1.95
1750,1.2225,0.5,0.1,0.0,0.0015,1.95
1751,1.222,0.0,0.0,0.0,0.0,1.95
1752,1.222,0.0,0.0,0.0,0.0,1.95
1753,1.222,0.0,0.0,0.0,0.0,1.95
1754,1.2225,0.5,0.1,0.0,0.0015,1.95
1755,1.2225,0.5,0.1,0.0,0.0015,1.95
1756,1.2225,0.5,0.1,0.0,0.0015,1.95
1757,1.2225,0.5,0.1,0.0,0.0015,1.95
1758,1.2225,0.5,0.1,0.0,0.0015,1.95
1759,1.2225,0.5,0.1,0.0,0.0015,1.95
1760,1.2225,0.5,0.1,0.0,0.0015,1.95
1761,1.222,0.0,0.0,0.0,0.0,1.95
1762,1.222,0.0,0.0,0.0,0.0,1.95
1763,1.2225,0.5,0.1,0.0,0.0015,1.95
1764,1.222,0.0,0.0,0.0,0.0,1.95
1765,1.2225,0.5,0.1,0.0,0.0015,1.95
1766,1.222,0.0,0.0,0.0,0.0,1.95
1767,1.2225,0.5,0.1,0.0,0.0015,1.95
1768,1.2225,0.5,0.1,0.0,0.0015,1.95
1769,1.222,0.0,0.0,0.0,0.0,1.95
1770,1.222,0.0,0.0,0.0,0.0,1.95
1771,1.222,0.0,0.0,0.0,0.0,1.95
1772,1.2225,0.5,0.1,0.0,0.0015,1.95
1773,1.222,0.0,0.0,0.0,0.0,1.95
1774,1.222,0.0,0.0,0.0,0.0,1.95
1775,1.222,0.0,0.0,0.0,0.0,1.95
1776,1.222,0.0,0.0,0.0,0.0,1.95
1777,1.222,0.0,0.0,0.0,0.0,1.95
1778,1.222,0.0,0.0,0.0,0.0,1.95
1779,1.222,0.0,0.0,0.0,0.0,1.95
1780,1.222,0.0,0.0,0.0,0.0,1.95
1781,1.2225,0.5,0.1,0.0,0.0015,1.95
1782,1.222,0.0,0.0,0.0,0.0,1.95
1783,1.2225,0.5,0.1,0.0,0.0015,1.95
1784,1.222,0.0,0.0,0.0,0.0,1.95
1785,1.2225,0.5,0.1,0.0,0.0015,1.95
1786,1.2225,0.5,0.1,0.0,0.0015,1.95
1787,1.222,0.0,0.0,0.0,0.0,1.95
1788,1.2225,0.5,0.1,0.0,0.0015,1.95
1789,1.222,0.0,0.0,0.0,0.0,1.95
1790,1.222,0.0,0.0,0.0,0.0,1.95
1791,1.222,0.0,0.0,0.0,0.0,1.95
1792,1.222,0.0,0.0,0.0,0.0,1.95
1793,1.222,0.0,0.0,0.0,0.0,1.95
1794,1.2225,0.5,0.1,0.0,0.0015,1.95
1795,1.2225,0.5,0.1,0.0,0.0015,1.95
1796,1.222,0.0,0.0,0.0,0.0,1.95
1797,1.222,0.0,0.0,0.0,0.0,1.95
1798,1.222,0.0,0.0,0.0,0.0,1.95
1799,1.2225,0.5,0.1,0.0,0.0015,1.95
1800,1.222,0.0,0.0,0.0,0.0,1.95
1801,1.2225,0.5,0.1,0.0,0.0015,1.95
1802,1.2225,0.5,0.1,0.0,0.0015,1.95
1803,1.222,0.0,0.0,0.0,0.0,1.95
1804,1.222,0.0,0.0,0.0,0.0,1.95
1805,1.2225,0.5,0.1,0.0,0.0015,1.95
1806,1.222,0.0,0.0,0.0,0.0,1.95
1807,1.2225,0.5,0.1,0.0,0.0015,1.95
1808,1.222,0.0,0.0,0.0,0.0,1.95
1809,1.222,0.0,0.0,0.0,0.0,1.95
1810,1.2225,0.5,0.1,0.0,0.0015,1.95
1811,1.222,0.0,0.0,0.0,0.0,1.95
1812,1.2225,0.5,0.1,0.0,0.0015,1.95
1813,1.2225,0.5,0.1,0.0,0.0015,1.95
1814,1.222,0.0,0.0,0.0,0.0,1.95
1815,1.2225,0.5,0.1,0.0,0.0015,1.95
1816,1.222,0.0,0.0,0.0,0.0,1.95
1817,1.2225,0.5,0.1,0.0,0.0015,1.95
1818,1.222,0.0,0.0,0.0,0.0,1.95
1819,1.2225,0.5,0.1,0.0,0.0015,1.95
1820,1.2225,0.5,0.1,0.0,0.0015,1.95
1821,1.222,0.0,0.0,0.0,0.0,1.95
1822,1.2225,0.5,0.1,0.0,0.0015,1.95
1823,1.222,0.0,0.0,0.0,0.0,1.95
1824,1.222,0.0,0.0,0.0,0.0,1.95
1825,1.222,0.0,0.0,0.0,0.0,1.95
1826,1.2225,0.5,0.1,0.0,0.0015,1.95
1827,1.222,0.0,0.0,0.0,0.0,1.95
1828,1.2225,0.5,0.1,0.0,0.0015,1.95
1829,1.2225,0.5,0.1,0.0,0.0015,1.95
1830,1.2225,0.5,0.1,0.0,0.0015,1.95
1831,1.2225,0.5,0.1,0.0,0.0015,1.95
1832,1.2225,0.5,0.1,0.0,0.0015,1.95
1833,1.222,0.0,0.0,0.0,0.0,1.95
1834,1.2225,0.5,0.1,0.0,0.0015,1.95
1835,1.2225,0.5,0.1,0.0,0.0015,1.95
1836,1.222,0.0,0.0,0.0,0.0,1.95
1837,1.222,0.0,0.0,0.0,0.0,1.95
1838,1.222,0.0,0.0,0.0,0.0,1.95
1839,1.222,0.0,0.0,0.0,0.0,1.95
1840,1.222,0.0,0.0,0.0,0.0,1.95
1841,1.2225,0.5,0.1,0.0,0.0015,1.95
1842,1.222,0.0,0.0,0.0,0.0,1.95
1843,1.222,0.0,0.0,0.0,0.0,1.95
1844,1.222,0.0,0.0,0.0,0.0,1.95
1845,1.222,0.0,0.0,0.0,0.0,1.95
1846,1.2225,0.5,0.1,0.0,0.0015,1.95
1847,1.222,0.0,0.0,0.0,0.0,1.95
1848,1.2225,0.5,0.1,0.0,0.0015,1.95
1849,1.2225,0.5,0.1,0.0,0.0015,1.95
1850,1.2225,0.5,0.1,0.0,0.0015,1.95
1851,1.2225,0.5,0.1,0.0,0.0015,1.95
1852,1.222,0.0,0.0,0.0,0.0,1.95
1853,1.2225,0.5,0.1,0.0,0.0015,1.95
1854,1.222,0.0,0.0,0.0,0.0,1.95
1855,1.222,0.0,0.0,0.0,0.0,1.95
1856,1.222,0.0,0.0,0.0,0.0,1.95
1857,1.222,0.0,0.0,0.0,0.0,1.95
1858,1.222,0.0,0.0,0.0,0.0,1.95
1859,1.2225,0.5,0.1,0.0,0.0015,1.95
1860,1.2225,0.5,0.1,0.0,0.0015,1.95
1861,1.2225,0.5,0.1,0.0,0.0015,1.95
1862,1.2225,0.5,0.1,0.0,0.0015,1.95
1863,1.2225,0.5,0.1,0.0,0.0015,1.95
1864,1.222,0.0,0.0,0.0,0.0,1.95
1865,1.2225,0.5,0.1,0.0,0.0015,1.95
1866,1.222,0.0,0.0,0.0,0.0,1.95
1867,1.222,0.0,0.0,0.0,0.0,1.95
1868,1.222,0.0,0.0,0.0,0.0,1.95
1869,1.222,0.0,0.0,0.0,0.0,1.95
1870,1.2225,0.5,0.1,0.0,0.0015,1.95
1871,1.222,0.0,0.0,0.0,0.0,1.95
1872,1.222,0.0,0.0,0.0,0.0,1.95
1873,1.2225,0.5,0.1,0.0,0.0015,1.95
1874,1.222,0.0,0.0,0.0,0.0,1.95
1875,1.2225,0.5,0.1,0.0,0.0015,1.95
1876,1.2225,0.5,0.1,0.0,0.0015,1.95
1877,1.222,0.0,0.0,0.0,0.0,1.95
1878,1.2225,0.5,0.1,0.0,0.0015,1.95
1879,1.222,0.0,0.0,0.0,0.0,1.95
1880,1.2225,0.5,0.1,0.0,0.0015,1.95
1881,1.222,0.0,0.0,0.0,0.0,1.95
1882,1.2225,0.5,0.1,0.0,0.0015,1.95
1883,1.2225,0.5,0.1,0.0,0.0015,1.95
1884,1.222,0.0,0.0,0.0,0.0,1.95
1885,1.222,0.0,0.0,0.0,0.0,1.95
1886,1.222,0.0,0.0,0.0,0.0,1.95
1887,1.2225,0.5,0.1,0.0,0.0015,1.95
1888,1.222,0.0,0.0,0.0,0.0,1.95
1889,1.2225,0.5,0.1,0.0,0.0015,1.95
1890,1.2225,0.5,0.1,0.0,0.0015,1.95
1891,1.222,0.0,0.0,0.0,0.0,1.95
1892,1.2225,0.5,0.1,0.0,0.0015,1.95
1893,1.222,0.0,0.0,0.0,0.0,1.95
1894,1.2225,0.5,0.1,0.0,0.0015,1.95
1895,1.222,0.0,0.0,0.0,0.0,1.95
1896,1.222,0.0,0.0,0.0,0.0,1.95
1897,1.2225,0.5,0.1,0.0,0.0015,1.95
1898,1.2225,0.5,0.1,0.0,0.0015,1.95
1899,1.222,0.0,0.0,0.0,0.0,1.95
1900,1.222,0.0,0.0,0.0,0.0,1.95
1901,1.2225,0.5,0.1,0.0,0.0015,1.95
1902,1.2225,0.5,0.1,0.0,0.0015,1.95
1903,1.2225,0.5,0.1,0.0,0.0015,1.95
1904,1.222,0.0,0.0,0.0,0.0,1.95
1905,1.222,0.0,0.0,0.0,0.0,1.95
1906,1.222,0.0,0.0,0.0,0.0,1.95
1907,1.222,0.0,0.0,0.0,0.0,1.95
1908,1.222,0.0,0.0,0.0,0.0,1.95
1909,1.2225,0.5,0.1,0.0,0.0015,1.95
1910,1.2225,0.5,0.1,0.0,0.0015,1.95
1911,1.2225,0.5,0.1,0.0,0.0015,1.95
1912,1.2225,0.5,0.1,0.0,0.0015,1.95
1913,1.222,0.0,0.0,0.0,0.0,1.95
1914,1.2225,0.5,0.1,0.0,0.0015,1.95
1915,1.222,0.0,0.0,0.0,0.0,1.95
1916,1.222,0.0,0.0,0.0,0.0,1.95
1917,1.2225,0.5,0.1,0.0,0.0015,1.95
1918,1.222,0.0,0.0,0.0,0.0,1.95
1919,1.2225,0.5,0.1,0.0,0.0015,1.95
1920,1.2225,0.5,0.1,0.0,0.0015,1.95
1921,1.222,0.0,0.0,0.0,0.0,1.95
1922,1.2225,0.5,0.1,0.0,0.0015,1.95
1923,1.222,0.0,0.0,0.0,0.0,1.95
1924,1.2225,0.5,0.1,0.0,0.0015,1.95
1925,1.2225,0.5,0.1,0.0,0.0015,1.95
1926,1.222,0.0,0.0,0.0,0.0,1.95
1927,1.2225,0.5,0.1,0.0,0.0015,1.95
1928,1.222,0.0,0.0,0.0,0.0,1.95
1929,1.222,0.0,0.0,0.0,0.0,1.95
1930,1.2225,0.5,0.1,0.0,0.0015,1.95
1931,1.2225,0.5,0.1,0.0,0.0015,1.95
1932,1.222,0.0,0.0,0.0,0.0,1.95
1933,1.222,0.0,0.0,0.0,0.0,1.95
1934,1.222,0.0,0.0,0.0,0.0,1.95
1935,1.2225,0.5,0.1,0.0,0.0015,1.95
1936,1.222,0.0,0.0,0.0,0.0,1.95
1937,1.222,0.0,0.0,0.0,0.0,1.95
1938,1.2225,0.5,0.1,0.0,0.0015,1.95
1939,1.222,0.0,0.0,0.0,0.0,1.95
1940,1.2225,0.5,0.1,0.0,0.0015,1.95
1941,1.222,0.0,0.0,0.0,0.0,1.95
1942,1.2225,0.5,0.1,0.0,0.0015,1.95
1943,1.222,0.0,0.0,0.0,0.0,1.95
1944,1.222,0.0,0.0,0.0,0.0,1.95
1945,1.2225,0.5,0.1,0.0,0.0015,1.95
1946,1.2225,0.5,0.1,0.0,0.0015,1.95
1947,1.2225,0.5,0.1,0.0,0.0015,1.95
1948,1.2225,0.5,0.1,0.0,0.0015,1.95
1949,1.2225,0.5,0.1,0.0,0.0015,1.95
1950,1.222,0.0,0.0,0.0,0.0,1.95
1951,1.222,0.0,0.0,0.0,0.0,1.95
1952,1.222,0.0,0.0,0.0,0.0,1.95
1953,1.2225,0.5,0.1,0.0,0.0015,1.95
1954,1.222,0.0,0.0,0.0,0.0,1.95
1955,1.2225,0.5,0.1,0.0,0.0015,1.95
1956,1.222,0.0,0.0,0.0,0.0,1.95
1957,1.2225,0.5,0.1,0.0,0.0015,1.95
1958,1.222,0.0,0.0,0.0,0.0,1.95
1959,1.222,0.0,0.0,0.0,0.0,1.95
1960,1.2225,0.5,0.1,0.0,0.0015,1.95
1961,1.2225,0.5,0.1,0.0,0.0015,1.95
1962,1.222,0.0,0.0,0.0,0.0,1.95
1963,1.2225,0.5,0.1,0.0,0.0015,1.95
1964,1.222,0.0,0.0,0.0,0.0,1.95
1965,1.222,0.0,0.0,0.0,0.0,1.95
1966,1.2225,0.5,0.1,0.0,0.0015,1.95
1967,1.2225,0.5,0.1,0.0,0.0015,1.95
1968,1.222,0.0,0.0,0.0,0.0,1.95
1969,1.222,0.0,0.0,0.0,0.0,1.95
1970,1.2225,0.5,0.1,0.0,0.0015,1.95
1971,1.222,0.0,0.0,0.0,0.0,1.95
1972,1.222,0.0,0.0,0.0,0.0,1.95
1973,1.222,0.0,0.0,0.0,0.0,1.95
1974,1.222,0.0,0.0,0.0,0.0,1.95
1975,1.2225,0.5,0.1,0.0,0.0015,1.95
1976,1.222,0.0,0.0,0.0,0.0,1.95
1977,1.222,0.0,0.0,0.0,0.0,1.95
1978,1.2225,0.5,0.1,0.0,0.0015,1.95
1979,1.2225,0.5,0.1,0.0,0.0015,1.95
1980,1.222,0.0,0.0,0.0,0.0,1.95
1981,1.2225,0.5,0.1,0.0,0.0015,1.95
1982,1.222,0.0,0.0,0.0,0.0,1.95
1983,1.222,0.0,0.0,0.0,0.0,1.95
1984,1.222,0.0,0.0,0.0,0.0,1.95
1985,1.2225,0.5,0.1,0.0,0.0015,1.95
1986,1.2225,0.5,0.1,0.0,0.0015,1.95
1987,1.222,0.0,0.0,0.0,0.0,1.95
1988,1.2225,0.5,0.1,0.0,0.0015,1.95
1989,1.222,0.0,0.0,0.0,0.0,1.95
1990,1.2225,0.5,0.1,0.0,0.0015,1.95
1991,1.222,0.0,0.0,0.0,0.0,1.95
1992,1.222,0.0,0.0,0.0,0.0,1.95
1993,1.222,0.0,0.0,0.0,0.0,1.95
1994,1.2225,0.5,0.1,0.0,0.0015,1.95
1995,1.2225,0.5,0.1,0.0,0.0015,1.95
1996,1.222,0.0,0.0,0.0,0.0,1.95
1997,1.2225,0.5,0.1,0.0,0.0015,1.95
1998,1.2225,0.5,0.1,0.0,0.0015,1.95
1999,1.2225,0.5,0.1,0.0,0.0015,1.95
2000,1.2225,0.5,0.1,0.0,0.0015,1.95
2001,1.222,0.0,0.0,0.0,0.0,1.95
2002,1.222,0.0,0.0,0.0,0.0,1.95
2003,1.222,0.0,0.0,0.0,0.0,1.95
2004,1.2225,0.5,0.1,0.0,0.0015,1.95
2005,1.222,0.0,0.0,0.0,0.0,1.95
2006,1.2225,0.5,0.1,0.0,0.0015,1.95
2007,1.222,0.0,0.0,0.0,0.0,1.95
2008,1.222,0.0,0.0,0.0,0.0,1.95
2009,1.2225,0.5,0.1,0.0,0.0015,1.95
2010,1.222,0.0,0.0,0.0,0.0,1.95
2011,1.222,0.0,0.0,0.0,0.0,1.95
2012,1.222,0.0,0.0,0.0,0.0,1.95
2013,1.222,0.0,0.0,0.0,0.0,1.95
2014,1.222,0.0,0.0,0.0,0.0,1.95
2015,1.2225,0.5,0.1,0.0,0.0015,1.95
2016,1.2225,0.5,0.1,0.0,0.0015,1.95
2017,1.2225,0.5,0.1,0.0,0.0015,1.95
2018,1.2225,0.5,0.1,0.0,0.0015,1.95
2019,1.2225,0.5,0.1,0.0,0.0015,1.95
2020,1.222,0.0,0.0,0.0,0.0,1.95
2021,1.222,0.0,0.0,0.0,0.0,1.95
2022,1.2225,0.5,0.1,0.0,0.0015,1.95
2023,1.2225,0.5,0.1,0.0,0.0015,1.95
2024,1.2225,0.5,0.1,0.0,0.0015,1.95
2025,1.222,0.0,0.0,0.0,0.0,1.95
2026,1.2225,0.5,0.1,0.0,0.0015,1.95
2027,1.2225,0.5,0.1,0.0,0.0015,1.95
2028,1.222,0.0,0.0,0.0,0.0,1.95
2029,1.2225,0.5,0.1,0.0,0.0015,1.95
2030,1.222,0.0,0.0,0.0,0.0,1.95
2031,1.222,0.0,0.0,0.0,0.0,1.95
2032,1.2225,0.5,0.1,0.0,0.0015,1.95
2033,1.2225,0.5,0.1,0.0,0.0015,1.95
2034,1.2225,0.5,0.1,0.0,0.0015,1.95
2035,1.2225,0.5,0.1,0.0,0.0015,1.95
2036,1.222,0.0,0.0,0.0,0.0,1.95
2037,1.2225,0.5,0.1,0.0,0.0015,1.95
2038,1.222,0.0,0.0,0.0,0.0,1.95
2039,1.222,0.0,0.0,0.0,0.0,1.95
2040,1.222,0.0,0.0,0.0,0.0,1.95
2041,1.222,0.0,0.0,0.0,0.0,1.95
2042,1.2225,0.5,0.1,0.0,0.0015,1.95
2043,1.222,0.0,0.0,0.0,0.0,1.95
2044,1.222,0.0,0.0,0.0,0.0,1.95
2045,1.2225,0.5,0.1,0.0,0.0015,1.95
2046,1.222,0.0,0.0,0.0,0.0,1.95
2047,1.2225,0.5,0.1,0.0,0.0015,1.95
2048,1.2225,0.5,0.1,0.0,0.0015,1.95
2049,1.222,0.0,0.0,0.0,0.0,1.95
2050,1.222,0.0,0.0,0.0,0.0,1.95
2051,1.2225,0.5,0.1,0.0,0.0015,1.95
2052,1.2225,0.5,0.1,0.0,0.0015,1.95
2053,1.2225,0.5,0.1,0.0,0.0015,1.95
2054,1.222,0.0,0.0,0.0,0.0,1.95
2055,1.2225,0.5,0.1,0.0,0.0015,1.95
2056,1.222,0.0,0.0,0.0,0.0,1.95
2057,1.222,0.0,0.0,0.0,0.0,1.95
2058,1.222,0.0,0.0,0.0,0.0,1.95
2059,1.222,0.0,0.0,0.0,0.0,1.95
2060,1.2225,0.5,0.1,0.0,0.0015,1.95
2061,1.2225,0.5,0.1,0.0,0.0015,1.95
2062,1.222,0.0,0.0,0.0,0.0,1.95
2063,1.222,0.0,0.0,0.0,0.0,1.95
2064,1.222,0.0,0.0,0.0,0.0,1.95
2065,1.2225,0.5,0.1,0.0,0.0015,1.95
2066,1.222,0.0,0.0,0.0,0.0,1.95
2067,1.222,0.0,0.0,0.0,0.0,1.95
2068,1.2225,0.5,0.1,0.0,0.0015,1.95
2069,1.2225,0.5,0.1,0.0,0.0015,1.95
2070,1.2225,0.5,0.1,0.0,0.0015,1.95
2071,1.222,0.0,0.0,0.0,0.0,1.95
2072,1.222,0.0,0.0,0.0,0.0,1.95
2073,1.2225,0.5,0.1,0.0,0.0015,1.95
2074,1.222,0.0,0.0,0.0,0.0,1.95
2075,1.2225,0.5,0.1,0.0,0.0015,1.95
2076,1.2225,0.5,0.1,0.0,0.0015,1.95
2077,1.222,0.0,0.0,0.0,0.0,1.95
2078,1.222,0.0,0.0,0.0,0.0,1.95
2079,1.2225,0.5,0.1,0.0,0.0015,1.95
2080,1.222,0.0,0.0,0.0,0.0,1.95
2081,1.2225,0.5,0.1,0.0,0.0015,1.95
2082,1.222,0.0,0.0,0.0,0.0,1.95
2083,1.2225,0.5,0.1,0.0,0.0015,1.95
2084,1.2225,0.5,0.1,0.0,0.0015,1.95
2085,1.2225,0.5,0.1,0.0,0.0015,1.95
2086,1.222,0.0,0.0,0.0,0.0,1.95
2087,1.222,0.0,0.0,0.0,0.0,1.95
2088,1.2225,0.5,0.1,0.0,0.0015,1.95
2089,1.2225,0.5,0.1,0.0,0.0015,1.95
2090,1.2225,0.5,0.1,0.0,0.0015,1.95
2091,1.2225,0.5,0.1,0.0,0.0015,1.95
2092,1.2225,0.5,0.1,0.0,0.0015,1.95
2093,1.2225,0.5,0.1,0.0,0.0015,1.95
2094,1.222,0.0,0.0,0.0,0.0,1.95
2095,1.222,0.0,0.0,0.0,0.0,1.95
2096,1.222,0.0,0.0,0.0,0.0,1.95
2097,1.222,0.0,0.0,0.0,0.0,1.95
2098,1.2225,0.5,0.1,0.0,0.0015,1.95
2099,1.2225,0.5,0.1,0.0,0.0015,1.95
2100,1.222,0.0,0.0,0.0,0.0,1.95
2101,1.222,0.0,0.0,0.0,0.0,1.95
2102,1.222,0.0,0.0,0.0,0.0,1.95
2103,1.2225,0.5,0.1,0.0,0.0015,1.95
2104,1.222,0.0,0.0,0.0,0.0,1.95
2105,1.2225,0.5,0.1,0.0,0.0015,1.95
2106,1.2225,0.5,0.1,0.0,0.0015,1.95
2107,1.2225,0.5,0.1,0.0,0.0015,1.95
2108,1.222,0.0,0.0,0.0,0.0,1.95
2109,1.222,0.0,0.0,0.0,0.0,1.95
2110,1.2225,0.5,0.1,0.0,0.0015,1.95
2111,1.2225,0.5,0.1,0.0,0.0015,1.95
2112,1.2225,0.5,0.1,0.0,0.0015,1.95
2113,1.2225,0.5,0.1,0.0,0.0015,1.95
2114,1.2225,0.5,0.1,0.0,0.0015,1.95
2115,1.222,0.0,0.0,0.0,0.0,1.95
2116,1.222,0.0,0.0,0.0,0.0,1.95
2117,1.2225,0.5,0.1,0.0,0.0015,1.95
2118,1.2225,0.5,0.1,0.0,0.0015,1.95
2119,1.2225,0.5,0.1,0.0,0.0015,1.95
2120,1.2225,0.5,0.1,0.0,0.0015,1.95
2121,1.2225,0.5,0.1,0.0,0.0015,1.95
2122,1.2225,0.5,0.1,0.0,0.0015,1.95
2123,1.2225,0.5,0.1,0.0,0.0015,1.95
2124,1.2225,0.5,0.1,0.0,0.0015,1.95
2125,1.2225,0.5,0.1,0.0,0.0015,1.95
2126,1.2225,0.5,0.1,0.0,0.0015,1.95
2127,1.2225,0.5,0.1,0.0,0.0015,1.95
2128,1.2225,0.5,0.1,0.0,0.0015,1.95
2129,1.222,0.0,0.0,0.0,0.0,1.95
2130,1.2225,0.5,0.1,0.0,0.0015,1.95
2131,1.222,0.0,0.0,0.0,0.0,1.95
2132,1.2225,0.5,0.1,0.0,0.0015,1.95
2133,1.2225,0.5,0.1,0.0,0.0015,1.95
2134,1.222,0.0,0.0,0.0,0.0,1.95
2135,1.2225,0.5,0.1,0.0,0.0015,1.95
2136,1.222,0.0,0.0,0.0,0.0,1.95
2137,1.222,0.0,0.0,0.0,0.0,1.95
2138,1.2225,0.5,0.1,0.0,0.0015,1.95
2139,1.222,0.0,0.0,0.0,0.0,1.95
2140,1.222,0.0,0.0,0.0,0.0,1.95
2141,1.222,0.0,0.0,0.0,0.0,1.95
2142,1.2225,0.5,0.1,0.0,0.0015,1.95
2143,1.222,0.0,0.0,0.0,0.0,1.95
2144,1.222,0.0,0.0,0.0,0.0,1.95
2145,1.222,0.0,0.0,0.0,0.0,1.95
2146,1.2225,0.5,0.1,0.0,0.0015,1.95
2147,1.2225,0.5,0.1,0.0,0.0015,1.95
2148,1.2225,0.5,0.1,0.0,0.0015,1.95
2149,1.222,0.0,0.0,0.0,0.0,1.95
2150,1.222,0.0,0.0,0.0,0.0,1.95
2151,1.2225,0.5,0.1,0.0,0.0015,1.95
2152,1.222,0.0,0.0,0.0,0.0,1.95
2153,1.222,0.0,0.0,0.0,0.0,1.95
2154,1.222,0.0,0.0,0.0,0.0,1.95
2155,1.222,0.0,0.0,0.0,0.0,1.95
2156,1.2225,0.5,0.1,0.0,0.0015,1.95
2157,1.222,0.0,0.0,0.0,0.0,1.95
2158,1.222,0.0,0.0,0.0,0.0,1.95
2159,1.2225,0.5,0.1,0.0,0.0015,1.95
2160,1.222,0.0,0.0,0.0,0.0,1.95
2161,1.222,0.0,0.0,0.0,0.0,1.95
2162,1.2225,0.5,0.1,0.0,0.0015,1.95
2163,1.222,0.0,0.0,0.0,0.0,1.95
2164,1.222,0.0,0.0,0.0,0.0,1.95
2165,1.2225,0.5,0.1,0.0,0.0015,1.95
2166,1.2225,0.5,0.1,0.0,0.0015,1.95
2167,1.222,0.0,0.0,0.0,0.0,1.95
2168,1.222,0.0,0.0,0.0,0.0,1.95
2169,1.2225,0.5,0.1,0.0,0.0015,1.95
2170,1.2225,0.5,0.1,0.0,0.0015,1.95
2171,1.222,0.0,0.0,0.0,0.0,1.95
2172,1.222,0.0,0.0,0.0,0.0,1.95
2173,1.222,0.0,0.0,0.0,0.0,1.95
2174,1.2225,0.5,0.1,0.0,0.0015,1.95
2175,1.2225,0.5,0.1,0.0,0.0015,1.95
2176,1.222,0.0,0.0,0.0,0.0,1.95
2177,1.2225,0.5,0.1,0.0,0.0015,1.95
2178,1.222,0.0,0.0,0.0,0.0,1.95
2179,1.2225,0.5,0.1,0.0,0.0015,1.95
2180,1.222,0.0,0.0,0.0,0.0,1.95
2181,1.222,0.0,0.0,0.0,0.0,1.95
2182,1.2225,0.5,0.1,0.0,0.0015,1.95
2183,1.2225,0.5,0.1,0.0,0.0015,1.95
2184,1.222,0.0,0.0,0.0,0.0,1.95
2185,1.222,0.0,0.0,0.0,0.0,1.95
2186,1.222,0.0,0.0,0.0,0.0,1.95
2187,1.2225,0.5,0.1,0.0,0.0015,1.95
2188,1.222,0.0,0.0,0.0,0.0,1.95
2189,1.2225,0.5,0.1,0.0,0.0015,1.95
2190,1.2225,0.5,0.1,0.0,0.0015,1.95
2191,1.222,0.0,0.0,0.0,0.0,1.95
2192,1.222,0.0,0.0,0.0,0.0,1.95
2193,1.222,0.0,0.0,0.0,0.0,1.95
2194,1.222,0.0,0.0,0.0,0.0,1.95
2195,1.2225,0.5,0.1,0.0,0.0015,1.95
2196,1.2225,0.5,0.1,0.0,0.0015,1.95
2197,1.222,0.0,0.0,0.0,0.0,1.95
2198,1.2225,0.5,0.1,0.0,0.0015,1.95
2199,1.2225,0.5,0.1,0.0,0.0015,1.95
2200,1.222,0.0,0.0,0.0,0.0,1.95
2201,1.2225,0.5,0.1,0.0,0.0015,1.95
2202,1.222,0.0,0.0,0.0,0.0,1.95
2203,1.2225,0.5,0.1,0.0,0.0015,1.95
2204,1.222,0.0,0.0,0.0,0.0,1.95
2205,1.222,0.0,0.0,0.0,0.0,1.95
2206,1.2225,0.5,0.1,0.0,0.0015,1.95
2207,1.2225,0.5,0.1,0.0,0.0015,1.95
2208,1.2225,0.5,0.1,0.0,0.0015,1.95
2209,1.2225,0.5,0.1,0.0,0.0015,1.95
2210,1.2225,0.5,0.1,0.0,0.0015,1.95
2211,1.2225,0.5,0.1,0.0,0.0015,1.95
2212,1.222,0.0,0.0,0.0,0.0,1.95
2213,1.2225,0.5,0.1,0.0,0.0015,1.95
2214,1.2225,0.5,0.1,0.0,0.0015,1.95
2215,1.2225,0.5,0.1,0.0,0.0015,1.95
2216,1.2225,0.5,0.1,0.0,0.0015,1.95
2217,1.2225,0.5,0.1,0.0,0.0015,1.95
2218,1.222,0.0,0.0,0.0,0.0,1.95
2219,1.222,0.0,0.0,0.0,0.0,1.95
2220,1.222,0.0,0.0,0.0,0.0,1.95
2221,1.222,0.0,0.0,0.0,0.0,1.95
2222,1.2225,0.5,0.1,0.0,0.0015,1.95
2223,1.2225,0.5,0.1,0.0,0.0015,1.95
2224,1.222,0.0,0.0,0.0,0.0,1.95
2225,1.2225,0.5,0.1,0.0,0.0015,1.95
2226,1.222,0.0,0.0,0.0,0.0,1.95
2227,1.222,0.0,0.0,0.0,0.0,1.95
2228,1.2225,0.5,0.1,0.0,0.0015,1.95
2229,1.222,0.0,0.0,0.0,0.0,1.95
2230,1.222,0.0,0.0,0.0,0.0,1.95
2231,1.222,0.0,0.0,0.0,0.0,1.95
2232,1.2225,0.5,0.1,0.0,0.0015,1.95
2233,1.2225,0.5,0.1,0.0,0.0015,1.95
2234,1.222,0.0,0.0,0.0,0.0,1.95
2235,1.2225,0.5,0.1,0.0,0.0015,1.95
2236,1.222,0.0,0.0,0.0,0.0,1.95
2237,1.222,0.0,0.0,0.0,0.0,1.95
2238,1.222,0.0,0.0,0.0,0.0,1.95
2239,1.2225,0.5,0.1,0.0,0.0015,1.95
2240,1.2225,0.5,0.1,0.0,0.0015,1.95
2241,1.2225,0.5,0.1,0.0,0.0015,1.95
2242,1.2225,0.5,0.1,0.0,0.0015,1.95
2243,1.222,0.0,0.0,0.0,0.0,1.95
2244,1.2225,0.5,0.1,0.0,0.0015,1.95
2245,1.2225,0.5,0.1,0.0,0.0015,1.95
2246,1.222,0.0,0.0,0.0,0.0,1.95
2247,1.2225,0.5,0.1,0.0,0.0015,1.95
2248,1.2225,0.5,0.1,0.0,0.0015,1.95
2249,1.222,0.0,0.0,0.0,0.0,1.95
2250,1.2225,0.5,0.1,0.0,0.0015,1.95
2251,1.222,0.0,0.0,0.0,0.0,1.95
2252,1.2225,0.5,0.1,0.0,0.0015,1.95
2253,1.222,0.0,0.0,0.0,0.0,1.95
2254,1.222,0.0,0.0,0.0,0.0,1.95
2255,1.222,0.0,0.0,0.0,0.0,1.95
2256,1.222,0.0,0.0,0.0,0.0,1.95
2257,1.2225,0.5,0.1,0.0,0.0015,1.95
2258,1.2225,0.5,0.1,0.0,0.0015,1.95
2259,1.222,0.0,0.0,0.0,0.0,1.95
2260,1.2225,0.5,0.1,0.0,0.0015,1.95
2261,1.222,0.0,0.0,0.0,0.0,1.95
2262,1.2225,0.5,0.1,0.0,0.0015,1.95
2263,1.2225,0.5,0.1,0.0,0.0015,1.95
2264,1.2225,0.5,0.1,0.0,0.0015,1.95
2265,1.222,0.0,0.0,0.0,0.0,1.95
2266,1.2225,0.5,0.1,0.0,0.0015,1.95
2267,1.222,0.0,0.0,0.0,0.0,1.95
2268,1.222,0.0,0.0,0.0,0.0,1.95
2269,1.222,0.0,0.0,0.0,0.0,1.95
2270,1.2225,0.5,0.1,0.0,0.0015,1.95
2271,1.2225,0.5,0.1,0.0,0.0015,1.95
2272,1.222,0.0,0.0,0.0,0.0,1.95
1,0.022,0.5,0.1,0.02,0.0025,1.95
2,1.222,0.0,0.0,0.0,0.0,1.95
3,0.022,0.5,0.1,0.02,0.0025,1.95
4,1.222,0.0,0.0,0.0,0.0,1.95
5,0.022,0.5,0.1,0.02,0.0025,1.95
6,1.222,0.0,0.0,0.0,0.0,1.95
7,1.222,0.0,0.0,0.0,0.0,1.95
8,1.222,0.0,0.0,0.0,0.0,1.95
9,1.222,0.0,0.0,0.0,0.0,1.95
10,1.222,0.0,0.0,0.0,0.0,1.95
11,1.222,0.0,0.0,0.0,0.0,1.95
12,1.222,0.0,0.0,0.0,0.0,1.95
13,1.222,0.0,0.0,0.0,0.0,1.95
14,0.022,0.5,0.1,0.02,0.0025,1.95
15,1.222,0.0,0.0,0.0,0.0,1.95
16,1.222,0.0,0.0,0.0,0.0,1.95
17,0.022,0.5,0.1,0.02,0.0025,1.95
18,0.022,0.5,0.1,0.02,0.0025,1.95
19,0.022,0.5,0.1,0.02,0.0025,1.95
20,1.222,0.0,0.0,0.0,0.0,1.95
21,0.022,0.5,0.1,0.02,0.0025,1.95
22,0.022,0.5,0.1,0.02,0.0025,1.95
23,1.222,0.0,0.0,0.0,0.0,1.95
24,1.222,0.0,0.0,0.0,0.0,1.95
25,1.222,0.0,0.0,0.0,0.0,1.95
26,0.022,0.5,0.1,0.02,0.0025,1.95
27,0.022,0.5,0.1,0.02,0.0025,1.95
28,1.222,0.0,0.0,0.0,0.0,1.95
29,0.022,0.5,0.1,0.02,0.0025,1.95
30,0.022,0.5,0.1,0.02,0.0025,1.95
31,0.022,0.5,0.1,0.02,0.0025,1.95
32,0.022,0.5,0.1,0.02,0.0025,1.95
33,1.222,0.0,0.0,0.0,0.0,1.95
34,0.022,0.5,0.1,0.02,0.0025,1.95
35,0.022,0.5,0.1,0.02,0.0025,1.95
36,1.222,0.0,0.0,0.0,0.0,1.95
37,0.022,0.5,0.1,0.02,0.0025,1.95
38,1.222,0.0,0.0,0.0,0.0,1.95
39,0.022,0.5,0.1,0.02,0.0025,1.95
40,0.022,0.5,0.1,0.02,0.0025,1.95
41,1.222,0.0,0.0,0.0,0.0,1.95
42,1.222,0.0,0.0,0.0,0.0,1.95
43,1.222,0.0,0.0,0.0,0.0,1.95
44,1.222,0.0,0.0,0.0,0.0,1.95
45,0.022,0.5,0.1,0.02,0.0025,1.95
46,1.222,0.0,0.0,0.0,0.0,1.95
47,0.022,0.5,0.1,0.02,0.0025,1.95
48,0.022,0.5,0.1,0.02,0.0025,1.95
49,0.022,0.5,0.1,0.02,0.0025,1.95
50,0.022,0.5,0.1,0.02,0.0025,1.95
51,0.022,0.5,0.1,0.02,0.0025,1.95
52,0.022,0.5,0.1,0.02,0.0025,1.95
53,1.222,0.0,0.0,0.0,0.0,1.95
54,1.222,0.0,0.0,0.0,0.0,1.95
55,1.222,0.0,0.0,0.0,0.0,1.95
56,0.022,0.5,0.1,0.02,0.0025,1.95
57,0.022,0.5,0.1,0.02,0.0025,1.95
58,0.022,0.5,0.1,0.02,0.0025,1.95
59,0.022,0.5,0.1,0.02,0.0025,1.95
60,0.022,0.5,0.1,0.02,0.0025,1.95
61,1.222,0.0,0.0,0.0,0.0,1.95
62,0.022,0.5,0.1,0.02,0.0025,1.95
63,0.022,0.5,0.1,0.02,0.0025,1.95
64,1.222,0.0,0.0,0.0,0.0,1.95
65,0.022,0.5,0.1,0.02,0.0025,1.95
66,0.022,0.5,0.1,0.02,0.0025,1.95
67,0.022,0.5,0.1,0.02,0.0025,1.95
68,0.022,0.5,0.1,0.02,0.0025,1.95
69,0.022,0.5,0.1,0.02,0.0025,1.95
70,1.222,0.0,0.0,0.0,0.0,1.95
71,1.222,0.0,0.0,0.0,0.0,1.95
72,1.222,0.0,0.0,0.0,0.0,1.95
73,0.022,0.5,0.1,0.02,0.0025,1.95
74,0.022,0.5,0.1,0.02,0.0025,1.95
75,0.022,0.5,0.1,0.02,0.0025,1.95
76,0.022,0.5,0.1,0.02,0.0025,1.95
77,0.022,0.5,0.1,0.02,0.0025,1.95
78,1.222,0.0,0.0,0.0,0.0,1.95
79,1.222,0.0,0.0,0.0,0.0,1.95
80,1.222,0.0,0.0,0.0,0.0,1.95
81,0.022,0.5,0.1,0.02,0.0025,1.95
82,1.222,0.0,0.0,0.0,0.0,1.95
83,0.022,0.5,0.1,0.02,0.0025,1.95
84,0.022,0.5,0.1,0.02,0.0025,1.95
85,0.022,0.5,0.1,0.02,0.0025,1.95
86,0.022,0.5,0.1,0.02,0.0025,1.95
87,0.022,0.5,0.1,0.02,0.0025,1.95
88,1.222,0.0,0.0,0.0,0.0,1.95
89,0.022,0.5,0.1,0.02,0.0025,1.95
90,0.022,0.5,0.1,0.02,0.0025,1.95
91,0.022,0.5,0.1,0.02,0.0025,1.95
92,1.222,0.0,0.0,0.0,0.0,1.95
93,0.022,0.5,0.1,0.02,0.0025,1.95
94,1.222,0.0,0.0,0.0,0.0,1.95
95,1.222,0.0,0.0,0.0,0.0,1.95
96,0.022,0.5,0.1,0.02,0.0025,1.95
97,1.222,0.0,0.0,0.0,0.0,1.95
98,1.222,0.0,0.0,0.0,0.0,1.95
99,1.222,0.0,0.0,0.0,0.0,1.95
100,1.222,0.0,0.0,0.0,0.0,1.95
101,0.022,0.5,0.1,0.02,0.0025,1.95
102,1.222,0.0,0.0,0.0,0.0,1.95
103,1.222,0.0,0.0,0.0,0.0,1.95
104,1.222,0.0,0.0,0.0,0.0,1.95
105,0.022,0.5,0.1,0.02,0.0025,1.95
106,0.022,0.5,0.1,0.02,0.0025,1.95
107,1.222,0.0,0.0,0.0,0.0,1.95
108,0.022,0.5,0.1,0.02,0.0025,1.95
109,1.222,0.0,0.0,0.0,0.0,1.95
110,1.222,0.0,0.0,0.0,0.0,1.95
111,0.022,0.5,0.1,0.02,0.0025,1.95
112,1.222,0.0,0.0,0.0,0.0,1.95
113,1.222,0.0,0.0,0.0,0.0,1.95
114,0.022,0.5,0.1,0.02,0.0025,1.95
115,1.222,0.0,0.0,0.0,0.0,1.95
116,1.222,0.0,0.0,0.0,0.0,1.95
117,0.022,0.5,0.1,0.02,0.0025,1.95
118,0.022,0.5,0.1,0.02,0.0025,1.95
119,0.022,0.5,0.1,0.02,0.0025,1.95
120,0.022,0.5,0.1,0.02,0.0025,1.95
121,1.222,0.0,0.0,0.0,0.0,1.95
122,1.222,0.0,0.0,0.0,0.0,1.95
123,0.022,0.5,0.1,0.02,0.0025,1.95
124,0.022,0.5,0.1,0.02,0.0025,1.95
125,0.022,0.5,0.1,0.02,0.0025,1.95
126,1.222,0.0,0.0,0.0,0.0,1.95
127,1.222,0.0,0.0,0.0,0.0,1.95
128,0.022,0.5,0.1,0.02,0.0025,1.95
129,1.222,0.0,0.0,0.0,0.0,1.95
130,1.222,0.0,0.0,0.0,0.0,1.95
131,0.022,0.5,0.1,0.02,0.0025,1.95
132,1.222,0.0,0.0,0.0,0.0,1.95
133,1.222,0.0,0.0,0.0,0.0,1.95
134,1.222,0.0,0.0,0.0,0.0,1.95
135,0.022,0.5,0.1,0.02,0.0025,1.95
136,1.222,0.0,0.0,0.0,0.0,1.95
137,1.2225,0.5,0.1,0.0,0.0015,1.95
138,1.222,0.0,0.0,0.0,0.0,1.95
139,1.222,0.0,0.0,0.0,0.0,1.95
140,0.022,0.5,0.1,0.02,0.0025,1.95
141,1.2225,0.5,0.1,0.0,0.0015,1.95
142,1.2225,0.5,0.1,0.0,0.0015,1.95
143,1.2225,0.5,0.1,0.0,0.0015,1.95
144,1.222,0.0,0.0,0.0,0.0,1.95
145,1.2225,0.5,0.1,0.0,0.0015,1.95
146,1.222,0.0,0.0,0.0,0.0,1.95
147,1.222,0.0,0.0,0.0,0.0,1.95
148,1.2225,0.5,0.1,0.0,0.0015,1.95
149,1.2225,0.5,0.1,0.0,0.0015,1.95
150,1.2225,0.5,0.1,0.0,0.0015,1.95
151,1.2225,0.5,0.1,0.0,0.0015,1.95
152,1.2225,0.5,0.1,0.0,0.0015,1.95
153,1.222,0.0,0.0,0.0,0.0,1.95
154,1.222,0.0,0.0,0.0,0.0,1.95
155,1.2225,0.5,0.1,0.0,0.0015,1.95
156,1.222,0.0,0.0,0.0,0.0,1.95
157,1.222,0.0,0.0,0.0,0.0,1.95
158,1.222,0.0,0.0,0.0,0.0,1.95
159,1.222,0.0,0.0,0.0,0.0,1.95
160,1.2225,0.5,0.1,0.0,0.0015,1.95
161,1.222,0.0,0.0,0.0,0.0,1.95
162,1.222,0.0,0.0,0.0,0.0,1.95
163,1.2225,0.5,0.1,0.0,0.0015,1.95
164,1.222,0.0,0.0,0.0,0.0,1.95
165,1.2225,0.5,0.1,0.0,0.0015,1.95
166,1.222,0.0,0.0,0.0,0.0,1.95
167,1.222,0.0,0.0,0.0,0.0,1.95
168,1.2225,0.5,0.1,0.0,0.0015,1.95
169,1.222,0.0,0.0,0.0,0.0,1.95
170,1.222,0.0,0.0,0.0,0.0,1.95
171,1.2225,0.5,0.1,0.0,0.0015,1.95
172,1.2225,0.5,0.1,0.0,0.0015,1.95
173,1.222,0.0,0.0,0.0,0.0,1.95
174,1.2225,0.5,0.1,0.0,0.0015,1.95
175,1.222,0.0,0.0,0.0,0.0,1.95
176,1.2225,0.5,0.1,0.0,0.0015,1.95
177,1.2225,0.5,0.1,0.0,0.0015,1.95
178,1.2225,0.5,0.1,0.0,0.0015,1.95
179,1.2225,0.5,0.1,0.0,0.0015,1.95
180,1.222,0.0,0.0,0.0,0.0,1.95
181,1.222,0.0,0.0,0.0,0.0,1.95
182,1.2225,0.5,0.1,0.0,0.0015,1.95
183,1.222,0.0,0.0,0.0,0.0,1.95
184,1.222,0.0,0.0,0.0,0.0,1.95
185,1.222,0.0,0.0,0.0,0.0,1.95
186,1.222,0.0,0.0,0.0,0.0,1.95
187,1.2225,0.5,0.1,0.0,0.0015,1.95
188,1.222,0.0,0.0,0.0,0.0,1.95
189,1.222,0.0,0.0,0.0,0.0,1.95
190,1.222,0.0,0.0,0.0,0.0,1.95
191,1.222,0.0,0.0,0.0,0.0,1.95
192,1.222,0.0,0.0,0.0,0.0,1.95
193,1.2225,0.5,0.1,0.0,0.0015,1.95
194,1.222,0.0,0.0,0.0,0.0,1.95
195,1.2225,0.5,0.1,0.0,0.0015,1.95
196,1.222,0.0,0.0,0.0,0.0,1.95
197,1.222,0.0,0.0,0.0,0.0,1.95
198,1.2225,0.5,0.1,0.0,0.0015,1.95
199,1.222,0.0,0.0,0.0,0.0,1.95
200,1.222,0.0,0.0,0.0,0.0,1.95
201,1.2225,0.5,0.1,0.0,0.0015,1.95
202,1.2225,0.5,0.1,0.0,0.0015,1.95
203,1.222,0.0,0.0,0.0,0.0,1.95
204,1.2225,0.5,0.1,0.0,0.0015,1.95
205,1.2225,0.5,0.1,0.0,0.0015,1.95
206,1.2225,0.5,0.1,0.0,0.0015,1.95
207,1.222,0.0,0.0,0.0,0.0,1.95
208,1.2225,0.5,0.1,0.0,0.0015,1.95
209,1.222,0.0,0.0,0.0,0.0,1.95
210,1.2225,0.5,0.1,0.0,0.0015,1.95
211,1.2225,0.5,0.1,0.0,0.0015,1.95
212,1.2225,0.5,0.1,0.0,0.0015,1.95
213,1.222,0.0,0.0,0.0,0.0,1.95
214,1.222,0.0,0.0,0.0,0.0,1.95
215,1.222,0.0,0.0,0.0,0.0,1.95
216,1.2225,0.5,0.1,0.0,0.0015,1.95
217,1.222,0.0,0.0,0.0,0.0,1.95
218,1.2225,0.5,0.1,0.0,0.0015,1.95
219,1.2225,0.5,0.1,0.0,0.0015,1.95
220,1.222,0.0,0.0,0.0,0.0,1.95
221,1.2225,0.5,0.1,0.0,0.0015,1.95
222,1.222,0.0,0.0,0.0,0.0,1.95
223,1.2225,0.5,0.1,0.0,0.0015,1.95
224,1.222,0.0,0.0,0.0,0.0,1.95
225,1.2225,0.5,0.1,0.0,0.0015,1.95
226,1.222,0.0,0.0,0.0,0.0,1.95
227,1.2225,0.5,0.1,0.0,0.0015,1.95
228,1.222,0.0,0.0,0.0,0.0,1.95
229,1.222,0.0,0.0,0.0,0.0,1.95
230,1.222,0.0,0.0,0.0,0.0,1.95
231,1.2225,0.5,0.1,0.0,0.0015,1.95
232,1.222,0.0,0.0,0.0,0.0,1.95
233,1.2225,0.5,0.1,0.0,0.0015,1.95
234,1.222,0.0,0.0,0.0,0.0,1.95
235,1.2225,0.5,0.1,0.0,0.0015,1.95
236,1.222,0.0,0.0,0.0,0.0,1.95
237,1.222,0.0,0.0,0.0,0.0,1.95
238,1.2225,0.5,0.1,0.0,0.0015,1.95
239,1.2225,0.5,0.1,0.0,0.0015,1.95
240,1.2225,0.5,0.1,0.0,0.0015,1.95
241,1.2225,0.5,0.1,0.0,0.0015,1.95
242,1.2225,0.5,0.1,0.0,0.0015,1.95
243,1.222,0.0,0.0,0.0,0.0,1.95
244,1.2225,0.5,0.1,0.0,0.0015,1.95
245,1.2225,0.5,0.1,0.0,0.0015,1.95
246,1.2225,0.5,0.1,0.0,0.0015,1.95
247,1.2225,0.5,0.1,0.0,0.0015,1.95
248,1.222,0.0,0.0,0.0,0.0,1.95
249,1.2225,0.5,0.1,0.0,0.0015,1.95
250,1.2225,0.5,0.1,0.0,0.0015,1.95
251,1.222,0.0,0.0,0.0,0.0,1.95
252,1.222,0.0,0.0,0.0,0.0,1.95
253,1.2225,0.5,0.1,0.0,0.0015,1.95
254,1.2225,0.5,0.1,0.0,0.0015,1.95
255,1.2225,0.5,0.1,0.0,0.0015,1.95
256,1.222,0.0,0.0,0.0,0.0,1.95
257,1.2225,0.5,0.1,0.0,0.0015,1.95
258,1.2225,0.5,0.1,0.0,0.0015,1.95
259,1.222,0.0,0.0,0.0,0.0,1.95
260,1.222,0.0,0.0,0.0,0.0,1.95
261,1.2225,0.5,0.1,0.0,0.0015,1.95
262,1.222,0.0,0.0,0.0,0.0,1.95
263,1.222,0.0,0.0,0.0,0.0,1.95
264,1.2225,0.5,0.1,0.0,0.0015,1.95
265,1.2225,0.5,0.1,0.0,0.0015,1.95
266,1.2225,0.5,0.1,0.0,0.0015,1.95
267,1.222,0.0,0.0,0.0,0.0,1.95
268,1.2225,0.5,0.1,0.0,0.0015,1.95
269,1.2225,0.5,0.1,0.0,0.0015,1.95
270,1.222,0.0,0.0,0.0,0.0,1.95
271,1.2225,0.5,0.1,0.0,0.0015,1.95
272,1.222,0.0,0.0,0.0,0.0,1.95
273,1.2225,0.5,0.1,0.0,0.0015,1.95
274,1.222,0.0,0.0,0.0,0.0,1.95
275,1.222,0.0,0.0,0.0,0.0,1.95
276,1.2225,0.5,0.1,0.0,0.0015,1.95
277,1.2225,0.5,0.1,0.0,0.0015,1.95
278,1.2225,0.5,0.1,0.0,0.0015,1.95
279,1.222,0.0,0.0,0.0,0.0,1.95
280,1.2225,0.5,0.1,0.0,0.0015,1.95
281,1.2225,0.5,0.1,0.0,0.0015,1.95
282,1.2225,0.5,0.1,0.0,0.0015,1.95
283,1.222,0.0,0.0,0.0,0.0,1.95
284,1.2225,0.5,0.1,0.0,0.0015,1.95
285,1.222,0.0,0.0,0.0,0.0,1.95
286,1.222,0.0,0.0,0.0,0.0,1.95
287,1.2225,0.5,0.1,0.0,0.0015,1.95
288,1.222,0.0,0.0,0.0,0.0,1.95
289,1.222,0.0,0.0,0.0,0.0,1.95
290,1.222,0.0,0.0,0.0,0.0,1.95
291,1.222,0.0,0.0,0.0,0.0,1.95
292,1.2225,0.5,0.1,0.0,0.0015,1.95
293,1.2225,0.5,0.1,0.0,0.0015,1.95
294,1.222,0.0,0.0,0.0,0.0,1.95
295,1.2225,0.5,0.1,0.0,0.0015,1.95
296,1.222,0.0,0.0,0.0,0.0,1.95
297,1.2225,0.5,0.1,0.0,0.0015,1.95
298,1.222,0.0,0.0,0.0,0.0,1.95
299,1.2225,0.5,0.1,0.0,0.0015,1.95
300,1.222,0.0,0.0,0.0,0.0,1.95
301,1.222,0.0,0.0,0.0,0.0,1.95
302,1.222,0.0,0.0,0.0,0.0,1.95
303,1.222,0.0,0.0,0.0,0.0,1.95
304,1.2225,0.5,0.1,0.0,0.0015,1.95
305,1.222,0.0,0.0,0.0,0.0,1.95
306,1.222,0.0,0.0,0.0,0.0,1.95
307,1.222,0.0,0.0,0.0,0.0,1.95
308,1.222,0.0,0.0,0.0,0.0,1.95
309,1.222,0.0,0.0,0.0,0.0,1.95
310,1.222,0.0,0.0,0.0,0.0,1.95
311,1.222,0.0,0.0,0.0,0.0,1.95
312,1.2225,0.5,0.1,0.0,0.0015,1.95
313,1.222,0.0,0.0,0.0,0.0,1.95
314,1.2225,0.5,0.1,0.0,0.0015,1.95
315,1.222,0.0,0.0,0.0,0.0,1.95
316,1.2225,0.5,0.1,0.0,0.0015,1.95
317,1.222,0.0,0.0,0.0,0.0,1.95
318,1.2225,0.5,0.1,0.0,0.0015,1.95
319,1.2225,0.5,0.1,0.0,0.0015,1.95
320,1.222,0.0,0.0,0.0,0.0,1.95
321,1.222,0.0,0.0,0.0,0.0,1.95
322,1.222,0.0,0.0,0.0,0.0,1.95
323,1.222,0.0,0.0,0.0,0.0,1.95
324,1.222,0.0,0.0,0.0,0.0,1.95
325,1.2225,0.5,0.1,0.0,0.0015,1.95
326,1.2225,0.5,0.1,0.0,0.0015,1.95
327,1.222,0.0,0.0,0.0,0.0,1.95
328,1.222,0.0,0.0,0.0,0.0,1.95
329,1.222,0.0,0.0,0.0,0.0,1.95
330,1.222,0.0,0.0,0.0,0.0,1.95
331,1.222,0.0,0.0,0.0,0.0,1.95
332,1.222,0.0,0.0,0.0,0.0,1.95
333,1.2225,0.5,0.1,0.0,0.0015,1.95
334,1.2225,0.5,0.1,0.0,0.0015,1.95
335,1.2225,0.5,0.1,0.0,0.0015,1.95
336,1.222,0.0,0.0,0.0,0.0,1.95
337,1.222,0.0,0.0,0.0,0.0,1.95
338,1.222,0.0,0.0,0.0,0.0,1.95
339,1.2225,0.5,0.1,0.0,0.0015,1.95
340,1.2225,0.5,0.1,0.0,0.0015,1.95
341,1.2225,0.5,0.1,0.0,0.0015,1.95
342,1.2225,0.5,0.1,0.0,0.0015,1.95
343,1.222,0.0,0.0,0.0,0.0,1.95
344,1.2225,0.5,0.1,0.0,0.0015,1.95
345,1.222,0.0,0.0,0.0,0.0,1.95
346,1.2225,0.5,0.1,0.0,0.0015,1.95
347,1.2225,0.5,0.1,0.0,0.0015,1.95
348,1.2225,0.5,0.1,0.0,0.0015,1.95
349,1.222,0.0,0.0,0.0,0.0,1.95
350,1.222,0.0,0.0,0.0,0.0,1.95
351,1.222,0.0,0.0,0.0,0.0,1.95
352,1.222,0.0,0.0,0.0,0.0,1.95
353,1.2225,0.5,0.1,0.0,0.0015,1.95
354,1.222,0.0,0.0,0.0,0.0,1.95
355,1.222,0.0,0.0,0.0,0.0,1.95
356,1.222,0.0,0.0,0.0,0.0,1.95
357,1.222,0.0,0.0,0.0,0.0,1.95
358,1.222,0.0,0.0,0.0,0.0,1.95
359,1.222,0.0,0.0,0.0,0.0,1.95
360,1.222,0.0,0.0,0.0,0.0,1.95
361,1.222,0.0,0.0,0.0,0.0,1.95
362,1.2225,0.5,0.1,0.0,0.0015,1.95
363,1.222,0.0,0.0,0.0,0.0,1.95
364,1.2225,0.5,0.1,0.0,0.0015,1.95
365,1.222,0.0,0.0,0.0,0.0,1.95
366,1.2225,0.5,0.1,0.0,0.0015,1.95
367,1.2225,0.5,0.1,0.0,0.0015,1.95
368,1.2225,0.5,0.1,0.0,0.0015,1.95
369,1.2225,0.5,0.1,0.0,0.0015,1.95
370,1.222,0.0,0.0,0.0,0.0,1.95
371,1.222,0.0,0.0,0.0,0.0,1.95
372,1.222,0.0,0.0,0.0,0.0,1.95
373,1.222,0.0,0.0,0.0,0.0,1.95
374,1.2225,0.5,0.1,0.0,0.0015,1.95
375,1.222,0.0,0.0,0.0,0.0,1.95
376,1.2225,0.5,0.1,0.0,0.0015,1.95
377,1.2225,0.5,0.1,0.0,0.0015,1.95
378,1.2225,0.5,0.1,0.0,0.0015,1.95
379,1.222,0.0,0.0,0.0,0.0,1.95
380,1.222,0.0,0.0,0.0,0.0,1.95
381,1.222,0.0,0.0,0.0,0.0,1.95
382,1.2225,0.5,0.1,0.0,0.0015,1.95
383,1.2225,0.5,0.1,0.0,0.0015,1.95
384,1.222,0.0,0.0,0.0,0.0,1.95
385,1.2225,0.5,0.1,0.0,0.0015,1.95
386,1.2225,0.5,0.1,0.0,0.0015,1.95
387,1.222,0.0,0.0,0.0,0.0,1.95
388,1.2225,0.5,0.1,0.0,0.0015,1.95
389,1.222,0.0,0.0,0.0,0.0,1.95
390,1.2225,0.5,0.1,0.0,0.0015,1.95
391,1.2225,0.5,0.1,0.0,0.0015,1.95
392,1.222,0.0,0.0,0.0,0.0,1.95
393,1.2225,0.5,0.1,0.0,0.0015,1.95
394,1.222,0.0,0.0,0.0,0.0,1.95
395,1.2225,0.5,0.1,0.0,0.0015,1.95
396,1.222,0.0,0.0,0.0,0.0,1.95
397,1.222,0.0,0.0,0.0,0.0,1.95
398,1.222,0.0,0.0,0.0,0.0,1.95
399,1.2225,0.5,0.1,0.0,0.0015,1.95
400,1.2225,0.5,0.1,0.0,0.0015,1.95
401,1.222,0.0,0.0,0.0,0.0,1.95
402,1.2225,0.5,0.1,0.0,0.0015,1.95
403,1.2225,0.5,0.1,0.0,0.0015,1.95
404,1.2225,0.5,0.1,0.0,0.0015,1.95
405,1.2225,0.5,0.1,0.0,0.0015,1.95
406,1.222,0.0,0.0,0.0,0.0,1.95
407,1.222,0.0,0.0,0.0,0.0,1.95
408,1.2225,0.5,0.1,0.0,0.0015,1.95
409,1.222,0.0,0.0,0.0,0.0,1.95
410,1.222,0.0,0.0,0.0,0.0,1.95
411,1.2225,0.5,0.1,0.0,0.0015,1.95
412,1.222,0.0,0.0,0.0,0.0,1.95
413,1.2225,0.5,0.1,0.0,0.0015,1.95
414,1.2225,0.5,0.1,0.0,0.0015,1.95
415,1.2225,0.5,0.1,0.0,0.0015,1.95
416,1.2225,0.5,0.1,0.0,0.0015,1.95
417,1.222,0.0,0.0,0.0,0.0,1.95
418,1.2225,0.5,0.1,0.0,0.0015,1.95
419,1.222,0.0,0.0,0.0,0.0,1.95
420,1.2225,0.5,0.1,0.0,0.0015,1.95
421,1.2225,0.5,0.1,0.0,0.0015,1.95
422,1.2225,0.5,0.1,0.0,0.0015,1.95
423,1.2225,0.5,0.1,0.0,0.0015,1.95
424,1.2225,0.5,0.1,0.0,0.0015,1.95
425,1.222,0.0,0.0,0.0,0.0,1.95
426,1.2225,0.5,0.1,0.0,0.0015,1.95
427,1.222,0.0,0.0,0.0,0.0,1.95
428,1.222,0.0,0.0,0.0,0.0,1.95
429,1.222,0.0,0.0,0.0,0.0,1.95
430,1.2225,0.5,0.1,0.0,0.0015,1.95
431,1.222,0.0,0.0,0.0,0.0,1.95
432,1.2225,0.5,0.1,0.0,0.0015,1.95
433,1.2225,0.5,0.1,0.0,0.0015,1.95
434,1.2225,0.5,0.1,0.0,0.0015,1.95
435,1.222,0.0,0.0,0.0,0.0,1.95
436,1.2225,0.5,0.1,0.0,0.0015,1.95
437,1.222,0.0,0.0,0.0,0.0,1.95
438,1.2225,0.5,0.1,0.0,0.0015,1.95
439,1.2225,0.5,0.1,0.0,0.0015,1.95
440,1.222,0.0,0.0,0.0,0.0,1.95
441,1.222,0.0,0.0,0.0,0.0,1.95
442,1.2225,0.5,0.1,0.0,0.0015,1.95
443,1.2225,0.5,0.1,0.0,0.0015,1.95
444,1.2225,0.5,0.1,0.0,0.0015,1.95
445,1.2225,0.5,0.1,0.0,0.0015,1.95
446,1.2225,0.5,0.1,0.0,0.0015,1.95
447,1.2225,0.5,0.1,0.0,0.0015,1.95
448,1.2225,0.5,0.1,0.0,0.0015,1.95
449,1.222,0.0,0.0,0.0,0.0,1.95
450,1.222,0.0,0.0,0.0,0.0,1.95
451,1.222,0.0,0.0,0.0,0.0,1.95
452,1.2225,0.5,0.1,0.0,0.0015,1.95
453,1.222,0.0,0.0,0.0,0.0,1.95
454,1.222,0.0,0.0,0.0,0.0,1.95
455,1.2225,0.5,0.1,0.0,0.0015,1.95
456,1.2225,0.5,0.1,0.0,0.0015,1.95
457,1.2225,0.5,0.1,0.0,0.0015,1.95
458,1.222,0.0,0.0,0.0,0.0,1.95
459,1.222,0.0,0.0,0.0,0.0,1.95
460,1.2225,0.5,0.1,0.0,0.0015,1.95
461,1.222,0.0,0.0,0.0,0.0,1.95
462,1.222,0.0,0.0,0.0,0.0,1.95
463,1.222,0.0,0.0,0.0,0.0,1.95
464,1.2225,0.5,0.1,0.0,0.0015,1.95
465,1.2225,0.5,0.1,0.0,0.0015,1.95
466,1.222,0.0,0.0,0.0,0.0,1.95
467,1.2225,0.5,0.1,0.0,0.0015,1.95
468,1.222,0.0,0.0,0.0,0.0,1.95
469,1.222,0.0,0.0,0.0,0.0,1.95
470,1.222,0.0,0.0,0.0,0.0,1.95
471,1.2225,0.5,0.1,0.0,0.0015,1.95
472,1.222,0.0,0.0,0.0,0.0,1.95
473,1.2225,0.5,0.1,0.0,0.0015,1.95
474,1.2225,0.5,0.1,0.0,0.0015,1.95
475,1.222,0.0,0.0,0.0,0.0,1.95
476,1.222,0.0,0.0,0.0,0.0,1.95
477,1.222,0.0,0.0,0.0,0.0,1.95
478,1.222,0.0,0.0,0.0,0.0,1.95
479,1.222,0.0,0.0,0.0,0.0,1.95
480,1.222,0.0,0.0,0.0,0.0,1.95
481,1.222,0.0,0.0,0.0,0.0,1.95
482,1.2225,0.5,0.1,0.0,0.0015,1.95
483,1.2225,0.5,0.1,0.0,0.0015,1.95
484,1.2225,0.5,0.1,0.0,0.0015,1.95
485,1.2225,0.5,0.1,0.0,0.0015,1.95
486,1.222,0.0,0.0,0.0,0.0,1.95
487,1.2225,0.5,0.1,0.0,0.0015,1.95
488,1.2225,0.5,0.1,0.0,0.0015,1.95
489,1.222,0.0,0.0,0.0,0.0,1.95
490,1.222,0.0,0.0,0.0,0.0,1.95
491,1.222,0.0,0.0,0.0,0.0,1.95
492,1.2225,0.5,0.1,0.0,0.0015,1.95
493,1.222,0.0,0.0,0.0,0.0,1.95
494,1.222,0.0,0.0,0.0,0.0,1.95
495,1.222,0.0,0.0,0.0,0.0,1.95
496,1.2225,0.5,0.1,0.0,0.0015,1.95
497,1.222,0.0,0.0,0.0,0.0,1.95
498,1.222,0.0,0.0,0.0,0.0,1.95
499,1.222,0.0,0.0,0.0,0.0,1.95
500,1.222,0.0,0.0,0.0,0.0,1.95
501,1.2225,0.5,0.1,0.0,0.0015,1.95
502,1.2225,0.5,0.1,0.0,0.0015,1.95
503,1.2225,0.5,0.1,0.0,0.0015,1.95
504,1.222,0.0,0.0,0.0,0.0,1.95
505,1.2225,0.5,0.1,0.0,0.0015,1.95
506,1.2225,0.5,0.1,0.0,0.0015,1.95
507,1.222,0.0,0.0,0.0,0.0,1.95
508,1.2225,0.5,0.1,0.0,0.0015,1.95
509,1.2225,0.5,0.1,0.0,0.0015,1.95
510,1.2225,0.5,0.1,0.0,0.0015,1.95
511,1.2225,0.5,0.1,0.0,0.0015,1.95
512,1.2225,0.5,0.1,0.0,0.0015,1.95
513,1.2225,0.5,0.1,0.0,0.0015,1.95
514,1.222,0.0,0.0,0.0,0.0,1.95
515,1.2225,0.5,0.1,0.0,0.0015,1.95
516,1.222,0.0,0.0,0.0,0.0,1.95
517,1.222,0.0,0.0,0.0,0.0,1.95
518,1.222,0.0,0.0,0.0,0.0,1.95
519,1.2225,0.5,0.1,0.0,0.0015,1.95
520,1.222,0.0,0.0,0.0,0.0,1.95
521,1.2225,0.5,0.1,0.0,0.0015,1.95
522,1.2225,0.5,0.1,0.0,0.0015,1.95
523,1.222,0.0,0.0,0.0,0.0,1.95
524,1.222,0.0,0.0,0.0,0.0,1.95
525,1.2225,0.5,0.1,0.0,0.0015,1.95
526,1.222,0.0,0.0,0.0,0.0,1.95
527,1.2225,0.5,0.1,0.0,0.0015,1.95
528,1.222,0.0,0.0,0.0,0.0,1.95
529,1.2225,0.5,0.1,0.0,0.0015,1.95
530,1.2225,0.5,0.1,0.0,0.0015,1.95
531,1.2225,0.5,0.1,0.0,0.0015,1.95
532,1.2225,0.5,0.1,0.0,0.0015,1.95
533,1.222,0.0,0.0,0.0,0.0,1.95
534,1.222,0.0,0.0,0.0,0.0,1.95
535,1.2225,0.5,0.1,0.0,0.0015,1.95
536,1.222,0.0,0.0,0.0,0.0,1.95
537,1.2225,0.5,0.1,0.0,0.0015,1.95
538,1.222,0.0,0.0,0.0,0.0,1.95
539,1.222,0.0,0.0,0.0,0.0,1.95
540,1.222,0.0,0.0,0.0,0.0,1.95
541,1.2225,0.5,0.1,0.0,0.0015,1.95
542,1.2225,0.5,0.1,0.0,0.0015,1.95
543,1.2225,0.5,0.1,0.0,0.0015,1.95
544,1.2225,0.5,0.1,0.0,0.0015,1.95
545,1.222,0.0,0.0,0.0,0.0,1.95
546,1.2225,0.5,0.1,0.0,0.0015,1.95
547,1.222,0.0,0.0,0.0,0.0,1.95
548,1.2225,0.5,0.1,0.0,0.0015,1.95
549,1.222,0.0,0.0,0.0,0.0,1.95
550,1.2225,0.5,0.1,0.0,0.0015,1.95
551,1.2225,0.5,0.1,0.0,0.0015,1.95
552,1.2225,0.5,0.1,0.0,0.0015,1.95
553,1.2225,0.5,0.1,0.0,0.0015,1.95
554,1.222,0.0,0.0,0.0,0.0,1.95
555,1.222,0.0,0.0,0.0,0.0,1.95
556,1.222,0.0,0.0,0.0,0.0,1.95
557,1.222,0.0,0.0,0.0,0.0,1.95
558,1.2225,0.5,0.1,0.0,0.0015,1.95
559,1.222,0.0,0.0,0.0,0.0,1.95
560,1.2225,0.5,0.1,0.0,0.0015,1.95
561,1.2225,0.5,0.1,0.0,0.0015,1.95
562,1.222,0.0,0.0,0.0,0.0,1.95
563,1.222,0.0,0.0,0.0,0.0,1.95
564,1.222,0.0,0.0,0.0,0.0,1.95
565,1.2225,0.5,0.1,0.0,0.0015,1.95
566,1.2225,0.5,0.1,0.0,0.0015,1.95
567,1.222,0.0,0.0,0.0,0.0,1.95
568,1.2225,0.5,0.1,0.0,0.0015,1.95
569,1.222,0.0,0.0,0.0,0.0,1.95
570,1.2225,0.5,0.1,0.0,0.0015,1.95
571,1.222,0.0,0.0,0.0,0.0,1.95
572,1.2225,0.5,0.1,0.0,0.0015,1.95
573,1.2225,0.5,0.1,0.0,0.0015,1.95
574,1.2225,0.5,0.1,0.0,0.0015,1.95
575,1.2225,0.5,0.1,0.0,0.0015,1.95
576,1.2225,0.5,0.1,0.0,0.0015,1.95
577,1.222,0.0,0.0,0.0,0.0,1.95
578,1.2225,0.5,0.1,0.0,0.0015,1.95
579,1.2225,0.5,0.1,0.0,0.0015,1.95
580,1.222,0.0,0.0,0.0,0.0,1.95
581,1.2225,0.5,0.1,0.0,0.0015,1.95
582,1.222,0.0,0.0,0.0,0.0,1.95
583,1.2225,0.5,0.1,0.0,0.0015,1.95
584,1.2225,0.5,0.1,0.0,0.0015,1.95
585,1.2225,0.5,0.1,0.0,0.0015,1.95
586,1.222,0.0,0.0,0.0,0.0,1.95
587,1.2225,0.5,0.1,0.0,0.0015,1.95
588,1.2225,0.5,0.1,0.0,0.0015,1.95
589,1.222,0.0,0.0,0.0,0.0,1.95
590,1.222,0.0,0.0,0.0,0.0,1.95
591,1.2225,0.5,0.1,0.0,0.0015,1.95
592,1.222,0.0,0.0,0.0,0.0,1.95
593,1.2225,0.5,0.1,0.0,0.0015,1.95
594,1.2225,0.5,0.1,0.0,0.0015,1.95
595,1.2225,0.5,0.1,0.0,0.0015,1.95
596,1.2225,0.5,0.1,0.0,0.0015,1.95
597,1.2225,0.5,0.1,0.0,0.0015,1.95
598,1.222,0.0,0.0,0.0,0.0,1.95
599,1.2225,0.5,0.1,0.0,0.0015,1.95
600,1.222,0.0,0.0,0.0,0.0,1.95
601,1.222,0.0,0.0,0.0,0.0,1.95
602,1.2225,0.5,0.1,0.0,0.0015,1.95
603,1.2225,0.5,0.1,0.0,0.0015,1.95
604,1.2225,0.5,0.1,0.0,0.0015,1.95
605,1.2225,0.5,0.1,0.0,0.0015,1.95
606,1.222,0.0,0.0,0.0,0.0,1.95
607,1.222,0.0,0.0,0.0,0.0,1.95
608,1.222,0.0,0.0,0.0,0.0,1.95
609,1.2225,0.5,0.1,0.0,0.0015,1.95
610,1.222,0.0,0.0,0.0,0.0,1.95
611,1.222,0.0,0.0,0.0,0.0,1.95
612,1.222,0.0,0.0,0.0,0.0,1.95
613,1.2225,0.5,0.1,0.0,0.0015,1.95
614,1.222,0.0,0.0,0.0,0.0,1.95
615,1.2225,0.5,0.1,0.0,0.0015,1.95
616,1.2225,0.5,0.1,0.0,0.0015,1.95
617,1.2225,0.5,0.1,0.0,0.0015,1.95
618,1.2225,0.5,0.1,0.0,0.0015,1.95
619,1.2225,0.5,0.1,0.0,0.0015,1.95
620,1.222,0.0,0.0,0.0,0.0,1.95
621,1.222,0.0,0.0,0.0,0.0,1.95
622,1.2225,0.5,0.1,0.0,0.0015,1.95
623,1.2225,0.5,0.1,0.0,0.0015,1.95
624,1.2225,0.5,0.1,0.0,0.0015,1.95
625,1.2225,0.5,0.1,0.0,0.0015,1.95
626,1.2225,0.5,0.1,0.0,0.0015,1.95
627,1.222,0.0,0.0,0.0,0.0,1.95
628,1.2225,0.5,0.1,0.0,0.0015,1.95
629,1.222,0.0,0.0,0.0,0.0,1.95
630,1.222,0.0,0.0,0.0,0.0,1.95
631,1.222,0.0,0.0,0.0,0.0,1.95
632,1.2225,0.5,0.1,0.0,0.0015,1.95
633,1.2225,0.5,0.1,0.0,0.0015,1.95
634,1.222,0.0,0.0,0.0,0.0,1.95
635,1.222,0.0,0.0,0.0,0.0,1.95
636,1.2225,0.5,0.1,0.0,0.0015,1.95
637,1.2225,0.5,0.1,0.0,0.0015,1.95
638,1.222,0.0,0.0,0.0,0.0,1.95
639,1.222,0.0,0.0,0.0,0.0,1.95
640,1.222,0.0,0.0,0.0,0.0,1.95
641,1.2225,0.5,0.1,0.0,0.0015,1.95
642,1.2225,0.5,0.1,0.0,0.0015,1.95
643,1.222,0.0,0.0,0.0,0.0,1.95
644,1.222,0.0,0.0,0.0,0.0,1.95
645,1.222,0.0,0.0,0.0,0.0,1.95
646,1.222,0.0,0.0,0.0,0.0,1.95
647,1.222,0.0,0.0,0.0,0.0,1.95
648,1.222,0.0,0.0,0.0,0.0,1.95
649,1.222,0.0,0.0,0.0,0.0,1.95
650,1.2225,0.5,0.1,0.0,0.0015,1.95
651,1.222,0.0,0.0,0.0,0.0,1.95
652,1.222,0.0,0.0,0.0,0.0,1.95
653,1.2225,0.5,0.1,0.0,0.0015,1.95
654,1.2225,0.5,0.1,0.0,0.0015,1.95
655,1.2225,0.5,0.1,0.0,0.0015,1.95
656,1.222,0.0,0.0,0.0,0.0,1.95
657,1.222,0.0,0.0,0.0,0.0,1.95
658,1.222,0.0,0.0,0.0,0.0,1.95
659,1.2225,0.5,0.1,0.0,0.0015,1.95
660,1.2225,0.5,0.1,0.0,0.0015,1.95
661,1.2225,0.5,0.1,0.0,0.0015,1.95
662,1.2225,0.5,0.1,0.0,0.0015,1.95
663,1.222,0.0,0.0,0.0,0.0,1.95
664,1.222,0.0,0.0,0.0,0.0,1.95
665,1.222,0.0,0.0,0.0,0.0,1.95
666,1.2225,0.5,0.1,0.0,0.0015,1.95
667,1.222,0.0,0.0,0.0,0.0,1.95
668,1.2225,0.5,0.1,0.0,0.0015,1.95
669,1.2225,0.5,0.1,0.0,0.0015,1.95
670,1.2225,0.5,0.1,0.0,0.0015,1.95
671,1.222,0.0,0.0,0.0,0.0,1.95
672,1.2225,0.5,0.1,0.0,0.0015,1.95
673,1.2225,0.5,0.1,0.0,0.0015,1.95
674,1.2225,0.5,0.1,0.0,0.0015,1.95
675,1.2225,0.5,0.1,0.0,0.0015,1.95
676,1.2225,0.5,0.1,0.0,0.0015,1.95
677,1.2225,0.5,0.1,0.0,0.0015,1.95
678,1.2225,0.5,0.1,0.0,0.0015,1.95
679,1.222,0.0,0.0,0.0,0.0,1.95
680,1.2225,0.5,0.1,0.0,0.0015,1.95
681,1.222,0.0,0.0,0.0,0.0,1.95
682,1.2225,0.5,0.1,0.0,0.0015,1.95
683,1.2225,0.5,0.1,0.0,0.0015,1.95
684,1.2225,0.5,0.1,0.0,0.0015,1.95
685,1.2225,0.5,0.1,0.0,0.0015,1.95
686,1.2225,0.5,0.1,0.0,0.0015,1.95
687,1.2225,0.5,0.1,0.0,0.0015,1.95
688,1.2225,0.5,0.1,0.0,0.0015,1.95
689,1.222,0.0,0.0,0.0,0.0,1.95
690,1.222,0.0,0.0,0.0,0.0,1.95
691,1.2225,0.5,0.1,0.0,0.0015,1.95
692,1.222,0.0,0.0,0.0,0.0,1.95
693,1.222,0.0,0.0,0.0,0.0,1.95
694,1.222,0.0,0.0,0.0,0.0,1.95
695,1.222,0.0,0.0,0.0,0.0,1.95
696,1.222,0.0,0.0,0.0,0.0,1.95
697,1.2225,0.5,0.1,0.0,0.0015,1.95
698,1.222,0.0,0.0,0.0,0.0,1.95
699,1.2225,0.5,0.1,0.0,0.0015,1.95
700,1.2225,0.5,0.1,0.0,0.0015,1.95
701,1.2225,0.5,0.1,0.0,0.0015,1.95
702,1.222,0.0,0.0,0.0,0.0,1.95
703,1.222,0.0,0.0,0.0,0.0,1.95
704,1.2225,0.5,0.1,0.0,0.0015,1.95
705,1.2225,0.5,0.1,0.0,0.0015,1.95
706,1.222,0.0,0.0,0.0,0.0,1.95
707,1.222,0.0,0.0,0.0,0.0,1.95
708,1.222,0.0,0.0,0.0,0.0,1.95
709,1.222,0.0,0.0,0.0,0.0,1.95
710,1.2225,0.5,0.1,0.0,0.0015,1.95
711,1.222,0.0,0.0,0.0,0.0,1.95
712,1.2225,0.5,0.1,0.0,0.0015,1.95
713,1.222,0.0,0.0,0.0,0.0,1.95
714,1.222,0.0,0.0,0.0,0.0,1.95
715,1.2225,0.5,0.1,0.0,0.0015,1.95
716,1.222,0.0,0.0,0.0,0.0,1.95
717,1.222,0.0,0.0,0.0,0.0,1.95
718,1.2225,0.5,0.1,0.0,0.0015,1.95
719,1.2225,0.5,0.1,0.0,0.0015,1.95
720,1.222,0.0,0.0,0.0,0.0,1.95
721,1.2225,0.5,0.1,0.0,0.0015,1.95
722,1.222,0.0,0.0,0.0,0.0,1.95
723,1.2225,0.5,0.1,0.0,0.0015,1.95
724,1.2225,0.5,0.1,0.0,0.0015,1.95
725,1.222,0.0,0.0,0.0,0.0,1.95
726,1.2225,0.5,0.1,0.0,0.0015,1.95
727,1.222,0.0,0.0,0.0,0.0,1.95
728,1.222,0.0,0.0,0.0,0.0,1.95
729,1.222,0.0,0.0,0.0,0.0,1.95
730,1.2225,0.5,0.1,0.0,0.0015,1.95
731,1.222,0.0,0.0,0.0,0.0,1.95
732,1.222,0.0,0.0,0.0,0.0,1.95
733,1.222,0.0,0.0,0.0,0.0,1.95
734,1.2225,0.5,0.1,0.0,0.0015,1.95
735,1.2225,0.5,0.1,0.0,0.0015,1.95
736,1.222,0.0,0.0,0.0,0.0,1.95
737,1.222,0.0,0.0,0.0,0.0,1.95
738,1.222,0.0,0.0,0.0,0.0,1.95
739,1.2225,0.5,0.1,0.0,0.0015,1.95
740,1.2225,0.5,0.1,0.0,0.0015,1.95
741,1.222,0.0,0.0,0.0,0.0,1.95
742,1.222,0.0,0.0,0.0,0.0,1.95
743,1.222,0.0,0.0,0.0,0.0,1.95
744,1.222,0.0,0.0,0.0,0.0,1.95
745,1.2225,0.5,0.1,0.0,0.0015,1.95
746,1.222,0.0,0.0,0.0,0.0,1.95
747,1.222,0.0,0.0,0.0,0.0,1.95
748,1.2225,0.5,0.1,0.0,0.0015,1.95
749,1.2225,0.5,0.1,0.0,0.0015,1.95
750,1.2225,0.5,0.1,0.0,0.0015,1.95
751,1.222,0.0,0.0,0.0,0.0,1.95
752,1.2225,0.5,0.1,0.0,0.0015,1.95
753,1.2225,0.5,0.1,0.0,0.0015,1.95
754,1.222,0.0,0.0,0.0,0.0,1.95
755,1.222,0.0,0.0,0.0,0.0,1.95
756,1.2225,0.5,0.1,0.0,0.0015,1.95
757,1.2225,0.5,0.1,0.0,0.0015,1.95
758,1.222,0.0,0.0,0.0,0.0,1.95
759,1.2225,0.5,0.1,0.0,0.0015,1.95
760,1.222,0.0,0.0,0.0,0.0,1.95
761,1.2225,0.5,0.1,0.0,0.0015,1.95
762,1.222,0.0,0.0,0.0,0.0,1.95
763,1.2225,0.5,0.1,0.0,0.0015,1.95
764,1.2225,0.5,0.1,0.0,0.0015,1.95
765,1.2225,0.5,0.1,0.0,0.0015,1.95
766,1.2225,0.5,0.1,0.0,0.0015,1.95
767,1.222,0.0,0.0,0.0,0.0,1.95
768,1.222,0.0,0.0,0.0,0.0,1.95
769,1.2225,0.5,0.1,0.0,0.0015,1.95
770,1.222,0.0,0.0,0.0,0.0,1.95
771,1.2225,0.5,0.1,0.0,0.0015,1.95
772,1.222,0.0,0.0,0.0,0.0,1.95
773,1.222,0.0,0.0,0.0,0.0,1.95
774,1.222,0.0,0.0,0.0,0.0,1.95
775,1.222,0.0,0.0,0.0,0.0,1.95
776,1.2225,0.5,0.1,0.0,0.0015,1.95
777,1.2225,0.5,0.1,0.0,0.0015,1.95
778,1.222,0.0,0.0,0.0,0.0,1.95
779,1.2225,0.5,0.1,0.0,0.0015,1.95
780,1.222,0.0,0.0,0.0,0.0,1.95
781,1.222,0.0,0.0,0.0,0.0,1.95
782,1.222,0.0,0.0,0.0,0.0,1.95
783,1.222,0.0,0.0,0.0,0.0,1.95
784,1.222,0.0,0.0,0.0,0.0,1.95
785,1.2225,0.5,0.1,0.0,0.0015,1.95
786,1.2225,0.5,0.1,0.0,0.0015,1.95
787,1.222,0.0,0.0,0.0,0.0,1.95
788,1.2225,0.5,0.1,0.0,0.0015,1.95
789,1.2225,0.5,0.1,0.0,0.0015,1.95
790,1.2225,0.5,0.1,0.0,0.0015,1.95
791,1.2225,0.5,0.1,0.0,0.0015,1.95
792,1.222,0.0,0.0,0.0,0.0,1.95
793,1.2225,0.5,0.1,0.0,0.0015,1.95
794,1.222,0.0,0.0,0.0,0.0,1.95
795,1.2225,0.5,0.1,0.0,0.0015,1.95
796,1.222,0.0,0.0,0.0,0.0,1.95
797,1.222,0.0,0.0,0.0,0.0,1.95
798,1.222,0.0,0.0,0.0,0.0,1.95
799,1.222,0.0,0.0,0.0,0.0,1.95
800,1.2225,0.5,0.1,0.0,0.0015,1.95
801,1.2225,0.5,0.1,0.0,0.0015,1.95
802,1.2225,0.5,0.1,0.0,0.0015,1.95
803,1.222,0.0,0.0,0.0,0.0,1.95
804,1.222,0.0,0.0,0.0,0.0,1.95
805,1.222,0.0,0.0,0.0,0.0,1.95
806,1.222,0.0,0.0,0.0,0.0,1.95
807,1.2225,0.5,0.1,0.0,0.0015,1.95
808,1.2225,0.5,0.1,0.0,0.0015,1.95
809,1.2225,0.5,0.1,0.0,0.0015,1.95
810,1.222,0.0,0.0,0.0,0.0,1.95
811,1.2225,0.5,0.1,0.0,0.0015,1.95
812,1.222,0.0,0.0,0.0,0.0,1.95
813,1.222,0.0,0.0,0.0,0.0,1.95
814,1.2225,0.5,0.1,0.0,0.0015,1.95
815,1.222,0.0,0.0,0.0,0.0,1.95
816,1.222,0.0,0.0,0.0,0.0,1.95
817,1.2225,0.5,0.1,0.0,0.0015,1.95
818,1.2225,0.5,0.1,0.0,0.0015,1.95
819,1.2225,0.5,0.1,0.0,0.0015,1.95
820,1.222,0.0,0.0,0.0,0.0,1.95
821,1.222,0.0,0.0,0.0,0.0,1.95
822,1.2225,0.5,0.1,0.0,0.0015,1.95
823,1.2225,0.5,0.1,0.0,0.0015,1.95
824,1.2225,0.5,0.1,0.0,0.0015,1.95
825,1.2225,0.5,0.1,0.0,0.0015,1.95
826,1.2225,0.5,0.1,0.0,0.0015,1.95
827,1.222,0.0,0.0,0.0,0.0,1.95
828,1.2225,0.5,0.1,0.0,0.0015,1.95
829,1.2225,0.5,0.1,0.0,0.0015,1.95
830,1.222,0.0,0.0,0.0,0.0,1.95
831,1.2225,0.5,0.1,0.0,0.0015,1.95
832,1.222,0.0,0.0,0.0,0.0,1.95
833,1.222,0.0,0.0,0.0,0.0,1.95
834,1.2225,0.5,0.1,0.0,0.0015,1.95
835,1.2225,0.5,0.1,0.0,0.0015,1.95
836,1.222,0.0,0.0,0.0,0.0,1.95
837,1.2225,0.5,0.1,0.0,0.0015,1.95
838,1.2225,0.5,0.1,0.0,0.0015,1.95
839,1.2225,0.5,0.1,0.0,0.0015,1.95
840,1.222,0.0,0.0,0.0,0.0,1.95
841,1.2225,0.5,0.1,0.0,0.0015,1.95
842,1.222,0.0,0.0,0.0,0.0,1.95
843,1.222,0.0,0.0,0.0,0.0,1.95
844,1.222,0.0,0.0,0.0,0.0,1.95
845,1.222,0.0,0.0,0.0,0.0,1.95
846,1.222,0.0,0.0,0.0,0.0,1.95
847,1.2225,0.5,0.1,0.0,0.0015,1.95
848,1.2225,0.5,0.1,0.0,0.0015,1.95
849,1.222,0.0,0.0,0.0,0.0,1.95
850,1.222,0.0,0.0,0.0,0.0,1.95
851,1.222,0.0,0.0,0.0,0.0,1.95
852,1.222,0.0,0.0,0.0,0.0,1.95
853,1.222,0.0,0.0,0.0,0.0,1.95
854,1.222,0.0,0.0,0.0,0.0,1.95
855,1.222,0.0,0.0,0.0,0.0,1.95
856,1.2225,0.5,0.1,0.0,0.0015,1.95
857,1.2225,0.5,0.1,0.0,0.0015,1.95
858,1.2225,0.5,0.1,0.0,0.0015,1.95
859,1.222,0.0,0.0,0.0,0.0,1.95
860,1.222,0.0,0.0,0.0,0.0,1.95
861,1.2225,0.5,0.1,0.0,0.0015,1.95
862,1.2225,0.5,0.1,0.0,0.0015,1.95
863,1.222,0.0,0.0,0.0,0.0,1.95
864,1.222,0.0,0.0,0.0,0.0,1.95
865,1.222,0.0,0.0,0.0,0.0,1.95
866,1.222,0.0,0.0,0.0,0.0,1.95
867,1.2225,0.5,0.1,0.0,0.0015,1.95
868,1.222,0.0,0.0,0.0,0.0,1.95
869,1.222,0.0,0.0,0.0,0.0,1.95
870,1.222,0.0,0.0,0.0,0.0,1.95
871,1.222,0.0,0.0,0.0,0.0,1.95
872,1.2225,0.5,0.1,0.0,0.0015,1.95
873,1.222,0.0,0.0,0.0,0.0,1.95
874,1.2225,0.5,0.1,0.0,0.0015,1.95
875,1.222,0.0,0.0,0.0,0.0,1.95
876,1.222,0.0,0.0,0.0,0.0,1.95
877,1.222,0.0,0.0,0.0,0.0,1.95
878,1.2225,0.5,0.1,0.0,0.0015,1.95
879,1.222,0.0,0.0,0.0,0.0,1.95
880,1.222,0.0,0.0,0.0,0.0,1.95
881,1.2225,0.5,0.1,0.0,0.0015,1.95
882,1.2225,0.5,0.1,0.0,0.0015,1.95
883,1.2225,0.5,0.1,0.0,0.0015,1.95
884,1.2225,0.5,0.1,0.0,0.0015,1.95
885,1.2225,0.5,0.1,0.0,0.0015,1.95
886,1.2225,0.5,0.1,0.0,0.0015,1.95
887,1.222,0.0,0.0,0.0,0.0,1.95
888,1.222,0.0,0.0,0.0,0.0,1.95
889,1.222,0.0,0.0,0.0,0.0,1.95
890,1.2225,0.5,0.1,0.0,0.0015,1.95
891,1.222,0.0,0.0,0.0,0.0,1.95
892,1.222,0.0,0.0,0.0,0.0,1.95
893,1.222,0.0,0.0,0.0,0.0,1.95
894,1.222,0.0,0.0,0.0,0.0,1.95
895,1.222,0.0,0.0,0.0,0.0,1.95
896,1.2225,0.5,0.1,0.0,0.0015,1.95
897,1.222,0.0,0.0,0.0,0.0,1.95
898,1.2225,0.5,0.1,0.0,0.0015,1.95
899,1.222,0.0,0.0,0.0,0.0,1.95
900,1.2225,0.5,0.1,0.0,0.0015,1.95
901,1.222,0.0,0.0,0.0,0.0,1.95
902,1.2225,0.5,0.1,0.0,0.0015,1.95
903,1.2225,0.5,0.1,0.0,0.0015,1.95
904,1.222,0.0,0.0,0.0,0.0,1.95
905,1.2225,0.5,0.1,0.0,0.0015,1.95
906,1.2225,0.5,0.1,0.0,0.0015,1.95
907,1.2225,0.5,0.1,0.0,0.0015,1.95
908,1.2225,0.5,0.1,0.0,0.0015,1.95
909,1.222,0.0,0.0,0.0,0.0,1.95
910,1.2225,0.5,0.1,0.0,0.0015,1.95
911,1.222,0.0,0.0,0.0,0.0,1.95
912,1.222,0.0,0.0,0.0,0.0,1.95
913,1.2225,0.5,0.1,0.0,0.0015,1.95
914,1.222,0.0,0.0,0.0,0.0,1.95
915,1.2225,0.5,0.1,0.0,0.0015,1.95
916,1.222,0.0,0.0,0.0,0.0,1.95
917,1.2225,0.5,0.1,0.0,0.0015,1.95
918,1.2225,0.5,0.1,0.0,0.0015,1.95
919,1.2225,0.5,0.1,0.0,0.0015,1.95
920,1.222,0.0,0.0,0.0,0.0,1.95
921,1.222,0.0,0.0,0.0,0.0,1.95
922,1.2225,0.5,0.1,0.0,0.0015,1.95
923,1.222,0.0,0.0,0.0,0.0,1.95
924,1.222,0.0,0.0,0.0,0.0,1.95
925,1.222,0.0,0.0,0.0,0.0,1.95
926,1.222,0.0,0.0,0.0,0.0,1.95
927,1.222,0.0,0.0,0.0,0.0,1.95
928,1.2225,0.5,0.1,0.0,0.0015,1.95
929,1.2225,0.5,0.1,0.0,0.0015,1.95
930,1.2225,0.5,0.1,0.0,0.0015,1.95
931,1.2225,0.5,0.1,0.0,0.0015,1.95
932,1.222,0.0,0.0,0.0,0.0,1.95
933,1.2225,0.5,0.1,0.0,0.0015,1.95
934,1.2225,0.5,0.1,0.0,0.0015,1.95
935,1.222,0.0,0.0,0.0,0.0,1.95
936,1.2225,0.5,0.1,0.0,0.0015,1.95
937,1.222,0.0,0.0,0.0,0.0,1.95
938,1.2225,0.5,0.1,0.0,0.0015,1.95
939,1.2225,0.5,0.1,0.0,0.0015,1.95
940,1.222,0.0,0.0,0.0,0.0,1.95
941,1.222,0.0,0.0,0.0,0.0,1.95
942,1.222,0.0,0.0,0.0,0.0,1.95
943,1.2225,0.5,0.1,0.0,0.0015,1.95
944,1.222,0.0,0.0,0.0,0.0,1.95
945,1.222,0.0,0.0,0.0,0.0,1.95
946,1.222,0.0,0.0,0.0,0.0,1.95
947,1.222,0.0,0.0,0.0,0.0,1.95
948,1.222,0.0,0.0,0.0,0.0,1.95
949,1.222,0.0,0.0,0.0,0.0,1.95
950,1.2225,0.5,0.1,0.0,0.0015,1.95
951,1.222,0.0,0.0,0.0,0.0,1.95
952,1.2225,0.5,0.1,0.0,0.0015,1.95
953,1.222,0.0,0.0,0.0,0.0,1.95
954,1.222,0.0,0.0,0.0,0.0,1.95
955,1.222,0.0,0.0,0.0,0.0,1.95
956,1.222,0.0,0.0,0.0,0.0,1.95
957,1.2225,0.5,0.1,0.0,0.0015,1.95
958,1.2225,0.5,0.1,0.0,0.0015,1.95
959,1.2225,0.5,0.1,0.0,0.0015,1.95
960,1.222,0.0,0.0,0.0,0.0,1.95
961,1.2225,0.5,0.1,0.0,0.0015,1.95
962,1.2225,0.5,0.1,0.0,0.0015,1.95
963,1.2225,0.5,0.1,0.0,0.0015,1.95
964,1.222,0.0,0.0,0.0,0.0,1.95
965,1.222,0.0,0.0,0.0,0.0,1.95
966,1.222,0.0,0.0,0.0,0.0,1.95
967,1.2225,0.5,0.1,0.0,0.0015,1.95
968,1.222,0.0,0.0,0.0,0.0,1.95
969,1.222,0.0,0.0,0.0,0.0,1.95
970,1.2225,0.5,0.1,0.0,0.0015,1.95
971,1.2225,0.5,0.1,0.0,0.0015,1.95
972,1.2225,0.5,0.1,0.0,0.0015,1.95
973,1.2225,0.5,0.1,0.0,0.0015,1.95
974,1.222,0.0,0.0,0.0,0.0,1.95
975,1.2225,0.5,0.1,0.0,0.0015,1.95
976,1.2225,0.5,0.1,0.0,0.0015,1.95
977,1.222,0.0,0.0,0.0,0.0,1.95
978,1.2225,0.5,0.1,0.0,0.0015,1.95
979,1.222,0.0,0.0,0.0,0.0,1.95
980,1.2225,0.5,0.1,0.0,0.0015,1.95
981,1.2225,0.5,0.1,0.0,0.0015,1.95
982,1.2225,0.5,0.1,0.0,0.0015,1.95
983,1.222,0.0,0.0,0.0,0.0,1.95
984,1.2225,0.5,0.1,0.0,0.0015,1.95
985,1.2225,0.5,0.1,0.0,0.0015,1.95
986,1.2225,0.5,0.1,0.0,0.0015,1.95
987,1.222,0.0,0.0,0.0,0.0,1.95
988,1.2225,0.5,0.1,0.0,0.0015,1.95
989,1.222,0.0,0.0,0.0,0.0,1.95
990,1.2225,0.5,0.1,0.0,0.0015,1.95
991,1.222,0.0,0.0,0.0,0.0,1.95
992,1.2225,0.5,0.1,0.0,0.0015,1.95
993,1.222,0.0,0.0,0.0,0.0,1.95
994,1.222,0.0,0.0,0.0,0.0,1.95
995,1.2225,0.5,0.1,0.0,0.0015,1.95
996,1.222,0.0,0.0,0.0,0.0,1.95
997,1.222,0.0,0.0,0.0,0.0,1.95
998,1.2225,0.5,0.1,0.0,0.0015,1.95
999,1.2225,0.5,0.1,0.0,0.0015,1.95
1000,1.2225,0.5,0.1,0.0,0.0015,1.95
1001,1.2225,0.5,0.1,0.0,0.0015,1.95
1002,1.2225,0.5,0.1,0.0,0.0015,1.95
1003,1.2225,0.5,0.1,0.0,0.0015,1.95
1004,1.2225,0.5,0.1,0.0,0.0015,1.95
1005,1.2225,0.5,0.1,0.0,0.0015,1.95
1006,1.222,0.0,0.0,0.0,0.0,1.95
1007,1.222,0.0,0.0,0.0,0.0,1.95
1008,1.222,0.0,0.0,0.0,0.0,1.95
1009,1.222,0.0,0.0,0.0,0.0,1.95
1010,1.2225,0.5,0.1,0.0,0.0015,1.95
1011,1.2225,0.5,0.1,0.0,0.0015,1.95
1012,1.222,0.0,0.0,0.0,0.0,1.95
1013,1.2225,0.5,0.1,0.0,0.0015,1.95
1014,1.2225,0.5,0.1,0.0,0.0015,1.95
1015,1.222,0.0,0.0,0.0,0.0,1.95
1016,1.2225,0.5,0.1,0.0,0.0015,1.95
1017,1.222,0.0,0.0,0.0,0.0,1.95
1018,1.222,0.0,0.0,0.0,0.0,1.95
1019,1.2225,0.5,0.1,0.0,0.0015,1.95
1020,1.2225,0.5,0.1,0.0,0.0015,1.95
1021,1.222,0.0,0.0,0.0,0.0,1.95
1022,1.222,0.0,0.0,0.0,0.0,1.95
1023,1.222,0.0,0.0,0.0,0.0,1.95
1024,1.222,0.0,0.0,0.0,0.0,1.95
1025,1.222,0.0,0.0,0.0,0.0,1.95
1026,1.222,0.0,0.0,0.0,0.0,1.95
1027,1.2225,0.5,0.1,0.0,0.0015,1.95
1028,1.2225,0.5,0.1,0.0,0.0015,1.95
1029,1.222,0.0,0.0,0.0,0.0,1.95
1030,1.2225,0.5,0.1,0.0,0.0015,1.95
1031,1.2225,0.5,0.1,0.0,0.0015,1.95
1032,1.222,0.0,0.0,0.0,0.0,1.95
1033,1.2225,0.5,0.1,0.0,0.0015,1.95
1034,1.2225,0.5,0.1,0.0,0.0015,1.95
1035,1.2225,0.5,0.1,0.0,0.0015,1.95
1036,1.2225,0.5,0.1,0.0,0.0015,1.95
1037,1.2225,0.5,0.1,0.0,0.0015,1.95
1038,1.222,0.0,0.0,0.0,0.0,1.95
1039,1.2225,0.5,0.1,0.0,0.0015,1.95
1040,1.222,0.0,0.0,0.0,0.0,1.95
1041,1.2225,0.5,0.1,0.0,0.0015,1.95
1042,1.2225,0.5,0.1,0.0,0.0015,1.95
1043,1.222,0.0,0.0,0.0,0.0,1.95
1044,1.222,0.0,0.0,0.0,0.0,1.95
1045,1.2225,0.5,0.1,0.0,0.0015,1.95
1046,1.2225,0.5,0.1,0.0,0.0015,1.95
1047,1.222,0.0,0.0,0.0,0.0,1.95
1048,1.2225,0.5,0.1,0.0,0.0015,1.95
1049,1.222,0.0,0.0,0.0,0.0,1.95
1050,1.222,0.0,0.0,0.0,0.0,1.95
1051,1.222,0.0,0.0,0.0,0.0,1.95
1052,1.222,0.0,0.0,0.0,0.0,1.95
1053,1.2225,0.5,0.1,0.0,0.0015,1.95
1054,1.2225,0.5,0.1,0.0,0.0015,1.95
1055,1.2225,0.5,0.1,0.0,0.0015,1.95
1056,1.2225,0.5,0.1,0.0,0.0015,1.95
1057,1.222,0.0,0.0,0.0,0.0,1.95
1058,1.2225,0.5,0.1,0.0,0.0015,1.95
1059,1.2225,0.5,0.1,0.0,0.0015,1.95
1060,1.222,0.0,0.0,0.0,0.0,1.95
1061,1.2225,0.5,0.1,0.0,0.0015,1.95
1062,1.222,0.0,0.0,0.0,0.0,1.95
1063,1.2225,0.5,0.1,0.0,0.0015,1.95
1064,1.222,0.0,0.0,0.0,0.0,1.95
1065,1.222,0.0,0.0,0.0,0.0,1.95
1066,1.2225,0.5,0.1,0.0,0.0015,1.95
1067,1.222,0.0,0.0,0.0,0.0,1.95
1068,1.222,0.0,0.0,0.0,0.0,1.95
1069,1.222,0.0,0.0,0.0,0.0,1.95
1070,1.222,0.0,0.0,0.0,0.0,1.95
1071,1.222,0.0,0.0,0.0,0.0,1.95
1072,1.2225,0.5,0.1,0.0,0.0015,1.95
1073,1.222,0.0,0.0,0.0,0.0,1.95
1074,1.222,0.0,0.0,0.0,0.0,1.95
1075,1.2225,0.5,0.1,0.0,0.0015,1.95
1076,1.222,0.0,0.0,0.0,0.0,1.95
1077,1.2225,0.5,0.1,0.0,0.0015,1.95
1078,1.2225,0.5,0.1,0.0,0.0015,1.95
1079,1.2225,0.5,0.1,0.0,0.0015,1.95
1080,1.2225,0.5,0.1,0.0,0.0015,1.95
1081,1.222,0.0,0.0,0.0,0.0,1.95
1082,1.2225,0.5,0.1,0.0,0.0015,1.95
1083,1.2225,0.5,0.1,0.0,0.0015,1.95
1084,1.2225,0.5,0.1,0.0,0.0015,1.95
1085,1.2225,0.5,0.1,0.0,0.0015,1.95
1086,1.2225,0.5,0.1,0.0,0.0015,1.95
1087,1.222,0.0,0.0,0.0,0.0,1.95
1088,1.2225,0.5,0.1,0.0,0.0015,1.95
1089,1.2225,0.5,0.1,0.0,0.0015,1.95
1090,1.2225,0.5,0.1,0.0,0.0015,1.95
1091,1.2225,0.5,0.1,0.0,0.0015,1.95
1092,1.222,0.0,0.0,0.0,0.0,1.95
1093,1.222,0.0,0.0,0.0,0.0,1.95
1094,1.222,0.0,0.0,0.0,0.0,1.95
1095,1.222,0.0,0.0,0.0,0.0,1.95
1096,1.222,0.0,0.0,0.0,0.0,1.95
1097,1.2225,0.5,0.1,0.0,0.0015,1.95
1098,1.2225,0.5,0.1,0.0,0.0015,1.95
1099,1.2225,0.5,0.1,0.0,0.0015,1.95
1100,1.222,0.0,0.0,0.0,0.0,1.95
1101,1.222,0.0,0.0,0.0,0.0,1.95
1102,1.2225,0.5,0.1,0.0,0.0015,1.95
1103,1.222,0.0,0.0,0.0,0.0,1.95
1104,1.222,0.0,0.0,0.0,0.0,1.95
1105,1.222,0.0,0.0,0.0,0.0,1.95
1106,1.222,0.0,0.0,0.0,0.0,1.95
1107,1.2225,0.5,0.1,0.0,0.0015,1.95
1108,1.2225,0.5,0.1,0.0,0.0015,1.95
1109,1.222,0.0,0.0,0.0,0.0,1.95
1110,1.222,0.0,0.0,0.0,0.0,1.95
1111,1.222,0.0,0.0,0.0,0.0,1.95
1112,1.2225,0.5,0.1,0.0,0.0015,1.95
1113,1.222,0.0,0.0,0.0,0.0,1.95
1114,1.222,0.0,0.0,0.0,0.0,1.95
1115,1.222,0.0,0.0,0.0,0.0,1.95
1116,1.2225,0.5,0.1,0.0,0.0015,1.95
1117,1.2225,0.5,0.1,0.0,0.0015,1.95
1118,1.2225,0.5,0.1,0.0,0.0015,1.95
1119,1.222,0.0,0.0,0.0,0.0,1.95
1120,1.2225,0.5,0.1,0.0,0.0015,1.95
1121,1.2225,0.5,0.1,0.0,0.0015,1.95
1122,1.2225,0.5,0.1,0.0,0.0015,1.95
1123,1.2225,0.5,0.1,0.0,0.0015,1.95
1124,1.222,0.0,0.0,0.0,0.0,1.95
1125,1.222,0.0,0.0,0.0,0.0,1.95
1126,1.222,0.0,0.0,0.0,0.0,1.95
1127,1.2225,0.5,0.1,0.0,0.0015,1.95
1128,1.2225,0.5,0.1,0.0,0.0015,1.95
1129,1.2225,0.5,0.1,0.0,0.0015,1.95
1130,1.2225,0.5,0.1,0.0,0.0015,1.95
1131,1.2225,0.5,0.1,0.0,0.0015,1.95
1132,1.2225,0.5,0.1,0.0,0.0015,1.95
1133,1.222,0.0,0.0,0.0,0.0,1.95
1134,1.222,0.0,0.0,0.0,0.0,1.95
1135,1.222,0.0,0.0,0.0,0.0,1.95
1136,1.2225,0.5,0.1,0.0,0.0015,1.95
1137,1.222,0.0,0.0,0.0,0.0,1.95
1138,1.222,0.0,0.0,0.0,0.0,1.95
1139,1.222,0.0,0.0,0.0,0.0,1.95
1140,1.2225,0.5,0.1,0.0,0.0015,1.95
1141,1.2225,0.5,0.1,0.0,0.0015,1.95
1142,1.2225,0.5,0.1,0.0,0.0015,1.95
1143,1.2225,0.5,0.1,0.0,0.0015,1.95
1144,1.222,0.0,0.0,0.0,0.0,1.95
1145,1.222,0.0,0.0,0.0,0.0,1.95
1146,1.222,0.0,0.0,0.0,0.0,1.95
1147,1.2225,0.5,0.1,0.0,0.0015,1.95
1148,1.222,0.0,0.0,0.0,0.0,1.95
1149,1.222,0.0,0.0,0.0,0.0,1.95
1150,1.2225,0.5,0.1,0.0,0.0015,1.95
1151,1.222,0.0,0.0,0.0,0.0,1.95
1152,1.222,0.0,0.0,0.0,0.0,1.95
1153,1.222,0.0,0.0,0.0,0.0,1.95
1154,1.2225,0.5,0.1,0.0,0.0015,1.95
1155,1.222,0.0,0.0,0.0,0.0,1.95
1156,1.2225,0.5,0.1,0.0,0.0015,1.95
1157,1.2225,0.5,0.1,0.0,0.0015,1.95
1158,1.2225,0.5,0.1,0.0,0.0015,1.95
1159,1.2225,0.5,0.1,0.0,0.0015,1.95
1160,1.2225,0.5,0.1,0.0,0.0015,1.95
1161,1.222,0.0,0.0,0.0,0.0,1.95
1162,1.2225,0.5,0.1,0.0,0.0015,1.95
1163,1.222,0.0,0.0,0.0,0.0,1.95
1164,1.222,0.0,0.0,0.0,0.0,1.95
1165,1.2225,0.5,0.1,0.0,0.0015,1.95
1166,1.2225,0.5,0.1,0.0,0.0015,1.95
1167,1.2225,0.5,0.1,0.0,0.0015,1.95
1168,1.2225,0.5,0.1,0.0,0.0015,1.95
1169,1.2225,0.5,0.1,0.0,0.0015,1.95
1170,1.222,0.0,0.0,0.0,0.0,1.95
1171,1.222,0.0,0.0,0.0,0.0,1.95
1172,1.222,0.0,0.0,0.0,0.0,1.95
1173,1.222,0.0,0.0,0.0,0.0,1.95
1174,1.222,0.0,0.0,0.0,0.0,1.95
1175,1.2225,0.5,0.1,0.0,0.0015,1.95
1176,1.222,0.0,0.0,0.0,0.0,1.95
1177,1.222,0.0,0.0,0.0,0.0,1.95
1178,1.222,0.0,0.0,0.0,0.0,1.95
1179,1.222,0.0,0.0,0.0,0.0,1.95
1180,1.222,0.0,0.0,0.0,0.0,1.95
1181,1.222,0.0,0.0,0.0,0.0,1.95
1182,1.222,0.0,0.0,0.0,0.0,1.95
1183,1.222,0.0,0.0,0.0,0.0,1.95
1184,1.2225,0.5,0.1,0.0,0.0015,1.95
1185,1.2225,0.5,0.1,0.0,0.0015,1.95
1186,1.2225,0.5,0.1,0.0,0.0015,1.95
1187,1.2225,0.5,0.1,0.0,0.0015,1.95
1188,1.2225,0.5,0.1,0.0,0.0015,1.95
1189,1.2225,0.5,0.1,0.0,0.0015,1.95
1190,1.222,0.0,0.0,0.0,0.0,1.95
1191,1.222,0.0,0.0,0.0,0.0,1.95
1192,1.2225,0.5,0.1,0.0,0.0015,1.95
1193,1.2225,0.5,0.1,0.0,0.0015,1.95
1194,1.222,0.0,0.0,0.0,0.0,1.95
1195,1.2225,0.5,0.1,0.0,0.0015,1.95
1196,1.222,0.0,0.0,0.0,0.0,1.95
1197,1.222,0.0,0.0,0.0,0.0,1.95
1198,1.222,0.0,0.0,0.0,0.0,1.95
1199,1.222,0.0,0.0,0.0,0.0,1.95
1200,1.222,0.0,0.0,0.0,0.0,1.95
1201,1.222,0.0,0.0,0.0,0.0,1.95
1202,1.222,0.0,0.0,0.0,0.0,1.95
1203,1.2225,0.5,0.1,0.0,0.0015,1.95
1204,1.222,0.0,0.0,0.0,0.0,1.95
1205,1.222,0.0,0.0,0.0,0.0,1.95
1206,1.222,0.0,0.0,0.0,0.0,1.95
1207,1.222,0.0,0.0,0.0,0.0,1.95
1208,1.222,0.0,0.0,0.0,0.0,1.95
1209,1.222,0.0,0.0,0.0,0.0,1.95
1210,1.2225,0.5,0.1,0.0,0.0015,1.95
1211,1.222,0.0,0.0,0.0,0.0,1.95
1212,1.222,0.0,0.0,0.0,0.0,1.95
1213,1.222,0.0,0.0,0.0,0.0,1.95
1214,1.2225,0.5,0.1,0.0,0.0015,1.95
1215,1.2225,0.5,0.1,0.0,0.0015,1.95
1216,1.2225,0.5,0.1,0.0,0.0015,1.95
1217,1.222,0.0,0.0,0.0,0.0,1.95
1218,1.2225,0.5,0.1,0.0,0.0015,1.95
1219,1.222,0.0,0.0,0.0,0.0,1.95
1220,1.222,0.0,0.0,0.0,0.0,1.95
1221,1.222,0.0,0.0,0.0,0.0,1.95
1222,1.2225,0.5,0.1,0.0,0.0015,1.95
1223,1.2225,0.5,0.1,0.0,0.0015,1.95
1224,1.222,0.0,0.0,0.0,0.0,1.95
1225,1.222,0.0,0.0,0.0,0.0,1.95
1226,1.222,0.0,0.0,0.0,0.0,1.95
1227,1.222,0.0,0.0,0.0,0.0,1.95
1228,1.222,0.0,0.0,0.0,0.0,1.95
1229,1.222,0.0,0.0,0.0,0.0,1.95
1230,1.2225,0.5,0.1,0.0,0.0015,1.95
1231,1.222,0.0,0.0,0.0,0.0,1.95
1232,1.2225,0.5,0.1,0.0,0.0015,1.95
1233,1.222,0.0,0.0,0.0,0.0,1.95
1234,1.2225,0.5,0.1,0.0,0.0015,1.95
1235,1.222,0.0,0.0,0.0,0.0,1.95
1236,1.2225,0.5,0.1,0.0,0.0015,1.95
1237,1.222,0.0,0.0,0.0,0.0,1.95
1238,1.222,0.0,0.0,0.0,0.0,1.95
1239,1.2225,0.5,0.1,0.0,0.0015,1.95
1240,1.222,0.0,0.0,0.0,0.0,1.95
1241,1.222,0.0,0.0,0.0,0.0,1.95
1242,1.2225,0.5,0.1,0.0,0.0015,1.95
1243,1.222,0.0,0.0,0.0,0.0,1.95
1244,1.222,0.0,0.0,0.0,0.0,1.95
1245,1.2225,0.5,0.1,0.0,0.0015,1.95
1246,1.2225,0.5,0.1,0.0,0.0015,1.95
1247,1.2225,0.5,0.1,0.0,0.0015,1.95
1248,1.2225,0.5,0.1,0.0,0.0015,1.95
1249,1.2225,0.5,0.1,0.0,0.0015,1.95
1250,1.222,0.0,0.0,0.0,0.0,1.95
1251,1.2225,0.5,0.1,0.0,0.0015,1.95
1252,1.222,0.0,0.0,0.0,0.0,1.95
1253,1.222,0.0,0.0,0.0,0.0,1.95
1254,1.222,0.0,0.0,0.0,0.0,1.95
1255,1.222,0.0,0.0,0.0,0.0,1.95
1256,1.2225,0.5,0.1,0.0,0.0015,1.95
1257,1.2225,0.5,0.1,0.0,0.0015,1.95
1258,1.2225,0.5,0.1,0.0,0.0015,1.95
1259,1.222,0.0,0.0,0.0,0.0,1.95
1260,1.222,0.0,0.0,0.0,0.0,1.95
1261,1.222,0.0,0.0,0.0,0.0,1.95
1262,1.2225,0.5,0.1,0.0,0.0015,1.95
1263,1.222,0.0,0.0,0.0,0.0,1.95
1264,1.222,0.0,0.0,0.0,0.0,1.95
1265,1.2225,0.5,0.1,0.0,0.0015,1.95
1266,1.2225,0.5,0.1,0.0,0.0015,1.95
1267,1.2225,0.5,0.1,0.0,0.0015,1.95
1268,1.222,0.0,0.0,0.0,0.0,1.95
1269,1.2225,0.5,0.1,0.0,0.0015,1.95
1270,1.222,0.0,0.0,0.0,0.0,1.95
1271,1.222,0.0,0.0,0.0,0.0,1.95
1272,1.2225,0.5,0.1,0.0,0.0015,1.95
1273,1.222,0.0,0.0,0.0,0.0,1.95
1274,1.2225,0.5,0.1,0.0,0.0015,1.95
1275,1.222,0.0,0.0,0.0,0.0,1.95
1276,1.222,0.0,0.0,0.0,0.0,1.95
1277,1.222,0.0,0.0,0.0,0.0,1.95
1278,1.2225,0.5,0.1,0.0,0.0015,1.95
1279,1.2225,0.5,0.1,0.0,0.0015,1.95
1280,1.2225,0.5,0.1,0.0,0.0015,1.95
1281,1.222,0.0,0.0,0.0,0.0,1.95
1282,1.222,0.0,0.0,0.0,0.0,1.95
1283,1.222,0.0,0.0,0.0,0.0,1.95
1284,1.2225,0.5,0.1,0.0,0.0015,1.95
1285,1.2225,0.5,0.1,0.0,0.0015,1.95
1286,1.222,0.0,0.0,0.0,0.0,1.95
1287,1.222,0.0,0.0,0.0,0.0,1.95
1288,1.222,0.0,0.0,0.0,0.0,1.95
1289,1.222,0.0,0.0,0.0,0.0,1.95
1290,1.2225,0.5,0.1,0.0,0.0015,1.95
1291,1.222,0.0,0.0,0.0,0.0,1.95
1292,1.222,0.0,0.0,0.0,0.0,1.95
1293,1.2225,0.5,0.1,0.0,0.0015,1.95
1294,1.222,0.0,0.0,0.0,0.0,1.95
1295,1.222,0.0,0.0,0.0,0.0,1.95
1296,1.2225,0.5,0.1,0.0,0.0015,1.95
1297,1.2225,0.5,0.1,0.0,0.0015,1.95
1298,1.2225,0.5,0.1,0.0,0.0015,1.95
1299,1.2225,0.5,0.1,0.0,0.0015,1.95
1300,1.222,0.0,0.0,0.0,0.0,1.95
1301,1.2225,0.5,0.1,0.0,0.0015,1.95
1302,1.222,0.0,0.0,0.0,0.0,1.95
1303,1.2225,0.5,0.1,0.0,0.0015,1.95
1304,1.222,0.0,0.0,0.0,0.0,1.95
1305,1.222,0.0,0.0,0.0,0.0,1.95
1306,1.222,0.0,0.0,0.0,0.0,1.95
1307,1.222,0.0,0.0,0.0,0.0,1.95
1308,1.2225,0.5,0.1,0.0,0.0015,1.95
1309,1.222,0.0,0.0,0.0,0.0,1.95
1310,1.222,0.0,0.0,0.0,0.0,1.95
1311,1.2225,0.5,0.1,0.0,0.0015,1.95
1312,1.2225,0.5,0.1,0.0,0.0015,1.95
1313,1.222,0.0,0.0,0.0,0.0,1.95
1314,1.222,0.0,0.0,0.0,0.0,1.95
1315,1.222,0.0,0.0,0.0,0.0,1.95
1316,1.2225,0.5,0.1,0.0,0.0015,1.95
1317,1.222,0.0,0.0,0.0,0.0,1.95
1318,1.2225,0.5,0.1,0.0,0.0015,1.95
1319,1.222,0.0,0.0,0.0,0.0,1.95
1320,1.222,0.0,0.0,0.0,0.0,1.95
1321,1.2225,0.5,0.1,0.0,0.0015,1.95
1322,1.2225,0.5,0.1,0.0,0.0015,1.95
1323,1.222,0.0,0.0,0.0,0.0,1.95
1324,1.222,0.0,0.0,0.0,0.0,1.95
1325,1.2225,0.5,0.1,0.0,0.0015,1.95
1326,1.2225,0.5,0.1,0.0,0.0015,1.95
1327,1.222,0.0,0.0,0.0,0.0,1.95
1328,1.222,0.0,0.0,0.0,0.0,1.95
1329,1.2225,0.5,0.1,0.0,0.0015,1.95
1330,1.2225,0.5,0.1,0.0,0.0015,1.95
1331,1.222,0.0,0.0,0.0,0.0,1.95
1332,1.222,0.0,0.0,0.0,0.0,1.95
1333,1.222,0.0,0.0,0.0,0.0,1.95
1334,1.2225,0.5,0.1,0.0,0.0015,1.95
1335,1.222,0.0,0.0,0.0,0.0,1.95
1336,1.2225,0.5,0.1,0.0,0.0015,1.95
1337,1.2225,0.5,0.1,0.0,0.0015,1.95
1338,1.222,0.0,0.0,0.0,0.0,1.95
1339,1.222,0.0,0.0,0.0,0.0,1.95
1340,1.222,0.0,0.0,0.0,0.0,1.95
1341,1.2225,0.5,0.1,0.0,0.0015,1.95
1342,1.2225,0.5,0.1,0.0,0.0015,1.95
1343,1.222,0.0,0.0,0.0,0.0,1.95
1344,1.222,0.0,0.0,0.0,0.0,1.95
1345,1.222,0.0,0.0,0.0,0.0,1.95
1346,1.2225,0.5,0.1,0.0,0.0015,1.95
1347,1.222,0.0,0.0,0.0,0.0,1.95
1348,1.222,0.0,0.0,0.0,0.0,1.95
1349,1.222,0.0,0.0,0.0,0.0,1.95
1350,1.222,0.0,0.0,0.0,0.0,1.95
1351,1.2225,0.5,0.1,0.0,0.0015,1.95
1352,1.2225,0.5,0.1,0.0,0.0015,1.95
1353,1.2225,0.5,0.1,0.0,0.0015,1.95
1354,1.222,0.0,0.0,0.0,0.0,1.95
1355,1.2225,0.5,0.1,0.0,0.0015,1.95
1356,1.222,0.0,0.0,0.0,0.0,1.95
1357,1.2225,0.5,0.1,0.0,0.0015,1.95
1358,1.222,0.0,0.0,0.0,0.0,1.95
1359,1.2225,0.5,0.1,0.0,0.0015,1.95
1360,1.2225,0.5,0.1,0.0,0.0015,1.95
1361,1.2225,0.5,0.1,0.0,0.0015,1.95
1362,1.222,0.0,0.0,0.0,0.0,1.95
1363,1.2225,0.5,0.1,0.0,0.0015,1.95
1364,1.2225,0.5,0.1,0.0,0.0015,1.95
1365,1.2225,0.5,0.1,0.0,0.0015,1.95
1366,1.2225,0.5,0.1,0.0,0.0015,1.95
1367,1.222,0.0,0.0,0.0,0.0,1.95
1368,1.2225,0.5,0.1,0.0,0.0015,1.95
1369,1.2225,0.5,0.1,0.0,0.0015,1.95
1370,1.222,0.0,0.0,0.0,0.0,1.95
1371,1.2225,0.5,0.1,0.0,0.0015,1.95
1372,1.222,0.0,0.0,0.0,0.0,1.95
1373,1.222,0.0,0.0,0.0,0.0,1.95
1374,1.2225,0.5,0.1,0.0,0.0015,1.95
1375,1.222,0.0,0.0,0.0,0.0,1.95
1376,1.222,0.0,0.0,0.0,0.0,1.95
1377,1.222,0.0,0.0,0.0,0.0,1.95
1378,1.2225,0.5,0.1,0.0,0.0015,1.95
1379,1.222,0.0,0.0,0.0,0.0,1.95
1380,1.2225,0.5,0.1,0.0,0.0015,1.95
1381,1.222,0.0,0.0,0.0,0.0,1.95
1382,1.222,0.0,0.0,0.0,0.0,1.95
1383,1.222,0.0,0.0,0.0,0.0,1.95
1384,1.222,0.0,0.0,0.0,0.0,1.95
1385,1.222,0.0,0.0,0.0,0.0,1.95
1386,1.2225,0.5,0.1,0.0,0.0015,1.95
1387,1.222,0.0,0.0,0.0,0.0,1.95
1388,1.222,0.0,0.0,0.0,0.0,1.95
1389,1.2225,0.5,0.1,0.0,0.0015,1.95
1390,1.222,0.0,0.0,0.0,0.0,1.95
1391,1.222,0.0,0.0,0.0,0.0,1.95
1392,1.222,0.0,0.0,0.0,0.0,1.95
1393,1.222,0.0,0.0,0.0,0.0,1.95
1394,1.222,0.0,0.0,0.0,0.0,1.95
1395,1.222,0.0,0.0,0.0,0.0,1.95
1396,1.2225,0.5,0.1,0.0,0.0015,1.95
1397,1.2225,0.5,0.1,0.0,0.0015,1.95
1398,1.222,0.0,0.0,0.0,0.0,1.95
1399,1.222,0.0,0.0,0.0,0.0,1.95
1400,1.2225,0.5,0.1,0.0,0.0015,1.95
1401,1.2225,0.5,0.1,0.0,0.0015,1.95
1402,1.222,0.0,0.0,0.0,0.0,1.95
1403,1.2225,0.5,0.1,0.0,0.0015,1.95
1404,1.2225,0.5,0.1,0.0,0.0015,1.95
1405,1.2225,0.5,0.1,0.0,0.0015,1.95
1406,1.222,0.0,0.0,0.0,0.0,1.95
1407,1.222,0.0,0.0,0.0,0.0,1.95
1408,1.222,0.0,0.0,0.0,0.0,1.95
1409,1.222,0.0,0.0,0.0,0.0,1.95
1410,1.222,0.0,0.0,0.0,0.0,1.95
1411,1.2225,0.5,0.1,0.0,0.0015,1.95
1412,1.2225,0.5,0.1,0.0,0.0015,1.95
1413,1.222,0.0,0.0,0.0,0.0,1.95
1414,1.222,0.0,0.0,0.0,0.0,1.95
1415,1.222,0.0,0.0,0.0,0.0,1.95
1416,1.222,0.0,0.0,0.0,0.0,1.95
1417,1.2225,0.5,0.1,0.0,0.0015,1.95
1418,1.2225,0.5,0.1,0.0,0.0015,1.95
1419,1.222,0.0,0.0,0.0,0.0,1.95
1420,1.2225,0.5,0.1,0.0,0.0015,1.95
1421,1.2225,0.5,0.1,0.0,0.0015,1.95
1422,1.222,0.0,0.0,0.0,0.0,1.95
1423,1.222,0.0,0.0,0.0,0.0,1.95
1424,1.2225,0.5,0.1,0.0,0.0015,1.95
1425,1.2225,0.5,0.1,0.0,0.0015,1.95
1426,1.2225,0.5,0.1,0.0,0.0015,1.95
1427,1.222,0.0,0.0,0.0,0.0,1.95
1428,1.222,0.0,0.0,0.0,0.0,1.95
1429,1.222,0.0,0.0,0.0,0.0,1.95
1430,1.2225,0.5,0.1,0.0,0.0015,1.95
1431,1.2225,0.5,0.1,0.0,0.0015,1.95
1432,1.2225,0.5,0.1,0.0,0.0015,1.95
1433,1.222,0.0,0.0,0.0,0.0,1.95
1434,1.2225,0.5,0.1,0.0,0.0015,1.95
1435,1.222,0.0,0.0,0.0,0.0,1.95
1436,1.222,0.0,0.0,0.0,0.0,1.95
1437,1.2225,0.5,0.1,0.0,0.0015,1.95
1438,1.222,0.0,0.0,0.0,0.0,1.95
1439,1.2225,0.5,0.1,0.0,0.0015,1.95
1440,1.222,0.0,0.0,0.0,0.0,1.95
1441,1.222,0.0,0.0,0.0,0.0,1.95
1442,1.222,0.0,0.0,0.0,0.0,1.95
1443,1.222,0.0,0.0,0.0,0.0,1.95
1444,1.222,0.0,0.0,0.0,0.0,1.95
1445,1.222,0.0,0.0,0.0,0.0,1.95
1446,1.222,0.0,0.0,0.0,0.0,1.95
1447,1.222,0.0,0.0,0.0,0.0,1.95
1448,1.2225,0.5,0.1,0.0,0.0015,1.95
1449,1.2225,0.5,0.1,0.0,0.0015,1.95
1450,1.222,0.0,0.0,0.0,0.0,1.95
1451,1.2225,0.5,0.1,0.0,0.0015,1.95
1452,1.2225,0.5,0.1,0.0,0.0015,1.95
1453,1.2225,0.5,0.1,0.0,0.0015,1.95
1454,1.222,0.0,0.0,0.0,0.0,1.95
1455,1.222,0.0,0.0,0.0,0.0,1.95
1456,1.222,0.0,0.0,0.0,0.0,1.95
1457,1.2225,0.5,0.1,0.0,0.0015,1.95
1458,1.2225,0.5,0.1,0.0,0.0015,1.95
1459,1.2225,0.5,0.1,0.0,0.0015,1.95
1460,1.2225,0.5,0.1,0.0,0.0015,1.95
1461,1.2225,0.5,0.1,0.0,0.0015,1.95
1462,1.2225,0.5,0.1,0.0,0.0015,1.95
1463,1.2225,0.5,0.1,0.0,0.0015,1.95
1464,1.222,0.0,0.0,0.0,0.0,1.95
1465,1.2225,0.5,0.1,0.0,0.0015,1.95
1466,1.222,0.0,0.0,0.0,0.0,1.95
1467,1.222,0.0,0.0,0.0,0.0,1.95
1468,1.222,0.0,0.0,0.0,0.0,1.95
1469,1.2225,0.5,0.1,0.0,0.0015,1.95
1470,1.2225,0.5,0.1,0.0,0.0015,1.95
1471,1.222,0.0,0.0,0.0,0.0,1.95
1472,1.222,0.0,0.0,0.0,0.0,1.95
1473,1.2225,0.5,0.1,0.0,0.0015,1.95
1474,1.222,0.0,0.0,0.0,0.0,1.95
1475,1.2225,0.5,0.1,0.0,0.0015,1.95
1476,1.222,0.0,0.0,0.0,0.0,1.95
1477,1.222,0.0,0.0,0.0,0.0,1.95
1478,1.2225,0.5,0.1,0.0,0.0015,1.95
1479,1.222,0.0,0.0,0.0,0.0,1.95
1480,1.2225,0.5,0.1,0.0,0.0015,1.95
1481,1.2225,0.5,0.1,0.0,0.0015,1.95
1482,1.2225,0.5,0.1,0.0,0.0015,1.95
1483,1.2225,0.5,0.1,0.0,0.0015,1.95
1484,1.2225,0.5,0.1,0.0,0.0015,1.95
1485,1.2225,0.5,0.1,0.0,0.0015,1.95
1486,1.222,0.0,0.0,0.0,0.0,1.95
1487,1.222,0.0,0.0,0.0,0.0,1.95
1488,1.2225,0.5,0.1,0.0,0.0015,1.95
1489,1.222,0.0,0.0,0.0,0.0,1.95
1490,1.2225,0.5,0.1,0.0,0.0015,1.95
1491,1.222,0.0,0.0,0.0,0.0,1.95
1492,1.222,0.0,0.0,0.0,0.0,1.95
1493,1.222,0.0,0.0,0.0,0.0,1.95
1494,1.222,0.0,0.0,0.0,0.0,1.95
1495,1.2225,0.5,0.1,0.0,0.0015,1.95
1496,1.222,0.0,0.0,0.0,0.0,1.95
1497,1.2225,0.5,0.1,0.0,0.0015,1.95
1498,1.222,0.0,0.0,0.0,0.0,1.95
1499,1.222,0.0,0.0,0.0,0.0,1.95
1500,1.2225,0.5,0.1,0.0,0.0015,1.95
1501,1.222,0.0,0.0,0.0,0.0,1.95
1502,1.222,0.0,0.0,0.0,0.0,1.95
1503,1.222,0.0,0.0,0.0,0.0,1.95
1504,1.2225,0.5,0.1,0.0,0.0015,1.95
1505,1.222,0.0,0.0,0.0,0.0,1.95
1506,1.222,0.0,0.0,0.0,0.0,1.95
1507,1.222,0.0,0.0,0.0,0.0,1.95
1508,1.222,0.0,0.0,0.0,0.0,1.95
1509,1.222,0.0,0.0,0.0,0.0,1.95
1510,1.2225,0.5,0.1,0.0,0.0015,1.95
1511,1.2225,0.5,0.1,0.0,0.0015,1.95
1512,1.222,0.0,0.0,0.0,0.0,1.95
1513,1.2225,0.5,0.1,0.0,0.0015,1.95
1514,1.222,0.0,0.0,0.0,0.0,1.95
1515,1.2225,0.5,0.1,0.0,0.0015,1.95
1516,1.222,0.0,0.0,0.0,0.0,1.95
1517,1.2225,0.5,0.1,0.0,0.0015,1.95
1518,1.222,0.0,0.0,0.0,0.0,1.95
1519,1.2225,0.5,0.1,0.0,0.0015,1.95
1520,1.222,0.0,0.0,0.0,0.0,1.95
1521,1.2225,0.5,0.1,0.0,0.0015,1.95
1522,1.2225,0.5,0.1,0.0,0.0015,1.95
1523,1.2225,0.5,0.1,0.0,0.0015,1.95
1524,1.2225,0.5,0.1,0.0,0.0015,1.95
1525,1.2225,0.5,0.1,0.0,0.0015,1.95
1526,1.222,0.0,0.0,0.0,0.0,1.95
1527,1.2225,0.5,0.1,0.0,0.0015,1.95
1528,1.222,0.0,0.0,0.0,0.0,1.95
1529,1.2225,0.5,0.1,0.0,0.0015,1.95
1530,1.2225,0.5,0.1,0.0,0.0015,1.95
1531,1.2225,0.5,0.1,0.0,0.0015,1.95
1532,1.222,0.0,0.0,0.0,0.0,1.95
1533,1.222,0.0,0.0,0.0,0.0,1.95
1534,1.2225,0.5,0.1,0.0,0.0015,1.95
1535,1.2225,0.5,0.1,0.0,0.0015,1.95
1536,1.222,0.0,0.0,0.0,0.0,1.95
1537,1.222,0.0,0.0,0.0,0.0,1.95
1538,1.222,0.0,0.0,0.0,0.0,1.95
1539,1.2225,0.5,0.1,0.0,0.0015,1.95
1540,1.2225,0.5,0.1,0.0,0.0015,1.95
1541,1.222,0.0,0.0,0.0,0.0,1.95
1542,1.222,0.0,0.0,0.0,0.0,1.95
1543,1.222,0.0,0.0,0.0,0.0,1.95
1544,1.222,0.0,0.0,0.0,0.0,1.95
1545,1.2225,0.5,0.1,0.0,0.0015,1.95
1546,1.222,0.0,0.0,0.0,0.0,1.95
1547,1.2225,0.5,0.1,0.0,0.0015,1.95
1548,1.2225,0.5,0.1,0.0,0.0015,1.95
1549,1.2225,0.5,0.1,0.0,0.0015,1.95
1550,1.2225,0.5,0.1,0.0,0.0015,1.95
1551,1.222,0.0,0.0,0.0,0.0,1.95
1552,1.2225,0.5,0.1,0.0,0.0015,1.95
1553,1.222,0.0,0.0,0.0,0.0,1.95
1554,1.2225,0.5,0.1,0.0,0.0015,1.95
1555,1.2225,0.5,0.1,0.0,0.0015,1.95
1556,1.2225,0.5,0.1,0.0,0.0015,1.95
1557,1.2225,0.5,0.1,0.0,0.0015,1.95
1558,1.2225,0.5,0.1,0.0,0.0015,1.95
1559,1.222,0.0,0.0,0.0,0.0,1.95
1560,1.222,0.0,0.0,0.0,0.0,1.95
1561,1.222,0.0,0.0,0.0,0.0,1.95
1562,1.222,0.0,0.0,0.0,0.0,1.95
1563,1.222,0.0,0.0,0.0,0.0,1.95
1564,1.2225,0.5,0.1,0.0,0.0015,1.95
1565,1.222,0.0,0.0,0.0,0.0,1.95
1566,1.222,0.0,0.0,0.0,0.0,1.95
1567,1.222,0.0,0.0,0.0,0.0,1.95
1568,1.222,0.0,0.0,0.0,0.0,1.95
1569,1.222,0.0,0.0,0.0,0.0,1.95
1570,1.222,0.0,0.0,0.0,0.0,1.95
1571,1.2225,0.5,0.1,0.0,0.0015,1.95
1572,1.2225,0.5,0.1,0.0,0.0015,1.95
1573,1.222,0.0,0.0,0.0,0.0,1.95
1574,1.222,0.0,0.0,0.0,0.0,1.95
1575,1.2225,0.5,0.1,0.0,0.0015,1.95
1576,1.222,0.0,0.0,0.0,0.0,1.95
1577,1.2225,0.5,0.1,0.0,0.0015,1.95
1578,1.2225,0.5,0.1,0.0,0.0015,1.95
1579,1.2225,0.5,0.1,0.0,0.0015,1.95
1580,1.2225,0.5,0.1,0.0,0.0015,1.95
1581,1.2225,0.5,0.1,0.0,0.0015,1.95
1582,1.222,0.0,0.0,0.0,0.0,1.95
1583,1.2225,0.5,0.1,0.0,0.0015,1.95
1584,1.2225,0.5,0.1,0.0,0.0015,1.95
1585,1.2225,0.5,0.1,0.0,0.0015,1.95
1586,1.222,0.0,0.0,0.0,0.0,1.95
1587,1.222,0.0,0.0,0.0,0.0,1.95
1588,1.2225,0.5,0.1,0.0,0.0015,1.95
1589,1.2225,0.5,0.1,0.0,0.0015,1.95
1590,1.2225,0.5,0.1,0.0,0.0015,1.95
1591,1.2225,0.5,0.1,0.0,0.0015,1.95
1592,1.2225,0.5,0.1,0.0,0.0015,1.95
1593,1.222,0.0,0.0,0.0,0.0,1.95
1594,1.2225,0.5,0.1,0.0,0.0015,1.95
1595,1.222,0.0,0.0,0.0,0.0,1.95
1596,1.2225,0.5,0.1,0.0,0.0015,1.95
1597,1.2225,0.5,0.1,0.0,0.0015,1.95
1598,1.2225,0.5,0.1,0.0,0.0015,1.95
1599,1.2225,0.5,0.1,0.0,0.0015,1.95
1600,1.2225,0.5,0.1,0.0,0.0015,1.95
1601,1.2225,0.5,0.1,0.0,0.0015,1.95
1602,1.222,0.0,0.0,0.0,0.0,1.95
1603,1.2225,0.5,0.1,0.0,0.0015,1.95
1604,1.2225,0.5,0.1,0.0,0.0015,1.95
1605,1.2225,0.5,0.1,0.0,0.0015,1.95
1606,1.2225,0.5,0.1,0.0,0.0015,1.95
1607,1.2225,0.5,0.1,0.0,0.0015,1.95
1608,1.222,0.0,0.0,0.0,0.0,1.95
1609,1.2225,0.5,0.1,0.0,0.0015,1.95
1610,1.2225,0.5,0.1,0.0,0.0015,1.95
1611,1.222,0.0,0.0,0.0,0.0,1.95
1612,1.2225,0.5,0.1,0.0,0.0015,1.95
1613,1.2225,0.5,0.1,0.0,0.0015,1.95
1614,1.222,0.0,0.0,0.0,0.0,1.95
1615,1.2225,0.5,0.1,0.0,0.0015,1.95
1616,1.222,0.0,0.0,0.0,0.0,1.95
1617,1.2225,0.5,0.1,0.0,0.0015,1.95
1618,1.2225,0.5,0.1,0.0,0.0015,1.95
1619,1.222,0.0,0.0,0.0,0.0,1.95
1620,1.222,0.0,0.0,0.0,0.0,1.95
1621,1.2225,0.5,0.1,0.0,0.0015,1.95
1622,1.2225,0.5,0.1,0.0,0.0015,1.95
1623,1.222,0.0,0.0,0.0,0.0,1.95
1624,1.2225,0.5,0.1,0.0,0.0015,1.95
1625,1.222,0.0,0.0,0.0,0.0,1.95
1626,1.2225,0.5,0.1,0.0,0.0015,1.95
1627,1.2225,0.5,0.1,0.0,0.0015,1.95
1628,1.222,0.0,0.0,0.0,0.0,1.95
1629,1.2225,0.5,0.1,0.0,0.0015,1.95
1630,1.2225,0.5,0.1,0.0,0.0015,1.95
1631,1.2225,0.5,0.1,0.0,0.0015,1.95
1632,1.2225,0.5,0.1,0.0,0.0015,1.95
1633,1.2225,0.5,0.1,0.0,0.0015,1.95
1634,1.222,0.0,0.0,0.0,0.0,1.95
1635,1.222,0.0,0.0,0.0,0.0,1.95
1636,1.222,0.0,0.0,0.0,0.0,1.95
1637,1.222,0.0,0.0,0.0,0.0,1.95
1638,1.2225,0.5,0.1,0.0,0.0015,1.95
1639,1.2225,0.5,0.1,0.0,0.0015,1.95
1640,1.2225,0.5,0.1,0.0,0.0015,1.95
1641,1.222,0.0,0.0,0.0,0.0,1.95
1642,1.2225,0.5,0.1,0.0,0.0015,1.95
1643,1.222,0.0,0.0,0.0,0.0,1.95
1644,1.2225,0.5,0.1,0.0,0.0015,1.95
1645,1.222,0.0,0.0,0.0,0.0,1.95
1646,1.2225,0.5,0.1,0.0,0.0015,1.95
1647,1.222,0.0,0.0,0.0,0.0,1.95
1648,1.222,0.0,0.0,0.0,0.0,1.95
1649,1.222,0.0,0.0,0.0,0.0,1.95
1650,1.2225,0.5,0.1,0.0,0.0015,1.95
1651,1.2225,0.5,0.1,0.0,0.0015,1.95
1652,1.222,0.0,0.0,0.0,0.0,1.95
1653,1.222,0.0,0.0,0.0,0.0,1.95
1654,1.222,0.0,0.0,0.0,0.0,1.95
1655,1.222,0.0,0.0,0.0,0.0,1.95
1656,1.222,0.0,0.0,0.0,0.0,1.95
1657,1.222,0.0,0.0,0.0,0.0,1.95
1658,1.2225,0.5,0.1,0.0,0.0015,1.95
1659,1.2225,0.5,0.1,0.0,0.0015,1.95
1660,1.2225,0.5,0.1,0.0,0.0015,1.95
1661,1.2225,0.5,0.1,0.0,0.0015,1.95
1662,1.222,0.0,0.0,0.0,0.0,1.95
1663,1.2225,0.5,0.1,0.0,0.0015,1.95
1664,1.2225,0.5,0.1,0.0,0.0015,1.95
1665,1.2225,0.5,0.1,0.0,0.0015,1.95
1666,1.2225,0.5,0.1,0.0,0.0015,1.95
1667,1.2225,0.5,0.1,0.0,0.0015,1.95
1668,1.2225,0.5,0.1,0.0,0.0015,1.95
1669,1.2225,0.5,0.1,0.0,0.0015,1.95
1670,1.2225,0.5,0.1,0.0,0.0015,1.95
1671,1.222,0.0,0.0,0.0,0.0,1.95
1672,1.222,0.0,0.0,0.0,0.0,1.95
1673,1.222,0.0,0.0,0.0,0.0,1.95
1674,1.222,0.0,0.0,0.0,0.0,1.95
1675,1.222,0.0,0.0,0.0,0.0,1.95
1676,1.2225,0.5,0.1,0.0,0.0015,1.95
1677,1.2225,0.5,0.1,0.0,0.0015,1.95
1678,1.2225,0.5,0.1,0.0,0.0015,1.95
1679,1.2225,0.5,0.1,0.0,0.0015,1.95
1680,1.2225,0.5,0.1,0.0,0.0015,1.95
1681,1.2225,0.5,0.1,0.0,0.0015,1.95
1682,1.222,0.0,0.0,0.0,0.0,1.95
1683,1.222,0.0,0.0,0.0,0.0,1.95
1684,1.2225,0.5,0.1,0.0,0.0015,1.95
1685,1.222,0.0,0.0,0.0,0.0,1.95
1686,1.2225,0.5,0.1,0.0,0.0015,1.95
1687,1.2225,0.5,0.1,0.0,0.0015,1.95
1688,1.222,0.0,0.0,0.0,0.0,1.95
1689,1.222,0.0,0.0,0.0,0.0,1.95
1690,1.222,0.0,0.0,0.0,0.0,1.95
1691,1.2225,0.5,0.1,0.0,0.0015,1.95
1692,1.222,0.0,0.0,0.0,0.0,1.95
1693,1.222,0.0,0.0,0.0,0.0,1.95
1694,1.2225,0.5,0.1,0.0,0.0015,1.95
1695,1.2225,0.5,0.1,0.0,0.0015,1.95
1696,1.222,0.0,0.0,0.0,0.0,1.95
1697,1.2225,0.5,0.1,0.0,0.0015,1.95
1698,1.222,0.0,0.0,0.0,0.0,1.95
1699,1.2225,0.5,0.1,0.0,0.0015,1.95
1700,1.222,0.0,0.0,0.0,0.0,1.95
1701,1.2225,0.5,0.1,0.0,0.0015,1.95
1702,1.222,0.0,0.0,0.0,0.0,1.95
1703,1.222,0.0,0.0,0.0,0.0,1.95
1704,1.2225,0.5,0.1,0.0,0.0015,1.95
1705,1.2225,0.5,0.1,0.0,0.0015,1.95
1706,1.222,0.0,0.0,0.0,0.0,1.95
1707,1.2225,0.5,0.1,0.0,0.0015,1.95
1708,1.2225,0.5,0.1,0.0,0.0015,1.95
1709,1.222,0.0,0.0,0.0,0.0,1.95
1710,1.222,0.0,0.0,0.0,0.0,1.95
1711,1.2225,0.5,0.1,0.0,0.0015,1.95
1712,1.2225,0.5,0.1,0.0,0.0015,1.95
1713,1.222,0.0,0.0,0.0,0.0,1.95
1714,1.2225,0.5,0.1,0.0,0.0015,1.95
1715,1.2225,0.5,0.1,0.0,0.0015,1.95
1716,1.222,0.0,0.0,0.0,0.0,1.95
1717,1.222,0.0,0.0,0.0,0.0,1.95
1718,1.222,0.0,0.0,0.0,0.0,1.95
1719,1.222,0.0,0.0,0.0,0.0,1.95
1720,1.2225,0.5,0.1,0.0,0.0015,1.95
1721,1.2225,0.5,0.1,0.0,0.0015,1.95
1722,1.222,0.0,0.0,0.0,0.0,1.95
1723,1.2225,0.5,0.1,0.0,0.0015,1.95
1724,1.2225,0.5,0.1,0.0,0.0015,1.95
1725,1.2225,0.5,0.1,0.0,0.0015,1.95
1726,1.222,0.0,0.0,0.0,0.0,1.95
1727,1.2225,0.5,0.1,0.0,0.0015,1.95
1728,1.222,0.0,0.0,0.0,0.0,1.95
1729,1.2225,0.5,0.1,0.0,0.0015,1.95
1730,1.222,0.0,0.0,0.0,0.0,1.95
1731,1.2225,0.5,0.1,0.0,0.0015,1.95
1732,1.222,0.0,0.0,0.0,0.0,1.95
1733,1.222,0.0,0.0,0.0,0.0,1.95
1734,1.2225,0.5,0.1,0.0,0.0015,1.95
1735,1.222,0.0,0.0,0.0,0.0,1.95
1736,1.222,0.0,0.0,0.0,0.0,1.95
1737,1.222,0.0,0.0,0.0,0.0,1.95
1738,1.222,0.0,0.0,0.0,0.0,1.95
1739,1.2225,0.5,0.1,0.0,0.0015,1.95
1740,1.222,0.0,0.0,0.0,0.0,1.95
1741,1.222,0.0,0.0,0.0,0.0,1.95
1742,1.222,0.0,0.0,0.0,0.0,1.95
1743,1.2225,0.5,0.1,0.0,0.0015,1.95
1744,1.2225,0.5,0.1,0.0,0.0015,1.95
1745,1.222,0.0,0.0,0.0,0.0,1.95
1746,1.2225,0.5,0.1,0.0,0.0015,1.95
1747,1.222,0.0,0.0,0.0,0.0,1.95
1748,1.2225,0.5,0.1,0.0,0.0015,1.95
1749,1.222,0.0,0.0,0.0,0.0,1.95
1750,1.222,0.0,0.0,0.0,0.0,1.95
1751,1.2225,0.5,0.1,0.0,0.0015,1.95
1752,1.2225,0.5,0.1,0.0,0.0015,1.95
1753,1.2225,0.5,0.1,0.0,0.0015,1.95
1754,1.2225,0.5,0.1,0.0,0.0015,1.95
1755,1.222,0.0,0.0,0.0,0.0,1.95
1756,1.2225,0.5,0.1,0.0,0.0015,1.95
1757,1.222,0.0,0.0,0.0,0.0,1.95
1758,1.222,0.0,0.0,0.0,0.0,1.95
1759,1.222,0.0,0.0,0.0,0.0,1.95
1760,1.2225,0.5,0.1,0.0,0.0015,1.95
1761,1.222,0.0,0.0,0.0,0.0,1.95
1762,1.2225,0.5,0.1,0.0,0.0015,1.95
1763,1.222,0.0,0.0,0.0,0.0,1.95
1764,1.2225,0.5,0.1,0.0,0.0015,1.95
1765,1.2225,0.5,0.1,0.0,0.0015,1.95
1766,1.2225,0.5,0.1,0.0,0.0015,1.95
1767,1.2225,0.5,0.1,0.0,0.0015,1.95
1768,1.2225,0.5,0.1,0.0,0.0015,1.95
1769,1.222,0.0,0.0,0.0,0.0,1.95
1770,1.2225,0.5,0.1,0.0,0.0015,1.95
1771,1.2225,0.5,0.1,0.0,0.0015,1.95
1772,1.222,0.0,0.0,0.0,0.0,1.95
1773,1.222,0.0,0.0,0.0,0.0,1.95
1774,1.222,0.0,0.0,0.0,0.0,1.95
1775,1.2225,0.5,0.1,0.0,0.0015,1.95
1776,1.222,0.0,0.0,0.0,0.0,1.95
1777,1.222,0.0,0.0,0.0,0.0,1.95
1778,1.2225,0.5,0.1,0.0,0.0015,1.95
1779,1.222,0.0,0.0,0.0,0.0,1.95
1780,1.2225,0.5,0.1,0.0,0.0015,1.95
1781,1.222,0.0,0.0,0.0,0.0,1.95
1782,1.2225,0.5,0.1,0.0,0.0015,1.95
1783,1.2225,0.5,0.1,0.0,0.0015,1.95
1784,1.222,0.0,0.0,0.0,0.0,1.95
1785,1.222,0.0,0.0,0.0,0.0,1.95
1786,1.222,0.0,0.0,0.0,0.0,1.95
1787,1.2225,0.5,0.1,0.0,0.0015,1.95
1788,1.2225,0.5,0.1,0.0,0.0015,1.95
1789,1.222,0.0,0.0,0.0,0.0,1.95
1790,1.222,0.0,0.0,0.0,0.0,1.95
1791,1.2225,0.5,0.1,0.0,0.0015,1.95
1792,1.222,0.0,0.0,0.0,0.0,1.95
1793,1.2225,0.5,0.1,0.0,0.0015,1.95
1794,1.222,0.0,0.0,0.0,0.0,1.95
1795,1.222,0.0,0.0,0.0,0.0,1.95
1796,1.2225,0.5,0.1,0.0,0.0015,1.95
1797,1.2225,0.5,0.1,0.0,0.0015,1.95
1798,1.222,0.0,0.0,0.0,0.0,1.95
1799,1.2225,0.5,0.1,0.0,0.0015,1.95
1800,1.222,0.0,0.0,0.0,0.0,1.95
1801,1.222,0.0,0.0,0.0,0.0,1.95
1802,1.222,0.0,0.0,0.0,0.0,1.95
1803,1.222,0.0,0.0,0.0,0.0,1.95
1804,1.222,0.0,0.0,0.0,0.0,1.95
1805,1.222,0.0,0.0,0.0,0.0,1.95
1806,1.2225,0.5,0.1,0.0,0.0015,1.95
1807,1.2225,0.5,0.1,0.0,0.0015,1.95
1808,1.222,0.0,0.0,0.0,0.0,1.95
1809,1.222,0.0,0.0,0.0,0.0,1.95
1810,1.2225,0.5,0.1,0.0,0.0015,1.95
1811,1.222,0.0,0.0,0.0,0.0,1.95
1812,1.222,0.0,0.0,0.0,0.0,1.95
1813,1.222,0.0,0.0,0.0,0.0,1.95
1814,1.222,0.0,0.0,0.0,0.0,1.95
1815,1.222,0.0,0.0,0.0,0.0,1.95
1816,1.2225,0.5,0.1,0.0,0.0015,1.95
1817,1.222,0.0,0.0,0.0,0.0,1.95
1818,1.222,0.0,0.0,0.0,0.0,1.95
1819,1.222,0.0,0.0,0.0,0.0,1.95
1820,1.2225,0.5,0.1,0.0,0.0015,1.95
1821,1.2225,0.5,0.1,0.0,0.0015,1.95
1822,1.222,0.0,0.0,0.0,0.0,1.95
1823,1.2225,0.5,0.1,0.0,0.0015,1.95
1824,1.222,0.0,0.0,0.0,0.0,1.95
1825,1.2225,0.5,0.1,0.0,0.0015,1.95
1826,1.222,0.0,0.0,0.0,0.0,1.95
1827,1.2225,0.5,0.1,0.0,0.0015,1.95
1828,1.2225,0.5,0.1,0.0,0.0015,1.95
1829,1.222,0.0,0.0,0.0,0.0,1.95
1830,1.222,0.0,0.0,0.0,0.0,1.95
1831,1.2225,0.5,0.1,0.0,0.0015,1.95
1832,1.222,0.0,0.0,0.0,0.0,1.95
1833,1.2225,0.5,0.1,0.0,0.0015,1.95
1834,1.222,0.0,0.0,0.0,0.0,1.95
1835,1.222,0.0,0.0,0.0,0.0,1.95
1836,1.222,0.0,0.0,0.0,0.0,1.95
1837,1.2225,0.5,0.1,0.0,0.0015,1.95
1838,1.222,0.0,0.0,0.0,0.0,1.95
1839,1.222,0.0,0.0,0.0,0.0,1.95
1840,1.2225,0.5,0.1,0.0,0.0015,1.95
1841,1.2225,0.5,0.1,0.0,0.0015,1.95
1842,1.2225,0.5,0.1,0.0,0.0015,1.95
1843,1.222,0.0,0.0,0.0,0.0,1.95
1844,1.222,0.0,0.0,0.0,0.0,1.95
1845,1.222,0.0,0.0,0.0,0.0,1.95
1846,1.222,0.0,0.0,0.0,0.0,1.95
1847,1.2225,0.5,0.1,0.0,0.0015,1.95
1848,1.2225,0.5,0.1,0.0,0.0015,1.95
1849,1.2225,0.5,0.1,0.0,0.0015,1.95
1850,1.222,0.0,0.0,0.0,0.0,1.95
1851,1.2225,0.5,0.1,0.0,0.0015,1.95
1852,1.222,0.0,0.0,0.0,0.0,1.95
1853,1.222,0.0,0.0,0.0,0.0,1.95
1854,1.2225,0.5,0.1,0.0,0.0015,1.95
1855,1.2225,0.5,0.1,0.0,0.0015,1.95
1856,1.2225,0.5,0.1,0.0,0.0015,1.95
1857,1.222,0.0,0.0,0.0,0.0,1.95
1858,1.2225,0.5,0.1,0.0,0.0015,1.95
1859,1.2225,0.5,0.1,0.0,0.0015,1.95
1860,1.2225,0.5,0.1,0.0,0.0015,1.95
1861,1.222,0.0,0.0,0.0,0.0,1.95
1862,1.222,0.0,0.0,0.0,0.0,1.95
1863,1.222,0.0,0.0,0.0,0.0,1.95
1864,1.2225,0.5,0.1,0.0,0.0015,1.95
1865,1.2225,0.5,0.1,0.0,0.0015,1.95
1866,1.2225,0.5,0.1,0.0,0.0015,1.95
1867,1.222,0.0,0.0,0.0,0.0,1.95
1868,1.222,0.0,0.0,0.0,0.0,1.95
1869,1.222,0.0,0.0,0.0,0.0,1.95
1870,1.2225,0.5,0.1,0.0,0.0015,1.95
1871,1.2225,0.5,0.1,0.0,0.0015,1.95
1872,1.222,0.0,0.0,0.0,0.0,1.95
1873,1.222,0.0,0.0,0.0,0.0,1.95
1874,1.222,0.0,0.0,0.0,0.0,1.95
1875,1.2225,0.5,0.1,0.0,0.0015,1.95
1876,1.222,0.0,0.0,0.0,0.0,1.95
1877,1.222,0.0,0.0,0.0,0.0,1.95
1878,1.2225,0.5,0.1,0.0,0.0015,1.95
1879,1.2225,0.5,0.1,0.0,0.0015,1.95
1880,1.222,0.0,0.0,0.0,0.0,1.95
1881,1.222,0.0,0.0,0.0,0.0,1.95
1882,1.222,0.0,0.0,0.0,0.0,1.95
1883,1.2225,0.5,0.1,0.0,0.0015,1.95
1884,1.2225,0.5,0.1,0.0,0.0015,1.95
1885,1.222,0.0,0.0,0.0,0.0,1.95
1886,1.222,0.0,0.0,0.0,0.0,1.95
1887,1.222,0.0,0.0,0.0,0.0,1.95
1888,1.2225,0.5,0.1,0.0,0.0015,1.95
1889,1.222,0.0,0.0,0.0,0.0,1.95
1890,1.222,0.0,0.0,0.0,0.0,1.95
1891,1.2225,0.5,0.1,0.0,0.0015,1.95
1892,1.222,0.0,0.0,0.0,0.0,1.95
1893,1.2225,0.5,0.1,0.0,0.0015,1.95
1894,1.222,0.0,0.0,0.0,0.0,1.95
1895,1.2225,0.5,0.1,0.0,0.0015,1.95
1896,1.2225,0.5,0.1,0.0,0.0015,1.95
1897,1.222,0.0,0.0,0.0,0.0,1.95
1898,1.2225,0.5,0.1,0.0,0.0015,1.95
1899,1.2225,0.5,0.1,0.0,0.0015,1.95
1900,1.2225,0.5,0.1,0.0,0.0015,1.95
1901,1.222,0.0,0.0,0.0,0.0,1.95
1902,1.2225,0.5,0.1,0.0,0.0015,1.95
1903,1.222,0.0,0.0,0.0,0.0,1.95
1904,1.222,0.0,0.0,0.0,0.0,1.95
1905,1.222,0.0,0.0,0.0,0.0,1.95
1906,1.2225,0.5,0.1,0.0,0.0015,1.95
1907,1.2225,0.5,0.1,0.0,0.0015,1.95
1908,1.222,0.0,0.0,0.0,0.0,1.95
1909,1.2225,0.5,0.1,0.0,0.0015,1.95
1910,1.2225,0.5,0.1,0.0,0.0015,1.95
1911,1.2225,0.5,0.1,0.0,0.0015,1.95
1912,1.222,0.0,0.0,0.0,0.0,1.95
1913,1.222,0.0,0.0,0.0,0.0,1.95
1914,1.2225,0.5,0.1,0.0,0.0015,1.95
1915,1.222,0.0,0.0,0.0,0.0,1.95
1916,1.2225,0.5,0.1,0.0,0.0015,1.95
1917,1.2225,0.5,0.1,0.0,0.0015,1.95
1918,1.222,0.0,0.0,0.0,0.0,1.95
1919,1.222,0.0,0.0,0.0,0.0,1.95
1920,1.222,0.0,0.0,0.0,0.0,1.95
1921,1.2225,0.5,0.1,0.0,0.0015,1.95
1922,1.2225,0.5,0.1,0.0,0.0015,1.95
1923,1.2225,0.5,0.1,0.0,0.0015,1.95
1924,1.2225,0.5,0.1,0.0,0.0015,1.95
1925,1.222,0.0,0.0,0.0,0.0,1.95
1926,1.2225,0.5,0.1,0.0,0.0015,1.95
1927,1.2225,0.5,0.1,0.0,0.0015,1.95
1928,1.2225,0.5,0.1,0.0,0.0015,1.95
1929,1.222,0.0,0.0,0.0,0.0,1.95
1930,1.2225,0.5,0.1,0.0,0.0015,1.95
1931,1.222,0.0,0.0,0.0,0.0,1.95
1932,1.222,0.0,0.0,0.0,0.0,1.95
1933,1.222,0.0,0.0,0.0,0.0,1.95
1934,1.222,0.0,0.0,0.0,0.0,1.95
1935,1.2225,0.5,0.1,0.0,0.0015,1.95
1936,1.2225,0.5,0.1,0.0,0.0015,1.95
1937,1.222,0.0,0.0,0.0,0.0,1.95
1938,1.222,0.0,0.0,0.0,0.0,1.95
1939,1.2225,0.5,0.1,0.0,0.0015,1.95
1940,1.222,0.0,0.0,0.0,0.0,1.95
1941,1.222,0.0,0.0,0.0,0.0,1.95
1942,1.222,0.0,0.0,0.0,0.0,1.95
1943,1.2225,0.5,0.1,0.0,0.0015,1.95
1944,1.2225,0.5,0.1,0.0,0.0015,1.95
1945,1.222,0.0,0.0,0.0,0.0,1.95
1946,1.222,0.0,0.0,0.0,0.0,1.95
1947,1.2225,0.5,0.1,0.0,0.0015,1.95
1948,1.2225,0.5,0.1,0.0,0.0015,1.95
1949,1.222,0.0,0.0,0.0,0.0,1.95
1950,1.222,0.0,0.0,0.0,0.0,1.95
1951,1.2225,0.5,0.1,0.0,0.0015,1.95
1952,1.222,0.0,0.0,0.0,0.0,1.95
1953,1.2225,0.5,0.1,0.0,0.0015,1.95
1954,1.222,0.0,0.0,0.0,0.0,1.95
1955,1.2225,0.5,0.1,0.0,0.0015,1.95
1956,1.222,0.0,0.0,0.0,0.0,1.95
1957,1.222,0.0,0.0,0.0,0.0,1.95
1958,1.2225,0.5,0.1,0.0,0.0015,1.95
1959,1.2225,0.5,0.1,0.0,0.0015,1.95
1960,1.222,0.0,0.0,0.0,0.0,1.95
1961,1.2225,0.5,0.1,0.0,0.0015,1.95
1962,1.2225,0.5,0.1,0.0,0.0015,1.95
1963,1.222,0.0,0.0,0.0,0.0,1.95
1964,1.2225,0.5,0.1,0.0,0.0015,1.95
1965,1.222,0.0,0.0,0.0,0.0,1.95
1966,1.222,0.0,0.0,0.0,0.0,1.95
1967,1.2225,0.5,0.1,0.0,0.0015,1.95
1968,1.222,0.0,0.0,0.0,0.0,1.95
1969,1.222,0.0,0.0,0.0,0.0,1.95
1970,1.2225,0.5,0.1,0.0,0.0015,1.95
1971,1.222,0.0,0.0,0.0,0.0,1.95
1972,1.2225,0.5,0.1,0.0,0.0015,1.95
1973,1.2225,0.5,0.1,0.0,0.0015,1.95
1974,1.2225,0.5,0.1,0.0,0.0015,1.95
1975,1.2225,0.5,0.1,0.0,0.0015,1.95
1976,1.222,0.0,0.0,0.0,0.0,1.95
1977,1.222,0.0,0.0,0.0,0.0,1.95
1978,1.2225,0.5,0.1,0.0,0.0015,1.95
1979,1.222,0.0,0.0,0.0,0.0,1.95
1980,1.222,0.0,0.0,0.0,0.0,1.95
1981,1.2225,0.5,0.1,0.0,0.0015,1.95
1982,1.222,0.0,0.0,0.0,0.0,1.95
1983,1.2225,0.5,0.1,0.0,0.0015,1.95
1984,1.2225,0.5,0.1,0.0,0.0015,1.95
1985,1.2225,0.5,0.1,0.0,0.0015,1.95
1986,1.222,0.0,0.0,0.0,0.0,1.95
1987,1.222,0.0,0.0,0.0,0.0,1.95
1988,1.222,0.0,0.0,0.0,0.0,1.95
1989,1.222,0.0,0.0,0.0,0.0,1.95
1990,1.222,0.0,0.0,0.0,0.0,1.95
1991,1.222,0.0,0.0,0.0,0.0,1.95
1992,1.2225,0.5,0.1,0.0,0.0015,1.95
1993,1.222,0.0,0.0,0.0,0.0,1.95
1994,1.222,0.0,0.0,0.0,0.0,1.95
1995,1.222,0.0,0.0,0.0,0.0,1.95
1996,1.222,0.0,0.0,0.0,0.0,1.95
1997,1.222,0.0,0.0,0.0,0.0,1.95
1998,1.2225,0.5,0.1,0.0,0.0015,1.95
1999,1.2225,0.5,0.1,0.0,0.0015,1.95
2000,1.2225,0.5,0.1,0.0,0.0015,1.95
2001,1.222,0.0,0.0,0.0,0.0,1.95
2002,1.222,0.0,0.0,0.0,0.0,1.95
2003,1.2225,0.5,0.1,0.0,0.0015,1.95
2004,1.222,0.0,0.0,0.0,0.0,1.95
2005,1.222,0.0,0.0,0.0,0.0,1.95
2006,1.2225,0.5,0.1,0.0,0.0015,1.95
2007,1.2225,0.5,0.1,0.0,0.0015,1.95
2008,1.2225,0.5,0.1,0.0,0.0015,1.95
2009,1.2225,0.5,0.1,0.0,0.0015,1.95
2010,1.2225,0.5,0.1,0.0,0.0015,1.95
2011,1.222,0.0,0.0,0.0,0.0,1.95
2012,1.2225,0.5,0.1,0.0,0.0015,1.95
2013,1.2225,0.5,0.1,0.0,0.0015,1.95
2014,1.222,0.0,0.0,0.0,0.0,1.95
2015,1.2225,0.5,0.1,0.0,0.0015,1.95
2016,1.222,0.0,0.0,0.0,0.0,1.95
2017,1.2225,0.5,0.1,0.0,0.0015,1.95
2018,1.222,0.0,0.0,0.0,0.0,1.95
2019,1.222,0.0,0.0,0.0,0.0,1.95
2020,1.2225,0.5,0.1,0.0,0.0015,1.95
2021,1.222,0.0,0.0,0.0,0.0,1.95
2022,1.2225,0.5,0.1,0.0,0.0015,1.95
2023,1.222,0.0,0.0,0.0,0.0,1.95
2024,1.222,0.0,0.0,0.0,0.0,1.95
2025,1.2225,0.5,0.1,0.0,0.0015,1.95
2026,1.222,0.0,0.0,0.0,0.0,1.95
2027,1.222,0.0,0.0,0.0,0.0,1.95
2028,1.222,0.0,0.0,0.0,0.0,1.95
2029,1.222,0.0,0.0,0.0,0.0,1.95
2030,1.222,0.0,0.0,0.0,0.0,1.95
2031,1.222,0.0,0.0,0.0,0.0,1.95
2032,1.2225,0.5,0.1,0.0,0.0015,1.95
2033,1.2225,0.5,0.1,0.0,0.0015,1.95
2034,1.2225,0.5,0.1,0.0,0.0015,1.95
2035,1.2225,0.5,0.1,0.0,0.0015,1.95
2036,1.222,0.0,0.0,0.0,0.0,1.95
2037,1.222,0.0,0.0,0.0,0.0,1.95
2038,1.222,0.0,0.0,0.0,0.0,1.95
2039,1.2225,0.5,0.1,0.0,0.0015,1.95
2040,1.222,0.0,0.0,0.0,0.0,1.95
2041,1.222,0.0,0.0,0.0,0.0,1.95
2042,1.222,0.0,0.0,0.0,0.0,1.95
2043,1.222,0.0,0.0,0.0,0.0,1.95
2044,1.222,0.0,0.0,0.0,0.0,1.95
2045,1.2225,0.5,0.1,0.0,0.0015,1.95
2046,1.2225,0.5,0.1,0.0,0.0015,1.95
2047,1.2225,0.5,0.1,0.0,0.0015,1.95
2048,1.2225,0.5,0.1,0.0,0.0015,1.95
2049,1.222,0.0,0.0,0.0,0.0,1.95
2050,1.222,0.0,0.0,0.0,0.0,1.95
2051,1.2225,0.5,0.1,0.0,0.0015,1.95
2052,1.2225,0.5,0.1,0.0,0.0015,1.95
2053,1.222,0.0,0.0,0.0,0.0,1.95
2054,1.2225,0.5,0.1,0.0,0.0015,1.95
2055,1.2225,0.5,0.1,0.0,0.0015,1.95
2056,1.2225,0.5,0.1,0.0,0.0015,1.95
2057,1.222,0.0,0.0,0.0,0.0,1.95
2058,1.2225,0.5,0.1,0.0,0.0015,1.95
2059,1.222,0.0,0.0,0.0,0.0,1.95
2060,1.222,0.0,0.0,0.0,0.0,1.95
2061,1.222,0.0,0.0,0.0,0.0,1.95
2062,1.222,0.0,0.0,0.0,0.0,1.95
2063,1.222,0.0,0.0,0.0,0.0,1.95
2064,1.2225,0.5,0.1,0.0,0.0015,1.95
2065,1.2225,0.5,0.1,0.0,0.0015,1.95
2066,1.222,0.0,0.0,0.0,0.0,1.95
2067,1.2225,0.5,0.1,0.0,0.0015,1.95
2068,1.2225,0.5,0.1,0.0,0.0015,1.95
2069,1.222,0.0,0.0,0.0,0.0,1.95
2070,1.222,0.0,0.0,0.0,0.0,1.95
2071,1.2225,0.5,0.1,0.0,0.0015,1.95
2072,1.222,0.0,0.0,0.0,0.0,1.95
2073,1.222,0.0,0.0,0.0,0.0,1.95
2074,1.222,0.0,0.0,0.0,0.0,1.95
2075,1.2225,0.5,0.1,0.0,0.0015,1.95
2076,1.222,0.0,0.0,0.0,0.0,1.95
2077,1.222,0.0,0.0,0.0,0.0,1.95
2078,1.2225,0.5,0.1,0.0,0.0015,1.95
2079,1.222,0.0,0.0,0.0,0.0,1.95
2080,1.2225,0.5,0.1,0.0,0.0015,1.95
2081,1.2225,0.5,0.1,0.0,0.0015,1.95
2082,1.2225,0.5,0.1,0.0,0.0015,1.95
2083,1.222,0.0,0.0,0.0,0.0,1.95
2084,1.2225,0.5,0.1,0.0,0.0015,1.95
2085,1.222,0.0,0.0,0.0,0.0,1.95
2086,1.222,0.0,0.0,0.0,0.0,1.95
2087,1.2225,0.5,0.1,0.0,0.0015,1.95
2088,1.222,0.0,0.0,0.0,0.0,1.95
2089,1.2225,0.5,0.1,0.0,0.0015,1.95
2090,1.222,0.0,0.0,0.0,0.0,1.95
2091,1.2225,0.5,0.1,0.0,0.0015,1.95
2092,1.222,0.0,0.0,0.0,0.0,1.95
2093,1.222,0.0,0.0,0.0,0.0,1.95
2094,1.222,0.0,0.0,0.0,0.0,1.95
2095,1.2225,0.5,0.1,0.0,0.0015,1.95
2096,1.2225,0.5,0.1,0.0,0.0015,1.95
2097,1.222,0.0,0.0,0.0,0.0,1.95
2098,1.222,0.0,0.0,0.0,0.0,1.95
2099,1.2225,0.5,0.1,0.0,0.0015,1.95
2100,1.222,0.0,0.0,0.0,0.0,1.95
2101,1.222,0.0,0.0,0.0,0.0,1.95
2102,1.222,0.0,0.0,0.0,0.0,1.95
2103,1.2225,0.5,0.1,0.0,0.0015,1.95
2104,1.2225,0.5,0.1,0.0,0.0015,1.95
2105,1.2225,0.5,0.1,0.0,0.0015,1.95
2106,1.2225,0.5,0.1,0.0,0.0015,1.95
2107,1.222,0.0,0.0,0.0,0.0,1.95
2108,1.2225,0.5,0.1,0.0,0.0015,1.95
2109,1.2225,0.5,0.1,0.0,0.0015,1.95
2110,1.2225,0.5,0.1,0.0,0.0015,1.95
2111,1.2225,0.5,0.1,0.0,0.0015,1.95
2112,1.2225,0.5,0.1,0.0,0.0015,1.95
2113,1.2225,0.5,0.1,0.0,0.0015,1.95
2114,1.2225,0.5,0.1,0.0,0.0015,1.95
2115,1.2225,0.5,0.1,0.0,0.0015,1.95
2116,1.2225,0.5,0.1,0.0,0.0015,1.95
2117,1.222,0.0,0.0,0.0,0.0,1.95
2118,1.222,0.0,0.0,0.0,0.0,1.95
2119,1.222,0.0,0.0,0.0,0.0,1.95
2120,1.222,0.0,0.0,0.0,0.0,1.95
2121,1.2225,0.5,0.1,0.0,0.0015,1.95
2122,1.2225,0.5,0.1,0.0,0.0015,1.95
2123,1.2225,0.5,0.1,0.0,0.0015,1.95
2124,1.222,0.0,0.0,0.0,0.0,1.95
2125,1.2225,0.5,0.1,0.0,0.0015,1.95
2126,1.222,0.0,0.0,0.0,0.0,1.95
2127,1.222,0.0,0.0,0.0,0.0,1.95
2128,1.222,0.0,0.0,0.0,0.0,1.95
2129,1.222,0.0,0.0,0.0,0.0,1.95
2130,1.2225,0.5,0.1,0.0,0.0015,1.95
2131,1.222,0.0,0.0,0.0,0.0,1.95
2132,1.2225,0.5,0.1,0.0,0.0015,1.95
2133,1.2225,0.5,0.1,0.0,0.0015,1.95
2134,1.2225,0.5,0.1,0.0,0.0015,1.95
2135,1.2225,0.5,0.1,0.0,0.0015,1.95
2136,1.222,0.0,0.0,0.0,0.0,1.95
2137,1.2225,0.5,0.1,0.0,0.0015,1.95
2138,1.2225,0.5,0.1,0.0,0.0015,1.95
2139,1.2225,0.5,0.1,0.0,0.0015,1.95
2140,1.222,0.0,0.0,0.0,0.0,1.95
2141,1.222,0.0,0.0,0.0,0.0,1.95
2142,1.2225,0.5,0.1,0.0,0.0015,1.95
2143,1.222,0.0,0.0,0.0,0.0,1.95
2144,1.2225,0.5,0.1,0.0,0.0015,1.95
2145,1.222,0.0,0.0,0.0,0.0,1.95
2146,1.222,0.0,0.0,0.0,0.0,1.95
2147,1.2225,0.5,0.1,0.0,0.0015,1.95
2148,1.2225,0.5,0.1,0.0,0.0015,1.95
2149,1.2225,0.5,0.1,0.0,0.0015,1.95
2150,1.222,0.0,0.0,0.0,0.0,1.95
2151,1.222,0.0,0.0,0.0,0.0,1.95
2152,1.222,0.0,0.0,0.0,0.0,1.95
2153,1.2225,0.5,0.1,0.0,0.0015,1.95
2154,1.2225,0.5,0.1,0.0,0.0015,1.95
2155,1.2225,0.5,0.1,0.0,0.0015,1.95
2156,1.222,0.0,0.0,0.0,0.0,1.95
2157,1.222,0.0,0.0,0.0,0.0,1.95
2158,1.2225,0.5,0.1,0.0,0.0015,1.95
2159,1.222,0.0,0.0,0.0,0.0,1.95
2160,1.222,0.0,0.0,0.0,0.0,1.95
2161,1.222,0.0,0.0,0.0,0.0,1.95
2162,1.2225,0.5,0.1,0.0,0.0015,1.95
2163,1.222,0.0,0.0,0.0,0.0,1.95
2164,1.222,0.0,0.0,0.0,0.0,1.95
2165,1.222,0.0,0.0,0.0,0.0,1.95
2166,1.222,0.0,0.0,0.0,0.0,1.95
2167,1.222,0.0,0.0,0.0,0.0,1.95
2168,1.2225,0.5,0.1,0.0,0.0015,1.95
2169,1.222,0.0,0.0,0.0,0.0,1.95
2170,1.222,0.0,0.0,0.0,0.0,1.95
2171,1.222,0.0,0.0,0.0,0.0,1.95
2172,1.2225,0.5,0.1,0.0,0.0015,1.95
2173,1.222,0.0,0.0,0.0,0.0,1.95
2174,1.222,0.0,0.0,0.0,0.0,1.95
2175,1.2225,0.5,0.1,0.0,0.0015,1.95
2176,1.2225,0.5,0.1,0.0,0.0015,1.95
2177,1.2225,0.5,0.1,0.0,0.0015,1.95
2178,1.222,0.0,0.0,0.0,0.0,1.95
2179,1.2225,0.5,0.1,0.0,0.0015,1.95
2180,1.2225,0.5,0.1,0.0,0.0015,1.95
2181,1.2225,0.5,0.1,0.0,0.0015,1.95
2182,1.2225,0.5,0.1,0.0,0.0015,1.95
2183,1.222,0.0,0.0,0.0,0.0,1.95
2184,1.2225,0.5,0.1,0.0,0.0015,1.95
2185,1.2225,0.5,0.1,0.0,0.0015,1.95
2186,1.2225,0.5,0.1,0.0,0.0015,1.95
2187,1.2225,0.5,0.1,0.0,0.0015,1.95
2188,1.222,0.0,0.0,0.0,0.0,1.95
2189,1.222,0.0,0.0,0.0,0.0,1.95
2190,1.2225,0.5,0.1,0.0,0.0015,1.95
2191,1.222,0.0,0.0,0.0,0.0,1.95
2192,1.2225,0.5,0.1,0.0,0.0015,1.95
2193,1.2225,0.5,0.1,0.0,0.0015,1.95
2194,1.222,0.0,0.0,0.0,0.0,1.95
2195,1.2225,0.5,0.1,0.0,0.0015,1.95
2196,1.222,0.0,0.0,0.0,0.0,1.95
2197,1.2225,0.5,0.1,0.0,0.0015,1.95
2198,1.2225,0.5,0.1,0.0,0.0015,1.95
2199,1.222,0.0,0.0,0.0,0.0,1.95
2200,1.2225,0.5,0.1,0.0,0.0015,1.95
2201,1.2225,0.5,0.1,0.0,0.0015,1.95
2202,1.2225,0.5,0.1,0.0,0.0015,1.95
2203,1.222,0.0,0.0,0.0,0.0,1.95
2204,1.2225,0.5,0.1,0.0,0.0015,1.95
2205,1.222,0.0,0.0,0.0,0.0,1.95
2206,1.2225,0.5,0.1,0.0,0.0015,1.95
2207,1.222,0.0,0.0,0.0,0.0,1.95
2208,1.222,0.0,0.0,0.0,0.0,1.95
2209,1.222,0.0,0.0,0.0,0.0,1.95
2210,1.222,0.0,0.0,0.0,0.0,1.95
2211,1.222,0.0,0.0,0.0,0.0,1.95
2212,1.222,0.0,0.0,0.0,0.0,1.95
2213,1.222,0.0,0.0,0.0,0.0,1.95
2214,1.222,0.0,0.0,0.0,0.0,1.95
2215,1.222,0.0,0.0,0.0,0.0,1.95
2216,1.2225,0.5,0.1,0.0,0.0015,1.95
2217,1.2225,0.5,0.1,0.0,0.0015,1.95
2218,1.222,0.0,0.0,0.0,0.0,1.95
2219,1.222,0.0,0.0,0.0,0.0,1.95
2220,1.222,0.0,0.0,0.0,0.0,1.95
2221,1.222,0.0,0.0,0.0,0.0,1.95
2222,1.2225,0.5,0.1,0.0,0.0015,1.95
2223,1.222,0.0,0.0,0.0,0.0,1.95
2224,1.2225,0.5,0.1,0.0,0.0015,1.95
2225,1.222,0.0,0.0,0.0,0.0,1.95
2226,1.222,0.0,0.0,0.0,0.0,1.95
2227,1.2225,0.5,0.1,0.0,0.0015,1.95
2228,1.2225,0.5,0.1,0.0,0.0015,1.95
2229,1.2225,0.5,0.1,0.0,0.0015,1.95
2230,1.222,0.0,0.0,0.0,0.0,1.95
2231,1.222,0.0,0.0,0.0,0.0,1.95
2232,1.2225,0.5,0.1,0.0,0.0015,1.95
2233,1.222,0.0,0.0,0.0,0.0,1.95
2234,1.222,0.0,0.0,0.0,0.0,1.95
2235,1.2225,0.5,0.1,0.0,0.0015,1.95
2236,1.2225,0.5,0.1,0.0,0.0015,1.95
2237,1.222,0.0,0.0,0.0,0.0,1.95
2238,1.2225,0.5,0.1,0.0,0.0015,1.95
2239,1.222,0.0,0.0,0.0,0.0,1.95
2240,1.2225,0.5,0.1,0.0,0.0015,1.95
2241,1.222,0.0,0.0,0.0,0.0,1.95
2242,1.222,0.0,0.0,0.0,0.0,1.95
2243,1.222,0.0,0.0,0.0,0.0,1.95
2244,1.222,0.0,0.0,0.0,0.0,1.95
2245,1.222,0.0,0.0,0.0,0.0,1.95
2246,1.2225,0.5,0.1,0.0,0.0015,1.95
2247,1.222,0.0,0.0,0.0,0.0,1.95
2248,1.222,0.0,0.0,0.0,0.0,1.95
2249,1.222,0.0,0.0,0.0,0.0,1.95
2250,1.222,0.0,0.0,0.0,0.0,1.95
2251,1.222,0.0,0.0,0.0,0.0,1.95
2252,1.2225,0.5,0.1,0.0,0.0015,1.95
2253,1.222,0.0,0.0,0.0,0.0,1.95
2254,1.2225,0.5,0.1,0.0,0.0015,1.95
2255,1.2225,0.5,0.1,0.0,0.0015,1.95
2256,1.2225,0.5,0.1,0.0,0.0015,1.95
2257,1.2225,0.5,0.1,0.0,0.0015,1.95
2258,1.222,0.0,0.0,0.0,0.0,1.95
2259,1.2225,0.5,0.1,0.0,0.0015,1.95
2260,1.222,0.0,0.0,0.0,0.0,1.95
2261,1.222,0.0,0.0,0.0,0.0,1.95
2262,1.2225,0.5,0.1,0.0,0.0015,1.95
2263,1.2225,0.5,0.1,0.0,0.0015,1.95
2264,1.2225,0.5,0.1,0.0,0.0015,1.95
2265,1.222,0.0,0.0,0.0,0.0,1.95
2266,1.2225,0.5,0.1,0.0,0.0015,1.95
2267,1.222,0.0,0.0,0.0,0.0,1.95
2268,1.2225,0.5,0.1,0.0,0.0015,1.95
2269,1.2225,0.5,0.1,0.0,0.0015,1.95
2270,1.222,0.0,0.0,0.0,0.0,1.95
2271,1.2225,0.5,0.1,0.0,0.0015,1.95
2272,1.222,0.0,0.0,0.0,0.0,1.95
2273,1.2225,0.5,0.1,0.0,0.0015,1.95
2274,1.222,0.0,0.0,0.0,0.0,1.95
2275,1.222,0.0,0.0,0.0,0.0,1.95
2276,1.2225,0.5,0.1,0.0,0.0015,1.95
2277,1.222,0.0,0.0,0.0,0.0,1.95
2278,1.222,0.0,0.0,0.0,0.0,1.95
2279,1.222,0.0,0.0,0.0,0.0,1.95
2280,1.2225,0.5,0.1,0.0,0.0015,1.95
2281,1.222,0.0,0.0,0.0,0.0,1.95
2282,1.2225,0.5,0.1,0.0,0.0015,1.95
2283,1.2225,0.5,0.1,0.0,0.0015,1.95
2284,1.2225,0.5,0.1,0.0,0.0015,1.95
2285,1.222,0.0,0.0,0.0,0.0,1.95
2286,1.2225,0.5,0.1,0.0,0.0015,1.95
2287,1.222,0.0,0.0,0.0,0.0,1.95
2288,1.222,0.0,0.0,0.0,0.0,1.95
2289,1.2225,0.5,0.1,0.0,0.0015,1.95
2290,1.222,0.0,0.0,0.0,0.0,1.95
2291,1.2225,0.5,0.1,0.0,0.0015,1.95
2292,1.222,0.0,0.0,0.0,0.0,1.95
2293,1.222,0.0,0.0,0.0,0.0,1.95
2294,1.222,0.0,0.0,0.0,0.0,1.95
2295,1.222,0.0,0.0,0.0,0.0,1.95
2296,1.2225,0.5,0.1,0.0,0.0015,1.95
2297,1.222,0.0,0.0,0.0,0.0,1.95
2298,1.2225,0.5,0.1,0.0,0.0015,1.95
2299,1.2225,0.5,0.1,0.0,0.0015,1.95
2300,1.222,0.0,0.0,0.0,0.0,1.95
2301,1.222,0.0,0.0,0.0,0.0,1.95
2302,1.2225,0.5,0.1,0.0,0.0015,1.95
2303,1.2225,0.5,0.1,0.0,0.0015,1.95
2304,1.222,0.0,0.0,0.0,0.0,1.95
2305,1.222,0.0,0.0,0.0,0.0,1.95
2306,1.222,0.0,0.0,0.0,0.0,1.95
2307,1.222,0.0,0.0,0.0,0.0,1.95
2308,1.2225,0.5,0.1,0.0,0.0015,1.95
2309,1.222,0.0,0.0,0.0,0.0,1.95
2310,1.2225,0.5,0.1,0.0,0.0015,1.95
2311,1.222,0.0,0.0,0.0,0.0,1.95
2312,1.2225,0.5,0.1,0.0,0.0015,1.95
2313,1.2225,0.5,0.1,0.0,0.0015,1.95
2314,1.2225,0.5,0.1,0.0,0.0015,1.95
2315,1.2225,0.5,0.1,0.0,0.0015,1.95
2316,1.2225,0.5,0.1,0.0,0.0015,1.95
2317,1.2225,0.5,0.1,0.0,0.0015,1.95
2318,1.222,0.0,0.0,0.0,0.0,1.95
2319,1.2225,0.5,0.1,0.0,0.0015,1.95
2320,1.2225,0.5,0.1,0.0,0.0015,1.95
2321,1.222,0.0,0.0,0.0,0.0,1.95
2322,1.2225,0.5,0.1,0.0,0.0015,1.95
2323,1.2225,0.5,0.1,0.0,0.0015,1.95
2324,1.222,0.0,0.0,0.0,0.0,1.95
2325,1.2225,0.5,0.1,0.0,0.0015,1.95
2326,1.222,0.0,0.0,0.0,0.0,1.95
2327,1.222,0.0,0.0,0.0,0.0,1.95
2328,1.222,0.0,0.0,0.0,0.0,1.95
2329,1.2225,0.5,0.1,0.0,0.0015,1.95
2330,1.222,0.0,0.0,0.0,0.0,1.95
2331,1.2225,0.5,0.1,0.0,0.0015,1.95
2332,1.2225,0.5,0.1,0.0,0.0015,1.95
2333,1.2225,0.5,0.1,0.0,0.0015,1.95
2334,1.2225,0.5,0.1,0.0,0.0015,1.95
2335,1.2225,0.5,0.1,0.0,0.0015,1.95
2336,1.222,0.0,0.0,0.0,0.0,1.95
2337,1.2225,0.5,0.1,0.0,0.0015,1.95
2338,1.222,0.0,0.0,0.0,0.0,1.95
2339,1.222,0.0,0.0,0.0,0.0,1.95
2340,1.2225,0.5,0.1,0.0,0.0015,1.95
2341,1.222,0.0,0.0,0.0,0.0,1.95
2342,1.2225,0.5,0.1,0.0,0.0015,1.95
2343,1.222,0.0,0.0,0.0,0.0,1.95
2344,1.222,0.0,0.0,0.0,0.0,1.95
2345,1.222,0.0,0.0,0.0,0.0,1.95
2346,1.222,0.0,0.0,0.0,0.0,1.95
2347,1.222,0.0,0.0,0.0,0.0,1.95
2348,1.2225,0.5,0.1,0.0,0.0015,1.95
2349,1.2225,0.5,0.1,0.0,0.0015,1.95
2350,1.2225,0.5,0.1,0.0,0.0015,1.95
2351,1.222,0.0,0.0,0.0,0.0,1.95
2352,1.222,0.0,0.0,0.0,0.0,1.95
2353,1.2225,0.5,0.1,0.0,0.0015,1.95
2354,1.222,0.0,0.0,0.0,0.0,1.95
2355,1.2225,0.5,0.1,0.0,0.0015,1.95
2356,1.222,0.0,0.0,0.0,0.0,1.95
2357,1.2225,0.5,0.1,0.0,0.0015,1.95
2358,1.2225,0.5,0.1,0.0,0.0015,1.95
2359,1.2225,0.5,0.1,0.0,0.0015,1.95
2360,1.222,0.0,0.0,0.0,0.0,1.95
2361,1.222,0.0,0.0,0.0,0.0,1.95
2362,1.222,0.0,0.0,0.0,0.0,1.95
2363,1.222,0.0,0.0,0.0,0.0,1.95
2364,1.222,0.0,0.0,0.0,0.0,1.95
2365,1.222,0.0,0.0,0.0,0.0,1.95
2366,1.2225,0.5,0.1,0.0,0.0015,1.95
2367,1.222,0.0,0.0,0.0,0.0,1.95
2368,1.2225,0.5,0.1,0.0,0.0015,1.95
2369,1.2225,0.5,0.1,0.0,0.0015,1.95
2370,1.2225,0.5,0.1,0.0,0.0015,1.95
2371,1.222,0.0,0.0,0.0,0.0,1.95
2372,1.2225,0.5,0.1,0.0,0.0015,1.95
2373,1.2225,0.5,0.1,0.0,0.0015,1.95
2374,1.2225,0.5,0.1,0.0,0.0015,1.95
2375,1.2225,0.5,0.1,0.0,0.0015,1.95
2376,1.2225,0.5,0.1,0.0,0.0015,1.95
2377,1.2225,0.5,0.1,0.0,0.0015,1.95
2378,1.222,0.0,0.0,0.0,0.0,1.95
2379,1.2225,0.5,0.1,0.0,0.0015,1.95
2380,1.2225,0.5,0.1,0.0,0.0015,1.95
2381,1.2225,0.5,0.1,0.0,0.0015,1.95
2382,1.2225,0.5,0.1,0.0,0.0015,1.95
2383,1.222,0.0,0.0,0.0,0.0,1.95
2384,1.2225,0.5,0.1,0.0,0.0015,1.95
2385,1.2225,0.5,0.1,0.0,0.0015,1.95
2386,1.2225,0.5,0.1,0.0,0.0015,1.95
2387,1.222,0.0,0.0,0.0,0.0,1.95
2388,1.2225,0.5,0.1,0.0,0.0015,1.95
2389,1.2225,0.5,0.1,0.0,0.0015,1.95
2390,1.2225,0.5,0.1,0.0,0.0015,1.95
2391,1.222,0.0,0.0,0.0,0.0,1.95
2392,1.222,0.0,0.0,0.0,0.0,1.95
2393,1.2225,0.5,0.1,0.0,0.0015,1.95
2394,1.2225,0.5,0.1,0.0,0.0015,1.95
2395,1.222,0.0,0.0,0.0,0.0,1.95
2396,1.222,0.0,0.0,0.0,0.0,1.95
2397,1.2225,0.5,0.1,0.0,0.0015,1.95
2398,1.222,0.0,0.0,0.0,0.0,1.95
2399,1.222,0.0,0.0,0.0,0.0,1.95
2400,1.2225,0.5,0.1,0.0,0.0015,1.95
2401,1.2225,0.5,0.1,0.0,0.0015,1.95
2402,1.222,0.0,0.0,0.0,0.0,1.95
2403,1.2225,0.5,0.1,0.0,0.0015,1.95
2404,1.222,0.0,0.0,0.0,0.0,1.95
2405,1.2225,0.5,0.1,0.0,0.0015,1.95
2406,1.2225,0.5,0.1,0.0,0.0015,1.95
2407,1.2225,0.5,0.1,0.0,0.0015,1.95
2408,1.2225,0.5,0.1,0.0,0.0015,1.95
2409,1.222,0.0,0.0,0.0,0.0,1.95
2410,1.222,0.0,0.0,0.0,0.0,1.95
2411,1.222,0.0,0.0,0.0,0.0,1.95
2412,1.222,0.0,0.0,0.0,0.0,1.95
2413,1.2225,0.5,0.1,0.0,0.0015,1.95
2414,1.2225,0.5,0.1,0.0,0.0015,1.95
2415,1.222,0.0,0.0,0.0,0.0,1.95
2416,1.222,0.0,0.0,0.0,0.0,1.95
2417,1.222,0.0,0.0,0.0,0.0,1.95
2418,1.222,0.0,0.0,0.0,0.0,1.95
2419,1.222,0.0,0.0,0.0,0.0,1.95
2420,1.2225,0.5,0.1,0.0,0.0015,1.95
2421,1.2225,0.5,0.1,0.0,0.0015,1.95
2422,1.2225,0.5,0.1,0.0,0.0015,1.95
2423,1.222,0.0,0.0,0.0,0.0,1.95
2424,1.222,0.0,0.0,0.0,0.0,1.95
2425,1.222,0.0,0.0,0.0,0.0,1.95
2426,1.222,0.0,0.0,0.0,0.0,1.95
2427,1.222,0.0,0.0,0.0,0.0,1.95
2428,1.2225,0.5,0.1,0.0,0.0015,1.95
2429,1.222,0.0,0.0,0.0,0.0,1.95
2430,1.2225,0.5,0.1,0.0,0.0015,1.95
2431,1.2225,0.5,0.1,0.0,0.0015,1.95
2432,1.2225,0.5,0.1,0.0,0.0015,1.95
2433,1.2225,0.5,0.1,0.0,0.0015,1.95
2434,1.2225,0.5,0.1,0.0,0.0015,1.95
2435,1.2225,0.5,0.1,0.0,0.0015,1.95
2436,1.222,0.0,0.0,0.0,0.0,1.95
2437,1.2225,0.5,0.1,0.0,0.0015,1.95
2438,1.222,0.0,0.0,0.0,0.0,1.95
2439,1.2225,0.5,0.1,0.0,0.0015,1.95
2440,1.222,0.0,0.0,0.0,0.0,1.95
2441,1.222,0.0,0.0,0.0,0.0,1.95
2442,1.2225,0.5,0.1,0.0,0.0015,1.95
2443,1.2225,0.5,0.1,0.0,0.0015,1.95
2444,1.2225,0.5,0.1,0.0,0.0015,1.95
2445,1.2225,0.5,0.1,0.0,0.0015,1.95
2446,1.222,0.0,0.0,0.0,0.0,1.95
2447,1.2225,0.5,0.1,0.0,0.0015,1.95
2448,1.2225,0.5,0.1,0.0,0.0015,1.95
2449,1.2225,0.5,0.1,0.0,0.0015,1.95
2450,1.222,0.0,0.0,0.0,0.0,1.95
2451,1.222,0.0,0.0,0.0,0.0,1.95
2452,1.2225,0.5,0.1,0.0,0.0015,1.95
2453,1.2225,0.5,0.1,0.0,0.0015,1.95
2454,1.2225,0.5,0.1,0.0,0.0015,1.95
2455,1.2225,0.5,0.1,0.0,0.0015,1.95
2456,1.2225,0.5,0.1,0.0,0.0015,1.95
2457,1.2225,0.5,0.1,0.0,0.0015,1.95
2458,1.2225,0.5,0.1,0.0,0.0015,1.95
2459,1.2225,0.5,0.1,0.0,0.0015,1.95
2460,1.222,0.0,0.0,0.0,0.0,1.95
2461,1.222,0.0,0.0,0.0,0.0,1.95
2462,1.2225,0.5,0.1,0.0,0.0015,1.95
2463,1.222,0.0,0.0,0.0,0.0,1.95
2464,1.2225,0.5,0.1,0.0,0.0015,1.95
2465,1.222,0.0,0.0,0.0,0.0,1.95
2466,1.222,0.0,0.0,0.0,0.0,1.95
2467,1.2225,0.5,0.1,0.0,0.0015,1.95
2468,1.222,0.0,0.0,0.0,0.0,1.95
2469,1.222,0.0,0.0,0.0,0.0,1.95
2470,1.222,0.0,0.0,0.0,0.0,1.95
2471,1.2225,0.5,0.1,0.0,0.0015,1.95
2472,1.2225,0.5,0.1,0.0,0.0015,1.95
2473,1.222,0.0,0.0,0.0,0.0,1.95
2474,1.222,0.0,0.0,0.0,0.0,1.95
2475,1.222,0.0,0.0,0.0,0.0,1.95
2476,1.2225,0.5,0.1,0.0,0.0015,1.95
2477,1.222,0.0,0.0,0.0,0.0,1.95
2478,1.222,0.0,0.0,0.0,0.0,1.95
2479,1.222,0.0,0.0,0.0,0.0,1.95
2480,1.2225,0.5,0.1,0.0,0.0015,1.95
2481,1.222,0.0,0.0,0.0,0.0,1.95
2482,1.222,0.0,0.0,0.0,0.0,1.95
2483,1.222,0.0,0.0,0.0,0.0,1.95
2484,1.222,0.0,0.0,0.0,0.0,1.95
2485,1.2225,0.5,0.1,0.0,0.0015,1.95
2486,1.2225,0.5,0.1,0.0,0.0015,1.95
2487,1.2225,0.5,0.1,0.0,0.0015,1.95
2488,1.2225,0.5,0.1,0.0,0.0015,1.95
2489,1.222,0.0,0.0,0.0,0.0,1.95
2490,1.2225,0.5,0.1,0.0,0.0015,1.95
2491,1.222,0.0,0.0,0.0,0.0,1.95
2492,1.222,0.0,0.0,0.0,0.0,1.95
2493,1.2225,0.5,0.1,0.0,0.0015,1.95
2494,1.2225,0.5,0.1,0.0,0.0015,1.95
2495,1.2225,0.5,0.1,0.0,0.0015,1.95
2496,1.2225,0.5,0.1,0.0,0.0015,1.95
2497,1.222,0.0,0.0,0.0,0.0,1.95
2498,1.222,0.0,0.0,0.0,0.0,1.95
2499,1.222,0.0,0.0,0.0,0.0,1.95
2500,1.222,0.0,0.0,0.0,0.0,1.95
2501,1.222,0.0,0.0,0.0,0.0,1.95
2502,1.2225,0.5,0.1,0.0,0.0015,1.95
2503,1.222,0.0,0.0,0.0,0.0,1.95
2504,1.2225,0.5,0.1,0.0,0.0015,1.95
2505,1.2225,0.5,0.1,0.0,0.0015,1.95
2506,1.222,0.0,0.0,0.0,0.0,1.95
2507,1.2225,0.5,0.1,0.0,0.0015,1.95
2508,1.222,0.0,0.0,0.0,0.0,1.95
2509,1.222,0.0,0.0,0.0,0.0,1.95
2510,1.2225,0.5,0.1,0.0,0.0015,1.95
2511,1.222,0.0,0.0,0.0,0.0,1.95
2512,1.222,0.0,0.0,0.0,0.0,1.95
2513,1.2225,0.5,0.1,0.0,0.0015,1.95
2514,1.222,0.0,0.0,0.0,0.0,1.95
2515,1.222,0.0,0.0,0.0,0.0,1.95
2516,1.2225,0.5,0.1,0.0,0.0015,1.95
2517,1.222,0.0,0.0,0.0,0.0,1.95
2518,1.222,0.0,0.0,0.0,0.0,1.95
2519,1.2225,0.5,0.1,0.0,0.0015,1.95
2520,1.222,0.0,0.0,0.0,0.0,1.95
2521,1.222,0.0,0.0,0.0,0.0,1.95
2522,1.2225,0.5,0.1,0.0,0.0015,1.95
2523,1.222,0.0,0.0,0.0,0.0,1.95
2524,1.222,0.0,0.0,0.0,0.0,1.95
2525,1.222,0.0,0.0,0.0,0.0,1.95
2526,1.222,0.0,0.0,0.0,0.0,1.95
2527,1.222,0.0,0.0,0.0,0.0,1.95
2528,1.222,0.0,0.0,0.0,0.0,1.95
2529,1.2225,0.5,0.1,0.0,0.0015,1.95
2530,1.2225,0.5,0.1,0.0,0.0015,1.95
2531,1.222,0.0,0.0,0.0,0.0,1.95
2532,1.2225,0.5,0.1,0.0,0.0015,1.95
2533,1.2225,0.5,0.1,0.0,0.0015,1.95
2534,1.2225,0.5,0.1,0.0,0.0015,1.95
2535,1.2225,0.5,0.1,0.0,0.0015,1.95
2536,1.2225,0.5,0.1,0.0,0.0015,1.95
2537,1.222,0.0,0.0,0.0,0.0,1.95
2538,1.2225,0.5,0.1,0.0,0.0015,1.95
2539,1.222,0.0,0.0,0.0,0.0,1.95
2540,1.2225,0.5,0.1,0.0,0.0015,1.95
2541,1.222,0.0,0.0,0.0,0.0,1.95
2542,1.222,0.0,0.0,0.0,0.0,1.95
2543,1.2225,0.5,0.1,0.0,0.0015,1.95
2544,1.222,0.0,0.0,0.0,0.0,1.95
2545,1.222,0.0,0.0,0.0,0.0,1.95
2546,1.2225,0.5,0.1,0.0,0.0015,1.95
2547,1.2225,0.5,0.1,0.0,0.0015,1.95
2548,1.222,0.0,0.0,0.0,0.0,1.95
2549,1.2225,0.5,0.1,0.0,0.0015,1.95
2550,1.2225,0.5,0.1,0.0,0.0015,1.95
2551,1.222,0.0,0.0,0.0,0.0,1.95
2552,1.2225,0.5,0.1,0.0,0.0015,1.95
2553,1.2225,0.5,0.1,0.0,0.0015,1.95
2554,1.2225,0.5,0.1,0.0,0.0015,1.95
2555,1.2225,0.5,0.1,0.0,0.0015,1.95
2556,1.222,0.0,0.0,0.0,0.0,1.95
2557,1.222,0.0,0.0,0.0,0.0,1.95
2558,1.222,0.0,0.0,0.0,0.0,1.95
2559,1.2225,0.5,0.1,0.0,0.0015,1.95
2560,1.2225,0.5,0.1,0.0,0.0015,1.95
2561,1.222,0.0,0.0,0.0,0.0,1.95
2562,1.2225,0.5,0.1,0.0,0.0015,1.95
2563,1.222,0.0,0.0,0.0,0.0,1.95
2564,1.2225,0.5,0.1,0.0,0.0015,1.95
2565,1.2225,0.5,0.1,0.0,0.0015,1.95
2566,1.2225,0.5,0.1,0.0,0.0015,1.95
2567,1.222,0.0,0.0,0.0,0.0,1.95
2568,1.2225,0.5,0.1,0.0,0.0015,1.95
2569,1.222,0.0,0.0,0.0,0.0,1.95
2570,1.2225,0.5,0.1,0.0,0.0015,1.95
2571,1.2225,0.5,0.1,0.0,0.0015,1.95
2572,1.2225,0.5,0.1,0.0,0.0015,1.95
2573,1.222,0.0,0.0,0.0,0.0,1.95
2574,1.222,0.0,0.0,0.0,0.0,1.95
2575,1.222,0.0,0.0,0.0,0.0,1.95
2576,1.222,0.0,0.0,0.0,0.0,1.95
2577,1.2225,0.5,0.1,0.0,0.0015,1.95
2578,1.2225,0.5,0.1,0.0,0.0015,1.95
2579,1.2225,0.5,0.1,0.0,0.0015,1.95
2580,1.222,0.0,0.0,0.0,0.0,1.95
2581,1.2225,0.5,0.1,0.0,0.0015,1.95
2582,1.222,0.0,0.0,0.0,0.0,1.95
2583,1.222,0.0,0.0,0.0,0.0,1.95
2584,1.2225,0.5,0.1,0.0,0.0015,1.95
2585,1.2225,0.5,0.1,0.0,0.0015,1.95
2586,1.2225,0.5,0.1,0.0,0.0015,1.95
2587,1.222,0.0,0.0,0.0,0.0,1.95
2588,1.2225,0.5,0.1,0.0,0.0015,1.95
2589,1.222,0.0,0.0,0.0,0.0,1.95
2590,1.222,0.0,0.0,0.0,0.0,1.95
2591,1.222,0.0,0.0,0.0,0.0,1.95
2592,1.222,0.0,0.0,0.0,0.0,1.95
2593,1.222,0.0,0.0,0.0,0.0,1.95
2594,1.222,0.0,0.0,0.0,0.0,1.95
2595,1.222,0.0,0.0,0.0,0.0,1.95
2596,1.2225,0.5,0.1,0.0,0.0015,1.95
2597,1.222,0.0,0.0,0.0,0.0,1.95
2598,1.2225,0.5,0.1,0.0,0.0015,1.95
2599,1.222,0.0,0.0,0.0,0.0,1.95
2600,1.222,0.0,0.0,0.0,0.0,1.95
2601,1.222,0.0,0.0,0.0,0.0,1.95
2602,1.2225,0.5,0.1,0.0,0.0015,1.95
2603,1.2225,0.5,0.1,0.0,0.0015,1.95
2604,1.222,0.0,0.0,0.0,0.0,1.95
2605,1.222,0.0,0.0,0.0,0.0,1.95
2606,1.2225,0.5,0.1,0.0,0.0015,1.95
2607,1.222,0.0,0.0,0.0,0.0,1.95
2608,1.222,0.0,0.0,0.0,0.0,1.95
2609,1.222,0.0,0.0,0.0,0.0,1.95
2610,1.222,0.0,0.0,0.0,0.0,1.95
2611,1.2225,0.5,0.1,0.0,0.0015,1.95
2612,1.222,0.0,0.0,0.0,0.0,1.95
2613,1.222,0.0,0.0,0.0,0.0,1.95
2614,1.2225,0.5,0.1,0.0,0.0015,1.95
2615,1.2225,0.5,0.1,0.0,0.0015,1.95
2616,1.222,0.0,0.0,0.0,0.0,1.95
2617,1.222,0.0,0.0,0.0,0.0,1.95
2618,1.222,0.0,0.0,0.0,0.0,1.95
2619,1.222,0.0,0.0,0.0,0.0,1.95
2620,1.2225,0.5,0.1,0.0,0.0015,1.95
2621,1.2225,0.5,0.1,0.0,0.0015,1.95
2622,1.222,0.0,0.0,0.0,0.0,1.95
2623,1.2225,0.5,0.1,0.0,0.0015,1.95
2624,1.2225,0.5,0.1,0.0,0.0015,1.95
2625,1.222,0.0,0.0,0.0,0.0,1.95
2626,1.2225,0.5,0.1,0.0,0.0015,1.95
2627,1.222,0.0,0.0,0.0,0.0,1.95
2628,1.222,0.0,0.0,0.0,0.0,1.95
2629,1.222,0.0,0.0,0.0,0.0,1.95
2630,1.222,0.0,0.0,0.0,0.0,1.95
2631,1.2225,0.5,0.1,0.0,0.0015,1.95
2632,1.2225,0.5,0.1,0.0,0.0015,1.95
2633,1.222,0.0,0.0,0.0,0.0,1.95
2634,1.222,0.0,0.0,0.0,0.0,1.95
2635,1.2225,0.5,0.1,0.0,0.0015,1.95
2636,1.222,0.0,0.0,0.0,0.0,1.95
2637,1.222,0.0,0.0,0.0,0.0,1.95
2638,1.222,0.0,0.0,0.0,0.0,1.95
2639,1.222,0.0,0.0,0.0,0.0,1.95
2640,1.2225,0.5,0.1,0.0,0.0015,1.95
2641,1.2225,0.5,0.1,0.0,0.0015,1.95
2642,1.2225,0.5,0.1,0.0,0.0015,1.95
2643,1.222,0.0,0.0,0.0,0.0,1.95
2644,1.2225,0.5,0.1,0.0,0.0015,1.95
2645,1.222,0.0,0.0,0.0,0.0,1.95
2646,1.222,0.0,0.0,0.0,0.0,1.95
2647,1.2225,0.5,0.1,0.0,0.0015,1.95
2648,1.222,0.0,0.0,0.0,0.0,1.95
2649,1.222,0.0,0.0,0.0,0.0,1.95
2650,1.222,0.0,0.0,0.0,0.0,1.95
2651,1.222,0.0,0.0,0.0,0.0,1.95
2652,1.2225,0.5,0.1,0.0,0.0015,1.95
2653,1.2225,0.5,0.1,0.0,0.0015,1.95
2654,1.222,0.0,0.0,0.0,0.0,1.95
2655,1.2225,0.5,0.1,0.0,0.0015,1.95
2656,1.222,0.0,0.0,0.0,0.0,1.95
2657,1.2225,0.5,0.1,0.0,0.0015,1.95
2658,1.2225,0.5,0.1,0.0,0.0015,1.95
2659,1.222,0.0,0.0,0.0,0.0,1.95
2660,1.222,0.0,0.0,0.0,0.0,1.95
2661,1.2225,0.5,0.1,0.0,0.0015,1.95
2662,1.222,0.0,0.0,0.0,0.0,1.95
2663,1.2225,0.5,0.1,0.0,0.0015,1.95
2664,1.2225,0.5,0.1,0.0,0.0015,1.95
2665,1.222,0.0,0.0,0.0,0.0,1.95
2666,1.222,0.0,0.0,0.0,0.0,1.95
2667,1.222,0.0,0.0,0.0,0.0,1.95
2668,1.2225,0.5,0.1,0.0,0.0015,1.95
2669,1.222,0.0,0.0,0.0,0.0,1.95
2670,1.2225,0.5,0.1,0.0,0.0015,1.95
2671,1.222,0.0,0.0,0.0,0.0,1.95
2672,1.222,0.0,0.0,0.0,0.0,1.95
2673,1.2225,0.5,0.1,0.0,0.0015,1.95
2674,1.222,0.0,0.0,0.0,0.0,1.95
2675,1.2225,0.5,0.1,0.0,0.0015,1.95
2676,1.222,0.0,0.0,0.0,0.0,1.95
2677,1.222,0.0,0.0,0.0,0.0,1.95
2678,1.222,0.0,0.0,0.0,0.0,1.95
2679,1.2225,0.5,0.1,0.0,0.0015,1.95
2680,1.2225,0.5,0.1,0.0,0.0015,1.95
2681,1.222,0.0,0.0,0.0,0.0,1.95
2682,1.222,0.0,0.0,0.0,0.0,1.95
2683,1.2225,0.5,0.1,0.0,0.0015,1.95
2684,1.2225,0.5,0.1,0.0,0.0015,1.95
2685,1.222,0.0,0.0,0.0,0.0,1.95
2686,1.222,0.0,0.0,0.0,0.0,1.95
2687,1.2225,0.5,0.1,0.0,0.0015,1.95
2688,1.2225,0.5,0.1,0.0,0.0015,1.95
2689,1.222,0.0,0.0,0.0,0.0,1.95
2690,1.222,0.0,0.0,0.0,0.0,1.95
2691,1.222,0.0,0.0,0.0,0.0,1.95
2692,1.222,0.0,0.0,0.0,0.0,1.95
2693,1.222,0.0,0.0,0.0,0.0,1.95
2694,1.222,0.0,0.0,0.0,0.0,1.95
2695,1.222,0.0,0.0,0.0,0.0,1.95
2696,1.2225,0.5,0.1,0.0,0.0015,1.95
2697,1.222,0.0,0.0,0.0,0.0,1.95
2698,1.2225,0.5,0.1,0.0,0.0015,1.95
2699,1.2225,0.5,0.1,0.0,0.0015,1.95
2700,1.2225,0.5,0.1,0.0,0.0015,1.95
2701,1.222,0.0,0.0,0.0,0.0,1.95
2702,1.2225,0.5,0.1,0.0,0.0015,1.95
2703,1.222,0.0,0.0,0.0,0.0,1.95
2704,1.222,0.0,0.0,0.0,0.0,1.95
2705,1.222,0.0,0.0,0.0,0.0,1.95
2706,1.222,0.0,0.0,0.0,0.0,1.95
2707,1.222,0.0,0.0,0.0,0.0,1.95
2708,1.222,0.0,0.0,0.0,0.0,1.95
2709,1.222,0.0,0.0,0.0,0.0,1.95
2710,1.2225,0.5,0.1,0.0,0.0015,1.95
2711,1.222,0.0,0.0,0.0,0.0,1.95
2712,1.2225,0.5,0.1,0.0,0.0015,1.95
2713,1.222,0.0,0.0,0.0,0.0,1.95
2714,1.222,0.0,0.0,0.0,0.0,1.95
2715,1.2225,0.5,0.1,0.0,0.0015,1.95
2716,1.222,0.0,0.0,0.0,0.0,1.95
2717,1.2225,0.5,0.1,0.0,0.0015,1.95
2718,1.2225,0.5,0.1,0.0,0.0015,1.95
2719,1.222,0.0,0.0,0.0,0.0,1.95
2720,1.2225,0.5,0.1,0.0,0.0015,1.95
2721,1.2225,0.5,0.1,0.0,0.0015,1.95
2722,1.2225,0.5,0.1,0.0,0.0015,1.95
2723,1.222,0.0,0.0,0.0,0.0,1.95
2724,1.222,0.0,0.0,0.0,0.0,1.95
2725,1.2225,0.5,0.1,0.0,0.0015,1.95
2726,1.2225,0.5,0.1,0.0,0.0015,1.95
2727,1.222,0.0,0.0,0.0,0.0,1.95
2728,1.2225,0.5,0.1,0.0,0.0015,1.95
2729,1.222,0.0,0.0,0.0,0.0,1.95
2730,1.222,0.0,0.0,0.0,0.0,1.95
2731,1.222,0.0,0.0,0.0,0.0,1.95
2732,1.2225,0.5,0.1,0.0,0.0015,1.95
2733,1.2225,0.5,0.1,0.0,0.0015,1.95
2734,1.2225,0.5,0.1,0.0,0.0015,1.95
2735,1.2225,0.5,0.1,0.0,0.0015,1.95
2736,1.222,0.0,0.0,0.0,0.0,1.95
2737,1.222,0.0,0.0,0.0,0.0,1.95
2738,1.2225,0.5,0.1,0.0,0.0015,1.95
2739,1.2225,0.5,0.1,0.0,0.0015,1.95
2740,1.222,0.0,0.0,0.0,0.0,1.95
2741,1.2225,0.5,0.1,0.0,0.0015,1.95
2742,1.222,0.0,0.0,0.0,0.0,1.95
2743,1.222,0.0,0.0,0.0,0.0,1.95
2744,1.222,0.0,0.0,0.0,0.0,1.95
2745,1.2225,0.5,0.1,0.0,0.0015,1.95
2746,1.2225,0.5,0.1,0.0,0.0015,1.95
2747,1.2225,0.5,0.1,0.0,0.0015,1.95
2748,1.2225,0.5,0.1,0.0,0.0015,1.95
2749,1.222,0.0,0.0,0.0,0.0,1.95
2750,1.2225,0.5,0.1,0.0,0.0015,1.95
2751,1.2225,0.5,0.1,0.0,0.0015,1.95
2752,1.2225,0.5,0.1,0.0,0.0015,1.95
2753,1.2225,0.5,0.1,0.0,0.0015,1.95
2754,1.2225,0.5,0.1,0.0,0.0015,1.95
2755,1.2225,0.5,0.1,0.0,0.0015,1.95
2756,1.222,0.0,0.0,0.0,0.0,1.95
2757,1.2225,0.5,0.1,0.0,0.0015,1.95
2758,1.222,0.0,0.0,0.0,0.0,1.95
2759,1.222,0.0,0.0,0.0,0.0,1.95
2760,1.2225,0.5,0.1,0.0,0.0015,1.95
2761,1.2225,0.5,0.1,0.0,0.0015,1.95
2762,1.2225,0.5,0.1,0.0,0.0015,1.95
2763,1.222,0.0,0.0,0.0,0.0,1.95
2764,1.222,0.0,0.0,0.0,0.0,1.95
2765,1.2225,0.5,0.1,0.0,0.0015,1.95
2766,1.222,0.0,0.0,0.0,0.0,1.95
2767,1.2225,0.5,0.1,0.0,0.0015,1.95
2768,1.222,0.0,0.0,0.0,0.0,1.95
2769,1.2225,0.5,0.1,0.0,0.0015,1.95
2770,1.2225,0.5,0.1,0.0,0.0015,1.95
2771,1.2225,0.5,0.1,0.0,0.0015,1.95
2772,1.2225,0.5,0.1,0.0,0.0015,1.95
2773,1.222,0.0,0.0,0.0,0.0,1.95
2774,1.222,0.0,0.0,0.0,0.0,1.95
2775,1.222,0.0,0.0,0.0,0.0,1.95
2776,1.2225,0.5,0.1,0.0,0.0015,1.95
2777,1.2225,0.5,0.1,0.0,0.0015,1.95
2778,1.222,0.0,0.0,0.0,0.0,1.95
2779,1.2225,0.5,0.1,0.0,0.0015,1.95
2780,1.222,0.0,0.0,0.0,0.0,1.95
2781,1.222,0.0,0.0,0.0,0.0,1.95
2782,1.222,0.0,0.0,0.0,0.0,1.95
2783,1.2225,0.5,0.1,0.0,0.0015,1.95
2784,1.2225,0.5,0.1,0.0,0.0015,1.95
2785,1.222,0.0,0.0,0.0,0.0,1.95
2786,1.2225,0.5,0.1,0.0,0.0015,1.95
2787,1.2225,0.5,0.1,0.0,0.0015,1.95
2788,1.222,0.0,0.0,0.0,0.0,1.95
2789,1.2225,0.5,0.1,0.0,0.0015,1.95
2790,1.222,0.0,0.0,0.0,0.0,1.95
2791,1.2225,0.5,0.1,0.0,0.0015,1.95
2792,1.222,0.0,0.0,0.0,0.0,1.95
2793,1.222,0.0,0.0,0.0,0.0,1.95
2794,1.222,0.0,0.0,0.0,0.0,1.95
2795,1.222,0.0,0.0,0.0,0.0,1.95
2796,1.222,0.0,0.0,0.0,0.0,1.95
2797,1.2225,0.5,0.1,0.0,0.0015,1.95
2798,1.2225,0.5,0.1,0.0,0.0015,1.95
2799,1.222,0.0,0.0,0.0,0.0,1.95
2800,1.2225,0.5,0.1,0.0,0.0015,1.95
2801,1.222,0.0,0.0,0.0,0.0,1.95
2802,1.2225,0.5,0.1,0.0,0.0015,1.95
2803,1.222,0.0,0.0,0.0,0.0,1.95
2804,1.2225,0.5,0.1,0.0,0.0015,1.95
2805,1.2225,0.5,0.1,0.0,0.0015,1.95
2806,1.222,0.0,0.0,0.0,0.0,1.95
2807,1.2225,0.5,0.1,0.0,0.0015,1.95
2808,1.2225,0.5,0.1,0.0,0.0015,1.95
2809,1.222,0.0,0.0,0.0,0.0,1.95
2810,1.222,0.0,0.0,0.0,0.0,1.95
2811,1.2225,0.5,0.1,0.0,0.0015,1.95
2812,1.2225,0.5,0.1,0.0,0.0015,1.95
2813,1.222,0.0,0.0,0.0,0.0,1.95
2814,1.2225,0.5,0.1,0.0,0.0015,1.95
2815,1.222,0.0,0.0,0.0,0.0,1.95
2816,1.222,0.0,0.0,0.0,0.0,1.95
2817,1.222,0.0,0.0,0.0,0.0,1.95
2818,1.2225,0.5,0.1,0.0,0.0015,1.95
2819,1.2225,0.5,0.1,0.0,0.0015,1.95
2820,1.2225,0.5,0.1,0.0,0.0015,1.95
2821,1.2225,0.5,0.1,0.0,0.0015,1.95
2822,1.222,0.0,0.0,0.0,0.0,1.95
2823,1.2225,0.5,0.1,0.0,0.0015,1.95
2824,1.222,0.0,0.0,0.0,0.0,1.95
2825,1.2225,0.5,0.1,0.0,0.0015,1.95
2826,1.2225,0.5,0.1,0.0,0.0015,1.95
2827,1.2225,0.5,0.1,0.0,0.0015,1.95
2828,1.222,0.0,0.0,0.0,0.0,1.95
2829,1.222,0.0,0.0,0.0,0.0,1.95
2830,1.222,0.0,0.0,0.0,0.0,1.95
2831,1.222,0.0,0.0,0.0,0.0,1.95
2832,1.222,0.0,0.0,0.0,0.0,1.95
2833,1.222,0.0,0.0,0.0,0.0,1.95
2834,1.222,0.0,0.0,0.0,0.0,1.95
2835,1.222,0.0,0.0,0.0,0.0,1.95
2836,1.2225,0.5,0.1,0.0,0.0015,1.95
2837,1.2225,0.5,0.1,0.0,0.0015,1.95
2838,1.222,0.0,0.0,0.0,0.0,1.95
2839,1.2225,0.5,0.1,0.0,0.0015,1.95
2840,1.222,0.0,0.0,0.0,0.0,1.95
2841,1.2225,0.5,0.1,0.0,0.0015,1.95
2842,1.222,0.0,0.0,0.0,0.0,1.95
2843,1.2225,0.5,0.1,0.0,0.0015,1.95
2844,1.222,0.0,0.0,0.0,0.0,1.95
2845,1.222,0.0,0.0,0.0,0.0,1.95
2846,1.2225,0.5,0.1,0.0,0.0015,1.95
2847,1.222,0.0,0.0,0.0,0.0,1.95
2848,1.222,0.0,0.0,0.0,0.0,1.95
2849,1.222,0.0,0.0,0.0,0.0,1.95
2850,1.222,0.0,0.0,0.0,0.0,1.95
2851,1.2225,0.5,0.1,0.0,0.0015,1.95
2852,1.222,0.0,0.0,0.0,0.0,1.95
2853,1.2225,0.5,0.1,0.0,0.0015,1.95
2854,1.2225,0.5,0.1,0.0,0.0015,1.95
2855,1.2225,0.5,0.1,0.0,0.0015,1.95
2856,1.222,0.0,0.0,0.0,0.0,1.95
2857,1.222,0.0,0.0,0.0,0.0,1.95
2858,1.2225,0.5,0.1,0.0,0.0015,1.95
2859,1.222,0.0,0.0,0.0,0.0,1.95
2860,1.2225,0.5,0.1,0.0,0.0015,1.95
2861,1.2225,0.5,0.1,0.0,0.0015,1.95
2862,1.2225,0.5,0.1,0.0,0.0015,1.95
2863,1.222,0.0,0.0,0.0,0.0,1.95
2864,1.2225,0.5,0.1,0.0,0.0015,1.95
2865,1.222,0.0,0.0,0.0,0.0,1.95
2866,1.2225,0.5,0.1,0.0,0.0015,1.95
2867,1.222,0.0,0.0,0.0,0.0,1.95
2868,1.222,0.0,0.0,0.0,0.0,1.95
2869,1.222,0.0,0.0,0.0,0.0,1.95
2870,1.2225,0.5,0.1,0.0,0.0015,1.95
2871,1.2225,0.5,0.1,0.0,0.0015,1.95
2872,1.222,0.0,0.0,0.0,0.0,1.95
2873,1.2225,0.5,0.1,0.0,0.0015,1.95
2874,1.222,0.0,0.0,0.0,0.0,1.95
2875,1.222,0.0,0.0,0.0,0.0,1.95
2876,1.222,0.0,0.0,0.0,0.0,1.95
2877,1.2225,0.5,0.1,0.0,0.0015,1.95
2878,1.222,0.0,0.0,0.0,0.0,1.95
2879,1.2225,0.5,0.1,0.0,0.0015,1.95
2880,1.222,0.0,0.0,0.0,0.0,1.95
2881,1.222,0.0,0.0,0.0,0.0,1.95
2882,1.222,0.0,0.0,0.0,0.0,1.95
2883,1.222,0.0,0.0,0.0,0.0,1.95
2884,1.2225,0.5,0.1,0.0,0.0015,1.95
2885,1.2225,0.5,0.1,0.0,0.0015,1.95
2886,1.222,0.0,0.0,0.0,0.0,1.95
2887,1.222,0.0,0.0,0.0,0.0,1.95
2888,1.2225,0.5,0.1,0.0,0.0015,1.95
2889,1.222,0.0,0.0,0.0,0.0,1.95
2890,1.222,0.0,0.0,0.0,0.0,1.95
2891,1.2225,0.5,0.1,0.0,0.0015,1.95
2892,1.2225,0.5,0.1,0.0,0.0015,1.95
2893,1.2225,0.5,0.1,0.0,0.0015,1.95
2894,1.2225,0.5,0.1,0.0,0.0015,1.95
2895,1.2225,0.5,0.1,0.0,0.0015,1.95
2896,1.222,0.0,0.0,0.0,0.0,1.95
2897,1.2225,0.5,0.1,0.0,0.0015,1.95
2898,1.2225,0.5,0.1,0.0,0.0015,1.95
2899,1.222,0.0,0.0,0.0,0.0,1.95
2900,1.2225,0.5,0.1,0.0,0.0015,1.95
2901,1.2225,0.5,0.1,0.0,0.0015,1.95
2902,1.222,0.0,0.0,0.0,0.0,1.95
2903,1.2225,0.5,0.1,0.0,0.0015,1.95
2904,1.2225,0.5,0.1,0.0,0.0015,1.95
2905,1.2225,0.5,0.1,0.0,0.0015,1.95
2906,1.222,0.0,0.0,0.0,0.0,1.95
2907,1.222,0.0,0.0,0.0,0.0,1.95
2908,1.222,0.0,0.0,0.0,0.0,1.95
2909,1.222,0.0,0.0,0.0,0.0,1.95
2910,1.222,0.0,0.0,0.0,0.0,1.95
2911,1.2225,0.5,0.1,0.0,0.0015,1.95
2912,1.2225,0.5,0.1,0.0,0.0015,1.95
2913,1.222,0.0,0.0,0.0,0.0,1.95
2914,1.2225,0.5,0.1,0.0,0.0015,1.95
2915,1.2225,0.5,0.1,0.0,0.0015,1.95
2916,1.2225,0.5,0.1,0.0,0.0015,1.95
2917,1.2225,0.5,0.1,0.0,0.0015,1.95
2918,1.222,0.0,0.0,0.0,0.0,1.95
2919,1.222,0.0,0.0,0.0,0.0,1.95
2920,1.222,0.0,0.0,0.0,0.0,1.95
2921,1.222,0.0,0.0,0.0,0.0,1.95
2922,1.2225,0.5,0.1,0.0,0.0015,1.95
2923,1.2225,0.5,0.1,0.0,0.0015,1.95
2924,1.222,0.0,0.0,0.0,0.0,1.95
2925,1.222,0.0,0.0,0.0,0.0,1.95
2926,1.222,0.0,0.0,0.0,0.0,1.95
2927,1.222,0.0,0.0,0.0,0.0,1.95
2928,1.2225,0.5,0.1,0.0,0.0015,1.95
2929,1.2225,0.5,0.1,0.0,0.0015,1.95
2930,1.222,0.0,0.0,0.0,0.0,1.95
2931,1.222,0.0,0.0,0.0,0.0,1.95
2932,1.2225,0.5,0.1,0.0,0.0015,1.95
2933,1.2225,0.5,0.1,0.0,0.0015,1.95
2934,1.2225,0.5,0.1,0.0,0.0015,1.95
2935,1.2225,0.5,0.1,0.0,0.0015,1.95
2936,1.222,0.0,0.0,0.0,0.0,1.95
2937,1.2225,0.5,0.1,0.0,0.0015,1.95
2938,1.2225,0.5,0.1,0.0,0.0015,1.95
2939,1.222,0.0,0.0,0.0,0.0,1.95
2940,1.2225,0.5,0.1,0.0,0.0015,1.95
2941,1.222,0.0,0.0,0.0,0.0,1.95
2942,1.222,0.0,0.0,0.0,0.0,1.95
2943,1.222,0.0,0.0,0.0,0.0,1.95
2944,1.222,0.0,0.0,0.0,0.0,1.95
2945,1.222,0.0,0.0,0.0,0.0,1.95
2946,1.222,0.0,0.0,0.0,0.0,1.95
2947,1.2225,0.5,0.1,0.0,0.0015,1.95
2948,1.222,0.0,0.0,0.0,0.0,1.95
2949,1.222,0.0,0.0,0.0,0.0,1.95
2950,1.222,0.0,0.0,0.0,0.0,1.95
2951,1.222,0.0,0.0,0.0,0.0,1.95
2952,1.222,0.0,0.0,0.0,0.0,1.95
2953,1.222,0.0,0.0,0.0,0.0,1.95
2954,1.222,0.0,0.0,0.0,0.0,1.95
2955,1.222,0.0,0.0,0.0,0.0,1.95
2956,1.222,0.0,0.0,0.0,0.0,1.95
2957,1.222,0.0,0.0,0.0,0.0,1.95
2958,1.2225,0.5,0.1,0.0,0.0015,1.95
2959,1.222,0.0,0.0,0.0,0.0,1.95
2960,1.222,0.0,0.0,0.0,0.0,1.95
2961,1.2225,0.5,0.1,0.0,0.0015,1.95
2962,1.222,0.0,0.0,0.0,0.0,1.95
2963,1.222,0.0,0.0,0.0,0.0,1.95
2964,1.2225,0.5,0.1,0.0,0.0015,1.95
2965,1.2225,0.5,0.1,0.0,0.0015,1.95
2966,1.222,0.0,0.0,0.0,0.0,1.95
2967,1.222,0.0,0.0,0.0,0.0,1.95
2968,1.2225,0.5,0.1,0.0,0.0015,1.95
2969,1.2225,0.5,0.1,0.0,0.0015,1.95
2970,1.2225,0.5,0.1,0.0,0.0015,1.95
2971,1.2225,0.5,0.1,0.0,0.0015,1.95
2972,1.2225,0.5,0.1,0.0,0.0015,1.95
2973,1.222,0.0,0.0,0.0,0.0,1.95
2974,1.2225,0.5,0.1,0.0,0.0015,1.95
2975,1.2225,0.5,0.1,0.0,0.0015,1.95
2976,1.222,0.0,0.0,0.0,0.0,1.95
2977,1.2225,0.5,0.1,0.0,0.0015,1.95
2978,1.222,0.0,0.0,0.0,0.0,1.95
2979,1.222,0.0,0.0,0.0,0.0,1.95
2980,1.2225,0.5,0.1,0.0,0.0015,1.95
2981,1.222,0.0,0.0,0.0,0.0,1.95
2982,1.222,0.0,0.0,0.0,0.0,1.95
2983,1.222,0.0,0.0,0.0,0.0,1.95
2984,1.2225,0.5,0.1,0.0,0.0015,1.95
2985,1.222,0.0,0.0,0.0,0.0,1.95
2986,1.222,0.0,0.0,0.0,0.0,1.95
2987,1.222,0.0,0.0,0.0,0.0,1.95
2988,1.2225,0.5,0.1,0.0,0.0015,1.95
2989,1.222,0.0,0.0,0.0,0.0,1.95
2990,1.2225,0.5,0.1,0.0,0.0015,1.95
2991,1.2225,0.5,0.1,0.0,0.0015,1.95
2992,1.2225,0.5,0.1,0.0,0.0015,1.95
2993,1.222,0.0,0.0,0.0,0.0,1.95
2994,1.222,0.0,0.0,0.0,0.0,1.95
2995,1.2225,0.5,0.1,0.0,0.0015,1.95
2996,1.2225,0.5,0.1,0.0,0.0015,1.95
2997,1.222,0.0,0.0,0.0,0.0,1.95
2998,1.2225,0.5,0.1,0.0,0.0015,1.95
2999,1.2225,0.5,0.1,0.0,0.0015,1.95
3000,1.2225,0.5,0.1,0.0,0.0015,1.95
3001,1.222,0.0,0.0,0.0,0.0,1.95
3002,1.2225,0.5,0.1,0.0,0.0015,1.95
3003,1.222,0.0,0.0,0.0,0.0,1.95
3004,1.2225,0.5,0.1,0.0,0.0015,1.95
3005,1.222,0.0,0.0,0.0,0.0,1.95
3006,1.222,0.0,0.0,0.0,0.0,1.95
3007,1.222,0.0,0.0,0.0,0.0,1.95
3008,1.2225,0.5,0.1,0.0,0.0015,1.95
3009,1.222,0.0,0.0,0.0,0.0,1.95
3010,1.222,0.0,0.0,0.0,0.0,1.95
3011,1.2225,0.5,0.1,0.0,0.0015,1.95
3012,1.222,0.0,0.0,0.0,0.0,1.95
3013,1.222,0.0,0.0,0.0,0.0,1.95
3014,1.222,0.0,0.0,0.0,0.0,1.95
3015,1.2225,0.5,0.1,0.0,0.0015,1.95
3016,1.2225,0.5,0.1,0.0,0.0015,1.95
3017,1.222,0.0,0.0,0.0,0.0,1.95
3018,1.2225,0.5,0.1,0.0,0.0015,1.95
3019,1.2225,0.5,0.1,0.0,0.0015,1.95
3020,1.2225,0.5,0.1,0.0,0.0015,1.95
3021,1.222,0.0,0.0,0.0,0.0,1.95
3022,1.222,0.0,0.0,0.0,0.0,1.95
3023,1.2225,0.5,0.1,0.0,0.0015,1.95
3024,1.2225,0.5,0.1,0.0,0.0015,1.95
3025,1.222,0.0,0.0,0.0,0.0,1.95
3026,1.2225,0.5,0.1,0.0,0.0015,1.95
3027,1.2225,0.5,0.1,0.0,0.0015,1.95
3028,1.2225,0.5,0.1,0.0,0.0015,1.95
3029,1.2225,0.5,0.1,0.0,0.0015,1.95
3030,1.222,0.0,0.0,0.0,0.0,1.95
3031,1.222,0.0,0.0,0.0,0.0,1.95
3032,1.2225,0.5,0.1,0.0,0.0015,1.95
3033,1.222,0.0,0.0,0.0,0.0,1.95
3034,1.222,0.0,0.0,0.0,0.0,1.95
3035,1.2225,0.5,0.1,0.0,0.0015,1.95
3036,1.2225,0.5,0.1,0.0,0.0015,1.95
3037,1.2225,0.5,0.1,0.0,0.0015,1.95
3038,1.222,0.0,0.0,0.0,0.0,1.95
3039,1.2225,0.5,0.1,0.0,0.0015,1.95
3040,1.222,0.0,0.0,0.0,0.0,1.95
3041,1.222,0.0,0.0,0.0,0.0,1.95
3042,1.2225,0.5,0.1,0.0,0.0015,1.95
3043,1.2225,0.5,0.1,0.0,0.0015,1.95
3044,1.222,0.0,0.0,0.0,0.0,1.95
3045,1.2225,0.5,0.1,0.0,0.0015,1.95
3046,1.222,0.0,0.0,0.0,0.0,1.95
3047,1.2225,0.5,0.1,0.0,0.0015,1.95
3048,1.2225,0.5,0.1,0.0,0.0015,1.95
3049,1.222,0.0,0.0,0.0,0.0,1.95
3050,1.2225,0.5,0.1,0.0,0.0015,1.95
3051,1.2225,0.5,0.1,0.0,0.0015,1.95
3052,1.2225,0.5,0.1,0.0,0.0015,1.95
3053,1.222,0.0,0.0,0.0,0.0,1.95
3054,1.222,0.0,0.0,0.0,0.0,1.95
3055,1.2225,0.5,0.1,0.0,0.0015,1.95
3056,1.2225,0.5,0.1,0.0,0.0015,1.95
3057,1.222,0.0,0.0,0.0,0.0,1.95
3058,1.2225,0.5,0.1,0.0,0.0015,1.95
3059,1.222,0.0,0.0,0.0,0.0,1.95
3060,1.222,0.0,0.0,0.0,0.0,1.95
3061,1.2225,0.5,0.1,0.0,0.0015,1.95
3062,1.222,0.0,0.0,0.0,0.0,1.95
3063,1.2225,0.5,0.1,0.0,0.0015,1.95
3064,1.222,0.0,0.0,0.0,0.0,1.95
3065,1.2225,0.5,0.1,0.0,0.0015,1.95
3066,1.222,0.0,0.0,0.0,0.0,1.95
3067,1.222,0.0,0.0,0.0,0.0,1.95
3068,1.2225,0.5,0.1,0.0,0.0015,1.95
3069,1.2225,0.5,0.1,0.0,0.0015,1.95
3070,1.2225,0.5,0.1,0.0,0.0015,1.95
3071,1.222,0.0,0.0,0.0,0.0,1.95
3072,1.222,0.0,0.0,0.0,0.0,1.95
3073,1.2225,0.5,0.1,0.0,0.0015,1.95
3074,1.222,0.0,0.0,0.0,0.0,1.95
3075,1.222,0.0,0.0,0.0,0.0,1.95
3076,1.222,0.0,0.0,0.0,0.0,1.95
3077,1.222,0.0,0.0,0.0,0.0,1.95
3078,1.2225,0.5,0.1,0.0,0.0015,1.95
3079,1.2225,0.5,0.1,0.0,0.0015,1.95
3080,1.2225,0.5,0.1,0.0,0.0015,1.95
3081,1.2225,0.5,0.1,0.0,0.0015,1.95
3082,1.222,0.0,0.0,0.0,0.0,1.95
3083,1.2225,0.5,0.1,0.0,0.0015,1.95
3084,1.222,0.0,0.0,0.0,0.0,1.95
3085,1.222,0.0,0.0,0.0,0.0,1.95
3086,1.2225,0.5,0.1,0.0,0.0015,1.95
3087,1.2225,0.5,0.1,0.0,0.0015,1.95
3088,1.2225,0.5,0.1,0.0,0.0015,1.95
3089,1.2225,0.5,0.1,0.0,0.0015,1.95
3090,1.222,0.0,0.0,0.0,0.0,1.95
3091,1.2225,0.5,0.1,0.0,0.0015,1.95
3092,1.222,0.0,0.0,0.0,0.0,1.95
3093,1.222,0.0,0.0,0.0,0.0,1.95
3094,1.222,0.0,0.0,0.0,0.0,1.95
3095,1.222,0.0,0.0,0.0,0.0,1.95
3096,1.222,0.0,0.0,0.0,0.0,1.95
3097,1.2225,0.5,0.1,0.0,0.0015,1.95
3098,1.2225,0.5,0.1,0.0,0.0015,1.95
3099,1.222,0.0,0.0,0.0,0.0,1.95
3100,1.222,0.0,0.0,0.0,0.0,1.95
3101,1.2225,0.5,0.1,0.0,0.0015,1.95
3102,1.222,0.0,0.0,0.0,0.0,1.95
3103,1.222,0.0,0.0,0.0,0.0,1.95
3104,1.2225,0.5,0.1,0.0,0.0015,1.95
3105,1.222,0.0,0.0,0.0,0.0,1.95
3106,1.222,0.0,0.0,0.0,0.0,1.95
3107,1.222,0.0,0.0,0.0,0.0,1.95
3108,1.222,0.0,0.0,0.0,0.0,1.95
3109,1.222,0.0,0.0,0.0,0.0,1.95
3110,1.222,0.0,0.0,0.0,0.0,1.95
3111,1.222,0.0,0.0,0.0,0.0,1.95
3112,1.222,0.0,0.0,0.0,0.0,1.95
3113,1.2225,0.5,0.1,0.0,0.0015,1.95
3114,1.2225,0.5,0.1,0.0,0.0015,1.95
3115,1.2225,0.5,0.1,0.0,0.0015,1.95
3116,1.2225,0.5,0.1,0.0,0.0015,1.95
3117,1.2225,0.5,0.1,0.0,0.0015,1.95
3118,1.222,0.0,0.0,0.0,0.0,1.95
3119,1.222,0.0,0.0,0.0,0.0,1.95
3120,1.222,0.0,0.0,0.0,0.0,1.95
3121,1.2225,0.5,0.1,0.0,0.0015,1.95
3122,1.2225,0.5,0.1,0.0,0.0015,1.95
3123,1.222,0.0,0.0,0.0,0.0,1.95
3124,1.2225,0.5,0.1,0.0,0.0015,1.95
3125,1.2225,0.5,0.1,0.0,0.0015,1.95
3126,1.2225,0.5,0.1,0.0,0.0015,1.95
3127,1.222,0.0,0.0,0.0,0.0,1.95
3128,1.222,0.0,0.0,0.0,0.0,1.95
3129,1.222,0.0,0.0,0.0,0.0,1.95
3130,1.222,0.0,0.0,0.0,0.0,1.95
3131,1.2225,0.5,0.1,0.0,0.0015,1.95
3132,1.2225,0.5,0.1,0.0,0.0015,1.95
3133,1.2225,0.5,0.1,0.0,0.0015,1.95
3134,1.222,0.0,0.0,0.0,0.0,1.95
3135,1.2225,0.5,0.1,0.0,0.0015,1.95
3136,1.2225,0.5,0.1,0.0,0.0015,1.95
3137,1.222,0.0,0.0,0.0,0.0,1.95
3138,1.222,0.0,0.0,0.0,0.0,1.95
3139,1.222,0.0,0.0,0.0,0.0,1.95
3140,1.2225,0.5,0.1,0.0,0.0015,1.95
3141,1.222,0.0,0.0,0.0,0.0,1.95
3142,1.222,0.0,0.0,0.0,0.0,1.95
3143,1.222,0.0,0.0,0.0,0.0,1.95
3144,1.2225,0.5,0.1,0.0,0.0015,1.95
3145,1.222,0.0,0.0,0.0,0.0,1.95
3146,1.2225,0.5,0.1,0.0,0.0015,1.95
3147,1.2225,0.5,0.1,0.0,0.0015,1.95
3148,1.222,0.0,0.0,0.0,0.0,1.95
3149,1.222,0.0,0.0,0.0,0.0,1.95
3150,1.2225,0.5,0.1,0.0,0.0015,1.95
3151,1.222,0.0,0.0,0.0,0.0,1.95
3152,1.222,0.0,0.0,0.0,0.0,1.95
3153,1.222,0.0,0.0,0.0,0.0,1.95
3154,1.222,0.0,0.0,0.0,0.0,1.95
3155,1.222,0.0,0.0,0.0,0.0,1.95
3156,1.222,0.0,0.0,0.0,0.0,1.95
3157,1.222,0.0,0.0,0.0,0.0,1.95
3158,1.222,0.0,0.0,0.0,0.0,1.95
3159,1.2225,0.5,0.1,0.0,0.0015,1.95
3160,1.2225,0.5,0.1,0.0,0.0015,1.95
3161,1.222,0.0,0.0,0.0,0.0,1.95
3162,1.2225,0.5,0.1,0.0,0.0015,1.95
3163,1.222,0.0,0.0,0.0,0.0,1.95
3164,1.2225,0.5,0.1,0.0,0.0015,1.95
3165,1.2225,0.5,0.1,0.0,0.0015,1.95
3166,1.2225,0.5,0.1,0.0,0.0015,1.95
3167,1.2225,0.5,0.1,0.0,0.0015,1.95
3168,1.2225,0.5,0.1,0.0,0.0015,1.95
3169,1.222,0.0,0.0,0.0,0.0,1.95
3170,1.2225,0.5,0.1,0.0,0.0015,1.95
3171,1.222,0.0,0.0,0.0,0.0,1.95
3172,1.2225,0.5,0.1,0.0,0.0015,1.95
3173,1.2225,0.5,0.1,0.0,0.0015,1.95
3174,1.2225,0.5,0.1,0.0,0.0015,1.95
3175,1.2225,0.5,0.1,0.0,0.0015,1.95
3176,1.2225,0.5,0.1,0.0,0.0015,1.95
3177,1.222,0.0,0.0,0.0,0.0,1.95
3178,1.2225,0.5,0.1,0.0,0.0015,1.95
3179,1.2225,0.5,0.1,0.0,0.0015,1.95
3180,1.2225,0.5,0.1,0.0,0.0015,1.95
3181,1.222,0.0,0.0,0.0,0.0,1.95
3182,1.2225,0.5,0.1,0.0,0.0015,1.95
3183,1.222,0.0,0.0,0.0,0.0,1.95
3184,1.2225,0.5,0.1,0.0,0.0015,1.95
3185,1.222,0.0,0.0,0.0,0.0,1.95
3186,1.2225,0.5,0.1,0.0,0.0015,1.95
3187,1.222,0.0,0.0,0.0,0.0,1.95
3188,1.222,0.0,0.0,0.0,0.0,1.95
3189,1.2225,0.5,0.1,0.0,0.0015,1.95
3190,1.222,0.0,0.0,0.0,0.0,1.95
3191,1.222,0.0,0.0,0.0,0.0,1.95
3192,1.222,0.0,0.0,0.0,0.0,1.95
3193,1.2225,0.5,0.1,0.0,0.0015,1.95
3194,1.2225,0.5,0.1,0.0,0.0015,1.95
3195,1.2225,0.5,0.1,0.0,0.0015,1.95
3196,1.222,0.0,0.0,0.0,0.0,1.95
3197,1.222,0.0,0.0,0.0,0.0,1.95
3198,1.2225,0.5,0.1,0.0,0.0015,1.95
3199,1.2225,0.5,0.1,0.0,0.0015,1.95
3200,1.222,0.0,0.0,0.0,0.0,1.95
3201,1.222,0.0,0.0,0.0,0.0,1.95
3202,1.2225,0.5,0.1,0.0,0.0015,1.95
3203,1.222,0.0,0.0,0.0,0.0,1.95
3204,1.2225,0.5,0.1,0.0,0.0015,1.95
3205,1.2225,0.5,0.1,0.0,0.0015,1.95
3206,1.222,0.0,0.0,0.0,0.0,1.95
3207,1.2225,0.5,0.1,0.0,0.0015,1.95
3208,1.2225,0.5,0.1,0.0,0.0015,1.95
1,1.222,0.0,0.0,0.0,0.0,1.95
2,0.022,0.5,0.1,0.02,0.0025,1.95
3,1.222,0.0,0.0,0.0,0.0,1.95
4,0.022,0.5,0.1,0.02,0.0025,1.95
5,0.022,0.5,0.1,0.02,0.0025,1.95
6,1.222,0.0,0.0,0.0,0.0,1.95
7,0.022,0.5,0.1,0.02,0.0025,1.95
8,1.222,0.0,0.0,0.0,0.0,1.95
9,0.022,0.5,0.1,0.02,0.0025,1.95
10,0.022,0.5,0.1,0.02,0.0025,1.95
11,0.022,0.5,0.1,0.02,0.0025,1.95
12,1.222,0.0,0.0,0.0,0.0,1.95
13,1.222,0.0,0.0,0.0,0.0,1.95
14,1.222,0.0,0.0,0.0,0.0,1.95
15,1.222,0.0,0.0,0.0,0.0,1.95
16,1.222,0.0,0.0,0.0,0.0,1.95
17,1.222,0.0,0.0,0.0,0.0,1.95
18,0.022,0.5,0.1,0.02,0.0025,1.95
19,1.222,0.0,0.0,0.0,0.0,1.95
20,1.222,0.0,0.0,0.0,0.0,1.95
21,1.222,0.0,0.0,0.0,0.0,1.95
22,1.222,0.0,0.0,0.0,0.0,1.95
23,1.222,0.0,0.0,0.0,0.0,1.95
24,1.222,0.0,0.0,0.0,0.0,1.95
25,0.022,0.5,0.1,0.02,0.0025,1.95
26,1.222,0.0,0.0,0.0,0.0,1.95
27,0.022,0.5,0.1,0.02,0.0025,1.95
28,0.022,0.5,0.1,0.02,0.0025,1.95
29,0.022,0.5,0.1,0.02,0.0025,1.95
30,0.022,0.5,0.1,0.02,0.0025,1.95
31,0.022,0.5,0.1,0.02,0.0025,1.95
32,0.022,0.5,0.1,0.02,0.0025,1.95
33,1.222,0.0,0.0,0.0,0.0,1.95
34,0.022,0.5,0.1,0.02,0.0025,1.95
35,1.222,0.0,0.0,0.0,0.0,1.95
36,0.022,0.5,0.1,0.02,0.0025,1.95
37,0.022,0.5,0.1,0.02,0.0025,1.95
38,1.222,0.0,0.0,0.0,0.0,1.95
39,0.022,0.5,0.1,0.02,0.0025,1.95
40,0.022,0.5,0.1,0.02,0.0025,1.95
41,0.022,0.5,0.1,0.02,0.0025,1.95
42,0.022,0.5,0.1,0.02,0.0025,1.95
43,0.022,0.5,0.1,0.02,0.0025,1.95
44,1.222,0.0,0.0,0.0,0.0,1.95
45,0.022,0.5,0.1,0.02,0.0025,1.95
46,1.222,0.0,0.0,0.0,0.0,1.95
47,1.222,0.0,0.0,0.0,0.0,1.95
48,0.022,0.5,0.1,0.02,0.0025,1.95
49,1.222,0.0,0.0,0.0,0.0,1.95
50,1.222,0.0,0.0,0.0,0.0,1.95
51,1.222,0.0,0.0,0.0,0.0,1.95
52,1.222,0.0,0.0,0.0,0.0,1.95
53,1.222,0.0,0.0,0.0,0.0,1.95
54,0.022,0.5,0.1,0.02,0.0025,1.95
55,1.222,0.0,0.0,0.0,0.0,1.95
56,0.022,0.5,0.1,0.02,0.0025,1.95
57,1.222,0.0,0.0,0.0,0.0,1.95
58,1.222,0.0,0.0,0.0,0.0,1.95
59,1.222,0.0,0.0,0.0,0.0,1.95
60,0.022,0.5,0.1,0.02,0.0025,1.95
61,0.022,0.5,0.1,0.02,0.0025,1.95
62,1.222,0.0,0.0,0.0,0.0,1.95
63,0.022,0.5,0.1,0.02,0.0025,1.95
64,1.222,0.0,0.0,0.0,0.0,1.95
65,1.222,0.0,0.0,0.0,0.0,1.95
66,1.222,0.0,0.0,0.0,0.0,1.95
67,0.022,0.5,0.1,0.02,0.0025,1.95
68,0.022,0.5,0.1,0.02,0.0025,1.95
69,0.022,0.5,0.1,0.02,0.0025,1.95
70,0.022,0.5,0.1,0.02,0.0025,1.95
71,0.022,0.5,0.1,0.02,0.0025,1.95
72,0.022,0.5,0.1,0.02,0.0025,1.95
73,1.222,0.0,0.0,0.0,0.0,1.95
74,1.222,0.0,0.0,0.0,0.0,1.95
75,1.222,0.0,0.0,0.0,0.0,1.95
76,1.222,0.0,0.0,0.0,0.0,1.95
77,1.222,0.0,0.0,0.0,0.0,1.95
78,0.022,0.5,0.1,0.02,0.0025,1.95
79,1.222,0.0,0.0,0.0,0.0,1.95
80,1.222,0.0,0.0,0.0,0.0,1.95
81,0.022,0.5,0.1,0.02,0.0025,1.95
82,1.222,0.0,0.0,0.0,0.0,1.95
83,1.222,0.0,0.0,0.0,0.0,1.95
84,1.222,0.0,0.0,0.0,0.0,1.95
85,0.022,0.5,0.1,0.02,0.0025,1.95
86,0.022,0.5,0.1,0.02,0.0025,1.95
87,1.222,0.0,0.0,0.0,0.0,1.95
88,0.022,0.5,0.1,0.02,0.0025,1.95
89,1.222,0.0,0.0,0.0,0.0,1.95
90,0.022,0.5,0.1,0.02,0.0025,1.95
91,1.222,0.0,0.0,0.0,0.0,1.95
92,1.222,0.0,0.0,0.0,0.0,1.95
93,0.022,0.5,0.1,0.02,0.0025,1.95
94,0.022,0.5,0.1,0.02,0.0025,1.95
95,1.222,0.0,0.0,0.0,0.0,1.95
96,1.222,0.0,0.0,0.0,0.0,1.95
97,1.222,0.0,0.0,0.0,0.0,1.95
98,1.222,0.0,0.0,0.0,0.0,1.95
99,0.022,0.5,0.1,0.02,0.0025,1.95
100,1.222,0.0,0.0,0.0,0.0,1.95
101,1.222,0.0,0.0,0.0,0.0,1.95
102,0.022,0.5,0.1,0.02,0.0025,1.95
103,0.022,0.5,0.1,0.02,0.0025,1.95
104,1.222,0.0,0.0,0.0,0.0,1.95
105,0.022,0.5,0.1,0.02,0.0025,1.95
106,1.222,0.0,0.0,0.0,0.0,1.95
107,0.022,0.5,0.1,0.02,0.0025,1.95
108,0.022,0.5,0.1,0.02,0.0025,1.95
109,0.022,0.5,0.1,0.02,0.0025,1.95
110,0.022,0.5,0.1,0.02,0.0025,1.95
111,0.022,0.5,0.1,0.02,0.0025,1.95
112,1.222,0.0,0.0,0.0,0.0,1.95
113,1.222,0.0,0.0,0.0,0.0,1.95
114,0.022,0.5,0.1,0.02,0.0025,1.95
115,0.022,0.5,0.1,0.02,0.0025,1.95
116,1.222,0.0,0.0,0.0,0.0,1.95
117,1.222,0.0,0.0,0.0,0.0,1.95
118,0.022,0.5,0.1,0.02,0.0025,1.95
119,0.022,0.5,0.1,0.02,0.0025,1.95
120,1.222,0.0,0.0,0.0,0.0,1.95
121,1.222,0.0,0.0,0.0,0.0,1.95
122,0.022,0.5,0.1,0.02,0.0025,1.95
123,1.222,0.0,0.0,0.0,0.0,1.95
124,1.222,0.0,0.0,0.0,0.0,1.95
125,1.222,0.0,0.0,0.0,0.0,1.95
126,1.222,0.0,0.0,0.0,0.0,1.95
127,0.022,0.5,0.1,0.02,0.0025,1.95
128,0.022,0.5,0.1,0.02,0.0025,1.95
129,1.222,0.0,0.0,0.0,0.0,1.95
130,1.222,0.0,0.0,0.0,0.0,1.95
131,0.022,0.5,0.1,0.02,0.0025,1.95
132,1.222,0.0,0.0,0.0,0.0,1.95
133,0.022,0.5,0.1,0.02,0.0025,1.95
134,1.222,0.0,0.0,0.0,0.0,1.95
135,0.022,0.5,0.1,0.02,0.0025,1.95
136,0.022,0.5,0.1,0.02,0.0025,1.95
137,0.022,0.5,0.1,0.02,0.0025,1.95
138,0.022,0.5,0.1,0.02,0.0025,1.95
139,0.022,0.5,0.1,0.02,0.0025,1.95
140,1.222,0.0,0.0,0.0,0.0,1.95
141,0.022,0.5,0.1,0.02,0.0025,1.95
142,0.022,0.5,0.1,0.02,0.0025,1.95
143,1.222,0.0,0.0,0.0,0.0,1.95
144,0.022,0.5,0.1,0.02,0.0025,1.95
145,1.222,0.0,0.0,0.0,0.0,1.95
146,1.222,0.0,0.0,0.0,0.0,1.95
147,1.222,0.0,0.0,0.0,0.0,1.95
148,0.022,0.5,0.1,0.02,0.0025,1.95
149,0.022,0.5,0.1,0.02,0.0025,1.95
150,1.222,0.0,0.0,0.0,0.0,1.95
151,0.022,0.5,0.1,0.02,0.0025,1.95
152,1.222,0.0,0.0,0.0,0.0,1.95
153,1.2225,0.5,0.1,0.0,0.0015,1.95
154,1.2225,0.5,0.1,0.0,0.0015,1.95
155,1.222,0.0,0.0,0.0,0.0,1.95
156,1.222,0.0,0.0,0.0,0.0,1.95
157,1.2225,0.5,0.1,0.0,0.0015,1.95
158,1.222,0.0,0.0,0.0,0.0,1.95
159,1.222,0.0,0.0,0.0,0.0,1.95
160,1.2225,0.5,0.1,0.0,0.0015,1.95
161,1.2225,0.5,0.1,0.0,0.0015,1.95
162,1.2225,0.5,0.1,0.0,0.0015,1.95
163,1.2225,0.5,0.1,0.0,0.0015,1.95
164,1.2225,0.5,0.1,0.0,0.0015,1.95
165,1.222,0.0,0.0,0.0,0.0,1.95
166,1.222,0.0,0.0,0.0,0.0,1.95
167,1.2225,0.5,0.1,0.0,0.0015,1.95
168,1.222,0.0,0.0,0.0,0.0,1.95
169,1.222,0.0,0.0,0.0,0.0,1.95
170,1.2225,0.5,0.1,0.0,0.0015,1.95
171,1.222,0.0,0.0,0.0,0.0,1.95
172,0.022,0.5,0.1,0.02,0.0025,1.95
173,1.222,0.0,0.0,0.0,0.0,1.95
174,1.2225,0.5,0.1,0.0,0.0015,1.95
175,1.2225,0.5,0.1,0.0,0.0015,1.95
176,1.2225,0.5,0.1,0.0,0.0015,1.95
177,1.2225,0.5,0.1,0.0,0.0015,1.95
178,1.222,0.0,0.0,0.0,0.0,1.95
179,1.2225,0.5,0.1,0.0,0.0015,1.95
180,1.222,0.0,0.0,0.0,0.0,1.95
181,1.222,0.0,0.0,0.0,0.0,1.95
182,1.2225,0.5,0.1,0.0,0.0015,1.95
183,1.2225,0.5,0.1,0.0,0.0015,1.95
184,1.222,0.0,0.0,0.0,0.0,1.95
185,1.2225,0.5,0.1,0.0,0.0015,1.95
186,1.2225,0.5,0.1,0.0,0.0015,1.95
187,1.2225,0.5,0.1,0.0,0.0015,1.95
188,1.2225,0.5,0.1,0.0,0.0015,1.95
189,1.222,0.0,0.0,0.0,0.0,1.95
190,1.222,0.0,0.0,0.0,0.0,1.95
191,1.222,0.0,0.0,0.0,0.0,1.95
192,1.222,0.0,0.0,0.0,0.0,1.95
193,1.2225,0.5,0.1,0.0,0.0015,1.95
194,1.2225,0.5,0.1,0.0,0.0015,1.95
195,1.222,0.0,0.0,0.0,0.0,1.95
196,1.222,0.0,0.0,0.0,0.0,1.95
197,1.222,0.0,0.0,0.0,0.0,1.95
198,1.222,0.0,0.0,0.0,0.0,1.95
199,1.222,0.0,0.0,0.0,0.0,1.95
200,1.222,0.0,0.0,0.0,0.0,1.95
201,1.2225,0.5,0.1,0.0,0.0015,1.95
202,1.222,0.0,0.0,0.0,0.0,1.95
203,1.2225,0.5,0.1,0.0,0.0015,1.95
204,1.222,0.0,0.0,0.0,0.0,1.95
205,1.2225,0.5,0.1,0.0,0.0015,1.95
206,1.222,0.0,0.0,0.0,0.0,1.95
207,1.222,0.0,0.0,0.0,0.0,1.95
208,1.222,0.0,0.0,0.0,0.0,1.95
209,1.222,0.0,0.0,0.0,0.0,1.95
210,1.222,0.0,0.0,0.0,0.0,1.95
211,1.222,0.0,0.0,0.0,0.0,1.95
212,1.2225,0.5,0.1,0.0,0.0015,1.95
213,1.222,0.0,0.0,0.0,0.0,1.95
214,1.222,0.0,0.0,0.0,0.0,1.95
215,1.222,0.0,0.0,0.0,0.0,1.95
216,1.222,0.0,0.0,0.0,0.0,1.95
217,1.2225,0.5,0.1,0.0,0.0015,1.95
218,1.222,0.0,0.0,0.0,0.0,1.95
219,1.2225,0.5,0.1,0.0,0.0015,1.95
220,1.222,0.0,0.0,0.0,0.0,1.95
221,1.222,0.0,0.0,0.0,0.0,1.95
222,1.222,0.0,0.0,0.0,0.0,1.95
223,1.222,0.0,0.0,0.0,0.0,1.95
224,1.222,0.0,0.0,0.0,0.0,1.95
225,1.2225,0.5,0.1,0.0,0.0015,1.95
226,1.2225,0.5,0.1,0.0,0.0015,1.95
227,1.222,0.0,0.0,0.0,0.0,1.95
228,1.2225,0.5,0.1,0.0,0.0015,1.95
229,1.222,0.0,0.0,0.0,0.0,1.95
230,1.222,0.0,0.0,0.0,0.0,1.95
231,1.222,0.0,0.0,0.0,0.0,1.95
232,1.222,0.0,0.0,0.0,0.0,1.95
233,1.222,0.0,0.0,0.0,0.0,1.95
234,1.222,0.0,0.0,0.0,0.0,1.95
235,1.2225,0.5,0.1,0.0,0.0015,1.95
236,1.2225,0.5,0.1,0.0,0.0015,1.95
237,1.222,0.0,0.0,0.0,0.0,1.95
238,1.2225,0.5,0.1,0.0,0.0015,1.95
239,1.222,0.0,0.0,0.0,0.0,1.95
240,1.222,0.0,0.0,0.0,0.0,1.95
241,1.222,0.0,0.0,0.0,0.0,1.95
242,1.2225,0.5,0.1,0.0,0.0015,1.95
243,1.222,0.0,0.0,0.0,0.0,1.95
244,1.222,0.0,0.0,0.0,0.0,1.95
245,1.222,0.0,0.0,0.0,0.0,1.95
246,1.2225,0.5,0.1,0.0,0.0015,1.95
247,1.222,0.0,0.0,0.0,0.0,1.95
248,1.2225,0.5,0.1,0.0,0.0015,1.95
249,1.2225,0.5,0.1,0.0,0.0015,1.95
250,1.222,0.0,0.0,0.0,0.0,1.95
251,1.222,0.0,0.0,0.0,0.0,1.95
252,1.222,0.0,0.0,0.0,0.0,1.95
253,1.2225,0.5,0.1,0.0,0.0015,1.95
254,1.2225,0.5,0.1,0.0,0.0015,1.95
255,1.222,0.0,0.0,0.0,0.0,1.95
256,1.2225,0.5,0.1,0.0,0.0015,1.95
257,1.2225,0.5,0.1,0.0,0.0015,1.95
258,1.222,0.0,0.0,0.0,0.0,1.95
259,1.222,0.0,0.0,0.0,0.0,1.95
260,1.2225,0.5,0.1,0.0,0.0015,1.95
261,1.222,0.0,0.0,0.0,0.0,1.95
262,1.2225,0.5,0.1,0.0,0.0015,1.95
263,1.222,0.0,0.0,0.0,0.0,1.95
264,1.2225,0.5,0.1,0.0,0.0015,1.95
265,1.222,0.0,0.0,0.0,0.0,1.95
266,1.2225,0.5,0.1,0.0,0.0015,1.95
267,1.2225,0.5,0.1,0.0,0.0015,1.95
268,1.222,0.0,0.0,0.0,0.0,1.95
269,1.2225,0.5,0.1,0.0,0.0015,1.95
270,1.2225,0.5,0.1,0.0,0.0015,1.95
271,1.2225,0.5,0.1,0.0,0.0015,1.95
272,1.222,0.0,0.0,0.0,0.0,1.95
273,1.222,0.0,0.0,0.0,0.0,1.95
274,1.2225,0.5,0.1,0.0,0.0015,1.95
275,1.2225,0.5,0.1,0.0,0.0015,1.95
276,1.2225,0.5,0.1,0.0,0.0015,1.95
277,1.222,0.0,0.0,0.0,0.0,1.95
278,1.2225,0.5,0.1,0.0,0.0015,1.95
279,1.222,0.0,0.0,0.0,0.0,1.95
280,1.2225,0.5,0.1,0.0,0.0015,1.95
281,1.2225,0.5,0.1,0.0,0.0015,1.95
282,1.222,0.0,0.0,0.0,0.0,1.95
283,1.2225,0.5,0.1,0.0,0.0015,1.95
284,1.222,0.0,0.0,0.0,0.0,1.95
285,1.222,0.0,0.0,0.0,0.0,1.95
286,1.222,0.0,0.0,0.0,0.0,1.95
287,1.222,0.0,0.0,0.0,0.0,1.95
288,1.2225,0.5,0.1,0.0,0.0015,1.95
289,1.222,0.0,0.0,0.0,0.0,1.95
290,1.2225,0.5,0.1,0.0,0.0015,1.95
291,1.2225,0.5,0.1,0.0,0.0015,1.95
292,1.222,0.0,0.0,0.0,0.0,1.95
293,1.222,0.0,0.0,0.0,0.0,1.95
294,1.222,0.0,0.0,0.0,0.0,1.95
295,1.222,0.0,0.0,0.0,0.0,1.95
296,1.222,0.0,0.0,0.0,0.0,1.95
297,1.2225,0.5,0.1,0.0,0.0015,1.95
298,1.222,0.0,0.0,0.0,0.0,1.95
299,1.2225,0.5,0.1,0.0,0.0015,1.95
300,1.222,0.0,0.0,0.0,0.0,1.95
301,1.222,0.0,0.0,0.0,0.0,1.95
302,1.222,0.0,0.0,0.0,0.0,1.95
303,1.222,0.0,0.0,0.0,0.0,1.95
304,1.2225,0.5,0.1,0.0,0.0015,1.95
305,1.2225,0.5,0.1,0.0,0.0015,1.95
306,1.2225,0.5,0.1,0.0,0.0015,1.95
307,1.222,0.0,0.0,0.0,0.0,1.95
308,1.222,0.0,0.0,0.0,0.0,1.95
309,1.2225,0.5,0.1,0.0,0.0015,1.95
310,1.222,0.0,0.0,0.0,0.0,1.95
311,1.222,0.0,0.0,0.0,0.0,1.95
312,1.222,0.0,0.0,0.0,0.0,1.95
313,1.2225,0.5,0.1,0.0,0.0015,1.95
314,1.222,0.0,0.0,0.0,0.0,1.95
315,1.2225,0.5,0.1,0.0,0.0015,1.95
316,1.222,0.0,0.0,0.0,0.0,1.95
317,1.222,0.0,0.0,0.0,0.0,1.95
318,1.2225,0.5,0.1,0.0,0.0015,1.95
319,1.222,0.0,0.0,0.0,0.0,1.95
320,1.222,0.0,0.0,0.0,0.0,1.95
321,1.222,0.0,0.0,0.0,0.0,1.95
322,1.222,0.0,0.0,0.0,0.0,1.95
323,1.2225,0.5,0.1,0.0,0.0015,1.95
324,1.222,0.0,0.0,0.0,0.0,1.95
325,1.222,0.0,0.0,0.0,0.0,1.95
326,1.222,0.0,0.0,0.0,0.0,1.95
327,1.222,0.0,0.0,0.0,0.0,1.95
328,1.2225,0.5,0.1,0.0,0.0015,1.95
329,1.2225,0.5,0.1,0.0,0.0015,1.95
330,1.222,0.0,0.0,0.0,0.0,1.95
331,1.222,0.0,0.0,0.0,0.0,1.95
332,1.222,0.0,0.0,0.0,0.0,1.95
333,1.222,0.0,0.0,0.0,0.0,1.95
334,1.222,0.0,0.0,0.0,0.0,1.95
335,1.2225,0.5,0.1,0.0,0.0015,1.95
336,1.2225,0.5,0.1,0.0,0.0015,1.95
337,1.2225,0.5,0.1,0.0,0.0015,1.95
338,1.2225,0.5,0.1,0.0,0.0015,1.95
339,1.222,0.0,0.0,0.0,0.0,1.95
340,1.222,0.0,0.0,0.0,0.0,1.95
341,1.222,0.0,0.0,0.0,0.0,1.95
342,1.222,0.0,0.0,0.0,0.0,1.95
343,1.222,0.0,0.0,0.0,0.0,1.95
344,1.2225,0.5,0.1,0.0,0.0015,1.95
345,1.222,0.0,0.0,0.0,0.0,1.95
346,1.222,0.0,0.0,0.0,0.0,1.95
347,1.2225,0.5,0.1,0.0,0.0015,1.95
348,1.2225,0.5,0.1,0.0,0.0015,1.95
349,1.222,0.0,0.0,0.0,0.0,1.95
350,1.222,0.0,0.0,0.0,0.0,1.95
351,1.222,0.0,0.0,0.0,0.0,1.95
352,1.2225,0.5,0.1,0.0,0.0015,1.95
353,1.222,0.0,0.0,0.0,0.0,1.95
354,1.2225,0.5,0.1,0.0,0.0015,1.95
355,1.2225,0.5,0.1,0.0,0.0015,1.95
356,1.2225,0.5,0.1,0.0,0.0015,1.95
357,1.2225,0.5,0.1,0.0,0.0015,1.95
358,1.222,0.0,0.0,0.0,0.0,1.95
359,1.222,0.0,0.0,0.0,0.0,1.95
360,1.2225,0.5,0.1,0.0,0.0015,1.95
361,1.2225,0.5,0.1,0.0,0.0015,1.95
362,1.2225,0.5,0.1,0.0,0.0015,1.95
363,1.222,0.0,0.0,0.0,0.0,1.95
364,1.2225,0.5,0.1,0.0,0.0015,1.95
365,1.222,0.0,0.0,0.0,0.0,1.95
366,1.2225,0.5,0.1,0.0,0.0015,1.95
367,1.2225,0.5,0.1,0.0,0.0015,1.95
368,1.222,0.0,0.0,0.0,0.0,1.95
369,1.222,0.0,0.0,0.0,0.0,1.95
370,1.222,0.0,0.0,0.0,0.0,1.95
371,1.2225,0.5,0.1,0.0,0.0015,1.95
372,1.222,0.0,0.0,0.0,0.0,1.95
373,1.222,0.0,0.0,0.0,0.0,1.95
374,1.2225,0.5,0.1,0.0,0.0015,1.95
375,1.222,0.0,0.0,0.0,0.0,1.95
376,1.2225,0.5,0.1,0.0,0.0015,1.95
377,1.222,0.0,0.0,0.0,0.0,1.95
378,1.222,0.0,0.0,0.0,0.0,1.95
379,1.2225,0.5,0.1,0.0,0.0015,1.95
380,1.222,0.0,0.0,0.0,0.0,1.95
381,1.222,0.0,0.0,0.0,0.0,1.95
382,1.2225,0.5,0.1,0.0,0.0015,1.95
383,1.222,0.0,0.0,0.0,0.0,1.95
384,1.222,0.0,0.0,0.0,0.0,1.95
385,1.2225,0.5,0.1,0.0,0.0015,1.95
386,1.222,0.0,0.0,0.0,0.0,1.95
387,1.222,0.0,0.0,0.0,0.0,1.95
388,1.222,0.0,0.0,0.0,0.0,1.95
389,1.222,0.0,0.0,0.0,0.0,1.95
390,1.2225,0.5,0.1,0.0,0.0015,1.95
391,1.222,0.0,0.0,0.0,0.0,1.95
392,1.222,0.0,0.0,0.0,0.0,1.95
393,1.222,0.0,0.0,0.0,0.0,1.95
394,1.222,0.0,0.0,0.0,0.0,1.95
395,1.2225,0.5,0.1,0.0,0.0015,1.95
396,1.222,0.0,0.0,0.0,0.0,1.95
397,1.222,0.0,0.0,0.0,0.0,1.95
398,1.222,0.0,0.0,0.0,0.0,1.95
399,1.222,0.0,0.0,0.0,0.0,1.95
400,1.222,0.0,0.0,0.0,0.0,1.95
401,1.222,0.0,0.0,0.0,0.0,1.95
402,1.222,0.0,0.0,0.0,0.0,1.95
403,1.222,0.0,0.0,0.0,0.0,1.95
404,1.222,0.0,0.0,0.0,0.0,1.95
405,1.222,0.0,0.0,0.0,0.0,1.95
406,1.222,0.0,0.0,0.0,0.0,1.95
407,1.2225,0.5,0.1,0.0,0.0015,1.95
408,1.222,0.0,0.0,0.0,0.0,1.95
409,1.2225,0.5,0.1,0.0,0.0015,1.95
410,1.222,0.0,0.0,0.0,0.0,1.95
411,1.222,0.0,0.0,0.0,0.0,1.95
412,1.222,0.0,0.0,0.0,0.0,1.95
413,1.2225,0.5,0.1,0.0,0.0015,1.95
414,1.2225,0.5,0.1,0.0,0.0015,1.95
415,1.222,0.0,0.0,0.0,0.0,1.95
416,1.222,0.0,0.0,0.0,0.0,1.95
417,1.222,0.0,0.0,0.0,0.0,1.95
418,1.222,0.0,0.0,0.0,0.0,1.95
419,1.2225,0.5,0.1,0.0,0.0015,1.95
420,1.2225,0.5,0.1,0.0,0.0015,1.95
421,1.2225,0.5,0.1,0.0,0.0015,1.95
422,1.2225,0.5,0.1,0.0,0.0015,1.95
423,1.2225,0.5,0.1,0.0,0.0015,1.95
424,1.2225,0.5,0.1,0.0,0.0015,1.95
425,1.222,0.0,0.0,0.0,0.0,1.95
426,1.2225,0.5,0.1,0.0,0.0015,1.95
427,1.2225,0.5,0.1,0.0,0.0015,1.95
428,1.222,0.0,0.0,0.0,0.0,1.95
429,1.222,0.0,0.0,0.0,0.0,1.95
430,1.2225,0.5,0.1,0.0,0.0015,1.95
431,1.2225,0.5,0.1,0.0,0.0015,1.95
432,1.2225,0.5,0.1,0.0,0.0015,1.95
433,1.2225,0.5,0.1,0.0,0.0015,1.95
434,1.2225,0.5,0.1,0.0,0.0015,1.95
435,1.222,0.0,0.0,0.0,0.0,1.95
436,1.222,0.0,0.0,0.0,0.0,1.95
437,1.2225,0.5,0.1,0.0,0.0015,1.95
438,1.222,0.0,0.0,0.0,0.0,1.95
439,1.222,0.0,0.0,0.0,0.0,1.95
440,1.222,0.0,0.0,0.0,0.0,1.95
441,1.222,0.0,0.0,0.0,0.0,1.95
442,1.2225,0.5,0.1,0.0,0.0015,1.95
443,1.222,0.0,0.0,0.0,0.0,1.95
444,1.222,0.0,0.0,0.0,0.0,1.95
445,1.222,0.0,0.0,0.0,0.0,1.95
446,1.222,0.0,0.0,0.0,0.0,1.95
447,1.222,0.0,0.0,0.0,0.0,1.95
448,1.2225,0.5,0.1,0.0,0.0015,1.95
449,1.222,0.0,0.0,0.0,0.0,1.95
450,1.2225,0.5,0.1,0.0,0.0015,1.95
451,1.222,0.0,0.0,0.0,0.0,1.95
452,1.222,0.0,0.0,0.0,0.0,1.95
453,1.2225,0.5,0.1,0.0,0.0015,1.95
454,1.2225,0.5,0.1,0.0,0.0015,1.95
455,1.222,0.0,0.0,0.0,0.0,1.95
456,1.222,0.0,0.0,0.0,0.0,1.95
457,1.222,0.0,0.0,0.0,0.0,1.95
458,1.2225,0.5,0.1,0.0,0.0015,1.95
459,1.2225,0.5,0.1,0.0,0.0015,1.95
460,1.2225,0.5,0.1,0.0,0.0015,1.95
461,1.222,0.0,0.0,0.0,0.0,1.95
462,1.222,0.0,0.0,0.0,0.0,1.95
463,1.222,0.0,0.0,0.0,0.0,1.95
464,1.222,0.0,0.0,0.0,0.0,1.95
465,1.2225,0.5,0.1,0.0,0.0015,1.95
466,1.222,0.0,0.0,0.0,0.0,1.95
467,1.222,0.0,0.0,0.0,0.0,1.95
468,1.2225,0.5,0.1,0.0,0.0015,1.95
469,1.2225,0.5,0.1,0.0,0.0015,1.95
470,1.2225,0.5,0.1,0.0,0.0015,1.95
471,1.222,0.0,0.0,0.0,0.0,1.95
472,1.222,0.0,0.0,0.0,0.0,1.95
473,1.222,0.0,0.0,0.0,0.0,1.95
474,1.222,0.0,0.0,0.0,0.0,1.95
475,1.2225,0.5,0.1,0.0,0.0015,1.95
476,1.2225,0.5,0.1,0.0,0.0015,1.95
477,1.222,0.0,0.0,0.0,0.0,1.95
478,1.222,0.0,0.0,0.0,0.0,1.95
479,1.222,0.0,0.0,0.0,0.0,1.95
480,1.2225,0.5,0.1,0.0,0.0015,1.95
481,1.222,0.0,0.0,0.0,0.0,1.95
482,1.2225,0.5,0.1,0.0,0.0015,1.95
483,1.2225,0.5,0.1,0.0,0.0015,1.95
484,1.222,0.0,0.0,0.0,0.0,1.95
485,1.2225,0.5,0.1,0.0,0.0015,1.95
486,1.222,0.0,0.0,0.0,0.0,1.95
487,1.2225,0.5,0.1,0.0,0.0015,1.95
488,1.2225,0.5,0.1,0.0,0.0015,1.95
489,1.2225,0.5,0.1,0.0,0.0015,1.95
490,1.222,0.0,0.0,0.0,0.0,1.95
491,1.222,0.0,0.0,0.0,0.0,1.95
492,1.2225,0.5,0.1,0.0,0.0015,1.95
493,1.2225,0.5,0.1,0.0,0.0015,1.95
494,1.222,0.0,0.0,0.0,0.0,1.95
495,1.2225,0.5,0.1,0.0,0.0015,1.95
496,1.222,0.0,0.0,0.0,0.0,1.95
497,1.222,0.0,0.0,0.0,0.0,1.95
498,1.2225,0.5,0.1,0.0,0.0015,1.95
499,1.222,0.0,0.0,0.0,0.0,1.95
500,1.222,0.0,0.0,0.0,0.0,1.95
501,1.2225,0.5,0.1,0.0,0.0015,1.95
502,1.2225,0.5,0.1,0.0,0.0015,1.95
503,1.222,0.0,0.0,0.0,0.0,1.95
504,1.2225,0.5,0.1,0.0,0.0015,1.95
505,1.222,0.0,0.0,0.0,0.0,1.95
506,1.2225,0.5,0.1,0.0,0.0015,1.95
507,1.2225,0.5,0.1,0.0,0.0015,1.95
508,1.222,0.0,0.0,0.0,0.0,1.95
509,1.222,0.0,0.0,0.0,0.0,1.95
510,1.2225,0.5,0.1,0.0,0.0015,1.95
511,1.222,0.0,0.0,0.0,0.0,1.95
512,1.222,0.0,0.0,0.0,0.0,1.95
513,1.2225,0.5,0.1,0.0,0.0015,1.95
514,1.222,0.0,0.0,0.0,0.0,1.95
515,1.2225,0.5,0.1,0.0,0.0015,1.95
516,1.222,0.0,0.0,0.0,0.0,1.95
517,1.222,0.0,0.0,0.0,0.0,1.95
518,1.222,0.0,0.0,0.0,0.0,1.95
519,1.2225,0.5,0.1,0.0,0.0015,1.95
520,1.2225,0.5,0.1,0.0,0.0015,1.95
521,1.222,0.0,0.0,0.0,0.0,1.95
522,1.222,0.0,0.0,0.0,0.0,1.95
523,1.2225,0.5,0.1,0.0,0.0015,1.95
524,1.2225,0.5,0.1,0.0,0.0015,1.95
525,1.222,0.0,0.0,0.0,0.0,1.95
526,1.222,0.0,0.0,0.0,0.0,1.95
527,1.222,0.0,0.0,0.0,0.0,1.95
528,1.222,0.0,0.0,0.0,0.0,1.95
529,1.2225,0.5,0.1,0.0,0.0015,1.95
530,1.2225,0.5,0.1,0.0,0.0015,1.95
531,1.2225,0.5,0.1,0.0,0.0015,1.95
532,1.2225,0.5,0.1,0.0,0.0015,1.95
533,1.222,0.0,0.0,0.0,0.0,1.95
534,1.2225,0.5,0.1,0.0,0.0015,1.95
535,1.2225,0.5,0.1,0.0,0.0015,1.95
536,1.222,0.0,0.0,0.0,0.0,1.95
537,1.222,0.0,0.0,0.0,0.0,1.95
538,1.2225,0.5,0.1,0.0,0.0015,1.95
539,1.2225,0.5,0.1,0.0,0.0015,1.95
540,1.222,0.0,0.0,0.0,0.0,1.95
541,1.222,0.0,0.0,0.0,0.0,1.95
542,1.222,0.0,0.0,0.0,0.0,1.95
543,1.222,0.0,0.0,0.0,0.0,1.95
544,1.222,0.0,0.0,0.0,0.0,1.95
545,1.222,0.0,0.0,0.0,0.0,1.95
546,1.2225,0.5,0.1,0.0,0.0015,1.95
547,1.2225,0.5,0.1,0.0,0.0015,1.95
548,1.222,0.0,0.0,0.0,0.0,1.95
549,1.222,0.0,0.0,0.0,0.0,1.95
550,1.222,0.0,0.0,0.0,0.0,1.95
551,1.2225,0.5,0.1,0.0,0.0015,1.95
552,1.2225,0.5,0.1,0.0,0.0015,1.95
553,1.222,0.0,0.0,0.0,0.0,1.95
554,1.222,0.0,0.0,0.0,0.0,1.95
555,1.222,0.0,0.0,0.0,0.0,1.95
556,1.222,0.0,0.0,0.0,0.0,1.95
557,1.2225,0.5,0.1,0.0,0.0015,1.95
558,1.222,0.0,0.0,0.0,0.0,1.95
559,1.2225,0.5,0.1,0.0,0.0015,1.95
560,1.2225,0.5,0.1,0.0,0.0015,1.95
561,1.222,0.0,0.0,0.0,0.0,1.95
562,1.222,0.0,0.0,0.0,0.0,1.95
563,1.222,0.0,0.0,0.0,0.0,1.95
564,1.222,0.0,0.0,0.0,0.0,1.95
565,1.222,0.0,0.0,0.0,0.0,1.95
566,1.2225,0.5,0.1,0.0,0.0015,1.95
567,1.2225,0.5,0.1,0.0,0.0015,1.95
568,1.2225,0.5,0.1,0.0,0.0015,1.95
569,1.2225,0.5,0.1,0.0,0.0015,1.95
570,1.2225,0.5,0.1,0.0,0.0015,1.95
571,1.2225,0.5,0.1,0.0,0.0015,1.95
572,1.2225,0.5,0.1,0.0,0.0015,1.95
573,1.2225,0.5,0.1,0.0,0.0015,1.95
574,1.2225,0.5,0.1,0.0,0.0015,1.95
575,1.222,0.0,0.0,0.0,0.0,1.95
576,1.2225,0.5,0.1,0.0,0.0015,1.95
577,1.222,0.0,0.0,0.0,0.0,1.95
578,1.2225,0.5,0.1,0.0,0.0015,1.95
579,1.222,0.0,0.0,0.0,0.0,1.95
580,1.2225,0.5,0.1,0.0,0.0015,1.95
581,1.2225,0.5,0.1,0.0,0.0015,1.95
582,1.222,0.0,0.0,0.0,0.0,1.95
583,1.222,0.0,0.0,0.0,0.0,1.95
584,1.2225,0.5,0.1,0.0,0.0015,1.95
585,1.222,0.0,0.0,0.0,0.0,1.95
586,1.222,0.0,0.0,0.0,0.0,1.95
587,1.2225,0.5,0.1,0.0,0.0015,1.95
588,1.2225,0.5,0.1,0.0,0.0015,1.95
589,1.222,0.0,0.0,0.0,0.0,1.95
590,1.2225,0.5,0.1,0.0,0.0015,1.95
591,1.222,0.0,0.0,0.0,0.0,1.95
592,1.222,0.0,0.0,0.0,0.0,1.95
593,1.2225,0.5,0.1,0.0,0.0015,1.95
594,1.2225,0.5,0.1,0.0,0.0015,1.95
595,1.2225,0.5,0.1,0.0,0.0015,1.95
596,1.2225,0.5,0.1,0.0,0.0015,1.95
597,1.222,0.0,0.0,0.0,0.0,1.95
598,1.2225,0.5,0.1,0.0,0.0015,1.95
599,1.2225,0.5,0.1,0.0,0.0015,1.95
600,1.2225,0.5,0.1,0.0,0.0015,1.95
601,1.222,0.0,0.0,0.0,0.0,1.95
602,1.2225,0.5,0.1,0.0,0.0015,1.95
603,1.2225,0.5,0.1,0.0,0.0015,1.95
604,1.222,0.0,0.0,0.0,0.0,1.95
605,1.2225,0.5,0.1,0.0,0.0015,1.95
606,1.2225,0.5,0.1,0.0,0.0015,1.95
607,1.2225,0.5,0.1,0.0,0.0015,1.95
608,1.222,0.0,0.0,0.0,0.0,1.95
609,1.222,0.0,0.0,0.0,0.0,1.95
610,1.2225,0.5,0.1,0.0,0.0015,1.95
611,1.2225,0.5,0.1,0.0,0.0015,1.95
612,1.222,0.0,0.0,0.0,0.0,1.95
613,1.2225,0.5,0.1,0.0,0.0015,1.95
614,1.222,0.0,0.0,0.0,0.0,1.95
615,1.2225,0.5,0.1,0.0,0.0015,1.95
616,1.2225,0.5,0.1,0.0,0.0015,1.95
617,1.222,0.0,0.0,0.0,0.0,1.95
618,1.222,0.0,0.0,0.0,0.0,1.95
619,1.2225,0.5,0.1,0.0,0.0015,1.95
620,1.222,0.0,0.0,0.0,0.0,1.95
621,1.222,0.0,0.0,0.0,0.0,1.95
622,1.2225,0.5,0.1,0.0,0.0015,1.95
623,1.222,0.0,0.0,0.0,0.0,1.95
624,1.2225,0.5,0.1,0.0,0.0015,1.95
625,1.222,0.0,0.0,0.0,0.0,1.95
626,1.222,0.0,0.0,0.0,0.0,1.95
627,1.222,0.0,0.0,0.0,0.0,1.95
628,1.222,0.0,0.0,0.0,0.0,1.95
629,1.2225,0.5,0.1,0.0,0.0015,1.95
630,1.2225,0.5,0.1,0.0,0.0015,1.95
631,1.2225,0.5,0.1,0.0,0.0015,1.95
632,1.222,0.0,0.0,0.0,0.0,1.95
633,1.2225,0.5,0.1,0.0,0.0015,1.95
634,1.222,0.0,0.0,0.0,0.0,1.95
635,1.222,0.0,0.0,0.0,0.0,1.95
636,1.222,0.0,0.0,0.0,0.0,1.95
637,1.222,0.0,0.0,0.0,0.0,1.95
638,1.2225,0.5,0.1,0.0,0.0015,1.95
639,1.222,0.0,0.0,0.0,0.0,1.95
640,1.222,0.0,0.0,0.0,0.0,1.95
641,1.2225,0.5,0.1,0.0,0.0015,1.95
642,1.2225,0.5,0.1,0.0,0.0015,1.95
643,1.2225,0.5,0.1,0.0,0.0015,1.95
644,1.2225,0.5,0.1,0.0,0.0015,1.95
645,1.222,0.0,0.0,0.0,0.0,1.95
646,1.222,0.0,0.0,0.0,0.0,1.95
647,1.2225,0.5,0.1,0.0,0.0015,1.95
648,1.222,0.0,0.0,0.0,0.0,1.95
649,1.222,0.0,0.0,0.0,0.0,1.95
650,1.222,0.0,0.0,0.0,0.0,1.95
651,1.2225,0.5,0.1,0.0,0.0015,1.95
652,1.222,0.0,0.0,0.0,0.0,1.95
653,1.2225,0.5,0.1,0.0,0.0015,1.95
654,1.222,0.0,0.0,0.0,0.0,1.95
655,1.222,0.0,0.0,0.0,0.0,1.95
656,1.2225,0.5,0.1,0.0,0.0015,1.95
657,1.222,0.0,0.0,0.0,0.0,1.95
658,1.222,0.0,0.0,0.0,0.0,1.95
659,1.222,0.0,0.0,0.0,0.0,1.95
660,1.2225,0.5,0.1,0.0,0.0015,1.95
661,1.2225,0.5,0.1,0.0,0.0015,1.95
662,1.222,0.0,0.0,0.0,0.0,1.95
663,1.222,0.0,0.0,0.0,0.0,1.95
664,1.222,0.0,0.0,0.0,0.0,1.95
665,1.222,0.0,0.0,0.0,0.0,1.95
666,1.2225,0.5,0.1,0.0,0.0015,1.95
667,1.2225,0.5,0.1,0.0,0.0015,1.95
668,1.2225,0.5,0.1,0.0,0.0015,1.95
669,1.2225,0.5,0.1,0.0,0.0015,1.95
670,1.222,0.0,0.0,0.0,0.0,1.95
671,1.222,0.0,0.0,0.0,0.0,1.95
672,1.222,0.0,0.0,0.0,0.0,1.95
673,1.2225,0.5,0.1,0.0,0.0015,1.95
674,1.2225,0.5,0.1,0.0,0.0015,1.95
675,1.2225,0.5,0.1,0.0,0.0015,1.95
676,1.222,0.0,0.0,0.0,0.0,1.95
677,1.2225,0.5,0.1,0.0,0.0015,1.95
678,1.222,0.0,0.0,0.0,0.0,1.95
679,1.2225,0.5,0.1,0.0,0.0015,1.95
680,1.2225,0.5,0.1,0.0,0.0015,1.95
681,1.222,0.0,0.0,0.0,0.0,1.95
682,1.222,0.0,0.0,0.0,0.0,1.95
683,1.222,0.0,0.0,0.0,0.0,1.95
684,1.2225,0.5,0.1,0.0,0.0015,1.95
685,1.2225,0.5,0.1,0.0,0.0015,1.95
686,1.2225,0.5,0.1,0.0,0.0015,1.95
687,1.222,0.0,0.0,0.0,0.0,1.95
688,1.2225,0.5,0.1,0.0,0.0015,1.95
689,1.222,0.0,0.0,0.0,0.0,1.95
690,1.2225,0.5,0.1,0.0,0.0015,1.95
691,1.2225,0.5,0.1,0.0,0.0015,1.95
692,1.222,0.0,0.0,0.0,0.0,1.95
693,1.222,0.0,0.0,0.0,0.0,1.95
694,1.222,0.0,0.0,0.0,0.0,1.95
695,1.222,0.0,0.0,0.0,0.0,1.95
696,1.222,0.0,0.0,0.0,0.0,1.95
697,1.2225,0.5,0.1,0.0,0.0015,1.95
698,1.2225,0.5,0.1,0.0,0.0015,1.95
699,1.2225,0.5,0.1,0.0,0.0015,1.95
700,1.222,0.0,0.0,0.0,0.0,1.95
701,1.222,0.0,0.0,0.0,0.0,1.95
702,1.222,0.0,0.0,0.0,0.0,1.95
703,1.222,0.0,0.0,0.0,0.0,1.95
704,1.222,0.0,0.0,0.0,0.0,1.95
705,1.2225,0.5,0.1,0.0,0.0015,1.95
706,1.2225,0.5,0.1,0.0,0.0015,1.95
707,1.2225,0.5,0.1,0.0,0.0015,1.95
708,1.222,0.0,0.0,0.0,0.0,1.95
709,1.222,0.0,0.0,0.0,0.0,1.95
710,1.2225,0.5,0.1,0.0,0.0015,1.95
711,1.2225,0.5,0.1,0.0,0.0015,1.95
712,1.222,0.0,0.0,0.0,0.0,1.95
713,1.2225,0.5,0.1,0.0,0.0015,1.95
714,1.2225,0.5,0.1,0.0,0.0015,1.95
715,1.222,0.0,0.0,0.0,0.0,1.95
716,1.2225,0.5,0.1,0.0,0.0015,1.95
717,1.222,0.0,0.0,0.0,0.0,1.95
718,1.222,0.0,0.0,0.0,0.0,1.95
719,1.222,0.0,0.0,0.0,0.0,1.95
720,1.222,0.0,0.0,0.0,0.0,1.95
721,1.2225,0.5,0.1,0.0,0.0015,1.95
722,1.222,0.0,0.0,0.0,0.0,1.95
723,1.2225,0.5,0.1,0.0,0.0015,1.95
724,1.2225,0.5,0.1,0.0,0.0015,1.95
725,1.2225,0.5,0.1,0.0,0.0015,1.95
726,1.222,0.0,0.0,0.0,0.0,1.95
727,1.222,0.0,0.0,0.0,0.0,1.95
728,1.2225,0.5,0.1,0.0,0.0015,1.95
729,1.222,0.0,0.0,0.0,0.0,1.95
730,1.222,0.0,0.0,0.0,0.0,1.95
731,1.222,0.0,0.0,0.0,0.0,1.95
732,1.2225,0.5,0.1,0.0,0.0015,1.95
733,1.2225,0.5,0.1,0.0,0.0015,1.95
734,1.222,0.0,0.0,0.0,0.0,1.95
735,1.222,0.0,0.0,0.0,0.0,1.95
736,1.2225,0.5,0.1,0.0,0.0015,1.95
737,1.2225,0.5,0.1,0.0,0.0015,1.95
738,1.2225,0.5,0.1,0.0,0.0015,1.95
739,1.2225,0.5,0.1,0.0,0.0015,1.95
740,1.2225,0.5,0.1,0.0,0.0015,1.95
741,1.2225,0.5,0.1,0.0,0.0015,1.95
742,1.2225,0.5,0.1,0.0,0.0015,1.95
743,1.222,0.0,0.0,0.0,0.0,1.95
744,1.222,0.0,0.0,0.0,0.0,1.95
745,1.2225,0.5,0.1,0.0,0.0015,1.95
746,1.2225,0.5,0.1,0.0,0.0015,1.95
747,1.2225,0.5,0.1,0.0,0.0015,1.95
748,1.2225,0.5,0.1,0.0,0.0015,1.95
749,1.2225,0.5,0.1,0.0,0.0015,1.95
750,1.222,0.0,0.0,0.0,0.0,1.95
751,1.2225,0.5,0.1,0.0,0.0015,1.95
752,1.222,0.0,0.0,0.0,0.0,1.95
753,1.222,0.0,0.0,0.0,0.0,1.95
754,1.2225,0.5,0.1,0.0,0.0015,1.95
755,1.2225,0.5,0.1,0.0,0.0015,1.95
756,1.2225,0.5,0.1,0.0,0.0015,1.95
757,1.222,0.0,0.0,0.0,0.0,1.95
758,1.2225,0.5,0.1,0.0,0.0015,1.95
759,1.2225,0.5,0.1,0.0,0.0015,1.95
760,1.2225,0.5,0.1,0.0,0.0015,1.95
761,1.222,0.0,0.0,0.0,0.0,1.95
762,1.222,0.0,0.0,0.0,0.0,1.95
763,1.2225,0.5,0.1,0.0,0.0015,1.95
764,1.222,0.0,0.0,0.0,0.0,1.95
765,1.2225,0.5,0.1,0.0,0.0015,1.95
766,1.222,0.0,0.0,0.0,0.0,1.95
767,1.2225,0.5,0.1,0.0,0.0015,1.95
768,1.2225,0.5,0.1,0.0,0.0015,1.95
769,1.222,0.0,0.0,0.0,0.0,1.95
770,1.222,0.0,0.0,0.0,0.0,1.95
771,1.222,0.0,0.0,0.0,0.0,1.95
772,1.2225,0.5,0.1,0.0,0.0015,1.95
773,1.2225,0.5,0.1,0.0,0.0015,1.95
774,1.2225,0.5,0.1,0.0,0.0015,1.95
775,1.2225,0.5,0.1,0.0,0.0015,1.95
776,1.222,0.0,0.0,0.0,0.0,1.95
777,1.2225,0.5,0.1,0.0,0.0015,1.95
778,1.2225,0.5,0.1,0.0,0.0015,1.95
779,1.222,0.0,0.0,0.0,0.0,1.95
780,1.222,0.0,0.0,0.0,0.0,1.95
781,1.2225,0.5,0.1,0.0,0.0015,1.95
782,1.2225,0.5,0.1,0.0,0.0015,1.95
783,1.2225,0.5,0.1,0.0,0.0015,1.95
784,1.222,0.0,0.0,0.0,0.0,1.95
785,1.2225,0.5,0.1,0.0,0.0015,1.95
786,1.222,0.0,0.0,0.0,0.0,1.95
787,1.222,0.0,0.0,0.0,0.0,1.95
788,1.222,0.0,0.0,0.0,0.0,1.95
789,1.222,0.0,0.0,0.0,0.0,1.95
790,1.2225,0.5,0.1,0.0,0.0015,1.95
791,1.2225,0.5,0.1,0.0,0.0015,1.95
792,1.222,0.0,0.0,0.0,0.0,1.95
793,1.222,0.0,0.0,0.0,0.0,1.95
794,1.222,0.0,0.0,0.0,0.0,1.95
795,1.222,0.0,0.0,0.0,0.0,1.95
796,1.2225,0.5,0.1,0.0,0.0015,1.95
797,1.222,0.0,0.0,0.0,0.0,1.95
798,1.2225,0.5,0.1,0.0,0.0015,1.95
799,1.222,0.0,0.0,0.0,0.0,1.95
800,1.222,0.0,0.0,0.0,0.0,1.95
801,1.222,0.0,0.0,0.0,0.0,1.95
802,1.2225,0.5,0.1,0.0,0.0015,1.95
803,1.2225,0.5,0.1,0.0,0.0015,1.95
804,1.2225,0.5,0.1,0.0,0.0015,1.95
805,1.222,0.0,0.0,0.0,0.0,1.95
806,1.222,0.0,0.0,0.0,0.0,1.95
807,1.2225,0.5,0.1,0.0,0.0015,1.95
808,1.2225,0.5,0.1,0.0,0.0015,1.95
809,1.2225,0.5,0.1,0.0,0.0015,1.95
810,1.222,0.0,0.0,0.0,0.0,1.95
811,1.2225,0.5,0.1,0.0,0.0015,1.95
812,1.222,0.0,0.0,0.0,0.0,1.95
813,1.222,0.0,0.0,0.0,0.0,1.95
814,1.222,0.0,0.0,0.0,0.0,1.95
815,1.222,0.0,0.0,0.0,0.0,1.95
816,1.2225,0.5,0.1,0.0,0.0015,1.95
817,1.2225,0.5,0.1,0.0,0.0015,1.95
818,1.2225,0.5,0.1,0.0,0.0015,1.95
819,1.222,0.0,0.0,0.0,0.0,1.95
820,1.222,0.0,0.0,0.0,0.0,1.95
821,1.222,0.0,0.0,0.0,0.0,1.95
822,1.2225,0.5,0.1,0.0,0.0015,1.95
823,1.2225,0.5,0.1,0.0,0.0015,1.95
824,1.222,0.0,0.0,0.0,0.0,1.95
825,1.222,0.0,0.0,0.0,0.0,1.95
826,1.222,0.0,0.0,0.0,0.0,1.95
827,1.222,0.0,0.0,0.0,0.0,1.95
828,1.222,0.0,0.0,0.0,0.0,1.95
829,1.222,0.0,0.0,0.0,0.0,1.95
830,1.222,0.0,0.0,0.0,0.0,1.95
831,1.2225,0.5,0.1,0.0,0.0015,1.95
832,1.2225,0.5,0.1,0.0,0.0015,1.95
833,1.222,0.0,0.0,0.0,0.0,1.95
834,1.222,0.0,0.0,0.0,0.0,1.95
835,1.2225,0.5,0.1,0.0,0.0015,1.95
836,1.2225,0.5,0.1,0.0,0.0015,1.95
837,1.2225,0.5,0.1,0.0,0.0015,1.95
838,1.222,0.0,0.0,0.0,0.0,1.95
839,1.2225,0.5,0.1,0.0,0.0015,1.95
840,1.222,0.0,0.0,0.0,0.0,1.95
841,1.2225,0.5,0.1,0.0,0.0015,1.95
842,1.2225,0.5,0.1,0.0,0.0015,1.95
843,1.222,0.0,0.0,0.0,0.0,1.95
844,1.2225,0.5,0.1,0.0,0.0015,1.95
845,1.222,0.0,0.0,0.0,0.0,1.95
846,1.222,0.0,0.0,0.0,0.0,1.95
847,1.222,0.0,0.0,0.0,0.0,1.95
848,1.222,0.0,0.0,0.0,0.0,1.95
849,1.222,0.0,0.0,0.0,0.0,1.95
850,1.2225,0.5,0.1,0.0,0.0015,1.95
851,1.2225,0.5,0.1,0.0,0.0015,1.95
852,1.2225,0.5,0.1,0.0,0.0015,1.95
853,1.2225,0.5,0.1,0.0,0.0015,1.95
854,1.2225,0.5,0.1,0.0,0.0015,1.95
855,1.222,0.0,0.0,0.0,0.0,1.95
856,1.222,0.0,0.0,0.0,0.0,1.95
857,1.222,0.0,0.0,0.0,0.0,1.95
858,1.222,0.0,0.0,0.0,0.0,1.95
859,1.2225,0.5,0.1,0.0,0.0015,1.95
860,1.222,0.0,0.0,0.0,0.0,1.95
861,1.2225,0.5,0.1,0.0,0.0015,1.95
862,1.2225,0.5,0.1,0.0,0.0015,1.95
863,1.2225,0.5,0.1,0.0,0.0015,1.95
864,1.222,0.0,0.0,0.0,0.0,1.95
865,1.2225,0.5,0.1,0.0,0.0015,1.95
866,1.222,0.0,0.0,0.0,0.0,1.95
867,1.222,0.0,0.0,0.0,0.0,1.95
868,1.2225,0.5,0.1,0.0,0.0015,1.95
869,1.2225,0.5,0.1,0.0,0.0015,1.95
870,1.2225,0.5,0.1,0.0,0.0015,1.95
871,1.222,0.0,0.0,0.0,0.0,1.95
872,1.2225,0.5,0.1,0.0,0.0015,1.95
873,1.222,0.0,0.0,0.0,0.0,1.95
874,1.222,0.0,0.0,0.0,0.0,1.95
875,1.222,0.0,0.0,0.0,0.0,1.95
876,1.2225,0.5,0.1,0.0,0.0015,1.95
877,1.2225,0.5,0.1,0.0,0.0015,1.95
878,1.222,0.0,0.0,0.0,0.0,1.95
879,1.2225,0.5,0.1,0.0,0.0015,1.95
880,1.2225,0.5,0.1,0.0,0.0015,1.95
881,1.222,0.0,0.0,0.0,0.0,1.95
882,1.2225,0.5,0.1,0.0,0.0015,1.95
883,1.2225,0.5,0.1,0.0,0.0015,1.95
884,1.222,0.0,0.0,0.0,0.0,1.95
885,1.222,0.0,0.0,0.0,0.0,1.95
886,1.2225,0.5,0.1,0.0,0.0015,1.95
887,1.2225,0.5,0.1,0.0,0.0015,1.95
888,1.2225,0.5,0.1,0.0,0.0015,1.95
889,1.2225,0.5,0.1,0.0,0.0015,1.95
890,1.2225,0.5,0.1,0.0,0.0015,1.95
891,1.2225,0.5,0.1,0.0,0.0015,1.95
892,1.2225,0.5,0.1,0.0,0.0015,1.95
893,1.2225,0.5,0.1,0.0,0.0015,1.95
894,1.222,0.0,0.0,0.0,0.0,1.95
895,1.2225,0.5,0.1,0.0,0.0015,1.95
896,1.2225,0.5,0.1,0.0,0.0015,1.95
897,1.222,0.0,0.0,0.0,0.0,1.95
898,1.222,0.0,0.0,0.0,0.0,1.95
899,1.2225,0.5,0.1,0.0,0.0015,1.95
900,1.2225,0.5,0.1,0.0,0.0015,1.95
901,1.222,0.0,0.0,0.0,0.0,1.95
902,1.222,0.0,0.0,0.0,0.0,1.95
903,1.222,0.0,0.0,0.0,0.0,1.95
904,1.2225,0.5,0.1,0.0,0.0015,1.95
905,1.222,0.0,0.0,0.0,0.0,1.95
906,1.2225,0.5,0.1,0.0,0.0015,1.95
907,1.222,0.0,0.0,0.0,0.0,1.95
908,1.2225,0.5,0.1,0.0,0.0015,1.95
909,1.222,0.0,0.0,0.0,0.0,1.95
910,1.2225,0.5,0.1,0.0,0.0015,1.95
911,1.222,0.0,0.0,0.0,0.0,1.95
912,1.2225,0.5,0.1,0.0,0.0015,1.95
913,1.2225,0.5,0.1,0.0,0.0015,1.95
914,1.2225,0.5,0.1,0.0,0.0015,1.95
915,1.222,0.0,0.0,0.0,0.0,1.95
916,1.222,0.0,0.0,0.0,0.0,1.95
917,1.222,0.0,0.0,0.0,0.0,1.95
918,1.2225,0.5,0.1,0.0,0.0015,1.95
919,1.2225,0.5,0.1,0.0,0.0015,1.95
920,1.222,0.0,0.0,0.0,0.0,1.95
921,1.2225,0.5,0.1,0.0,0.0015,1.95
922,1.222,0.0,0.0,0.0,0.0,1.95
923,1.2225,0.5,0.1,0.0,0.0015,1.95
924,1.2225,0.5,0.1,0.0,0.0015,1.95
925,1.222,0.0,0.0,0.0,0.0,1.95
926,1.2225,0.5,0.1,0.0,0.0015,1.95
927,1.222,0.0,0.0,0.0,0.0,1.95
928,1.222,0.0,0.0,0.0,0.0,1.95
929,1.222,0.0,0.0,0.0,0.0,1.95
930,1.2225,0.5,0.1,0.0,0.0015,1.95
931,1.2225,0.5,0.1,0.0,0.0015,1.95
932,1.222,0.0,0.0,0.0,0.0,1.95
933,1.222,0.0,0.0,0.0,0.0,1.95
934,1.222,0.0,0.0,0.0,0.0,1.95
935,1.222,0.0,0.0,0.0,0.0,1.95
936,1.2225,0.5,0.1,0.0,0.0015,1.95
937,1.2225,0.5,0.1,0.0,0.0015,1.95
938,1.222,0.0,0.0,0.0,0.0,1.95
939,1.222,0.0,0.0,0.0,0.0,1.95
940,1.222,0.0,0.0,0.0,0.0,1.95
941,1.2225,0.5,0.1,0.0,0.0015,1.95
942,1.2225,0.5,0.1,0.0,0.0015,1.95
943,1.222,0.0,0.0,0.0,0.0,1.95
944,1.2225,0.5,0.1,0.0,0.0015,1.95
945,1.222,0.0,0.0,0.0,0.0,1.95
946,1.2225,0.5,0.1,0.0,0.0015,1.95
947,1.222,0.0,0.0,0.0,0.0,1.95
948,1.2225,0.5,0.1,0.0,0.0015,1.95
949,1.2225,0.5,0.1,0.0,0.0015,1.95
950,1.222,0.0,0.0,0.0,0.0,1.95
951,1.2225,0.5,0.1,0.0,0.0015,1.95
952,1.2225,0.5,0.1,0.0,0.0015,1.95
953,1.222,0.0,0.0,0.0,0.0,1.95
954,1.222,0.0,0.0,0.0,0.0,1.95
955,1.222,0.0,0.0,0.0,0.0,1.95
956,1.2225,0.5,0.1,0.0,0.0015,1.95
957,1.222,0.0,0.0,0.0,0.0,1.95
958,1.222,0.0,0.0,0.0,0.0,1.95
959,1.222,0.0,0.0,0.0,0.0,1.95
960,1.222,0.0,0.0,0.0,0.0,1.95
961,1.2225,0.5,0.1,0.0,0.0015,1.95
962,1.222,0.0,0.0,0.0,0.0,1.95
963,1.2225,0.5,0.1,0.0,0.0015,1.95
964,1.2225,0.5,0.1,0.0,0.0015,1.95
965,1.2225,0.5,0.1,0.0,0.0015,1.95
966,1.222,0.0,0.0,0.0,0.0,1.95
967,1.2225,0.5,0.1,0.0,0.0015,1.95
968,1.2225,0.5,0.1,0.0,0.0015,1.95
969,1.2225,0.5,0.1,0.0,0.0015,1.95
970,1.2225,0.5,0.1,0.0,0.0015,1.95
971,1.222,0.0,0.0,0.0,0.0,1.95
972,1.2225,0.5,0.1,0.0,0.0015,1.95
973,1.222,0.0,0.0,0.0,0.0,1.95
974,1.222,0.0,0.0,0.0,0.0,1.95
975,1.222,0.0,0.0,0.0,0.0,1.95
976,1.222,0.0,0.0,0.0,0.0,1.95
977,1.2225,0.5,0.1,0.0,0.0015,1.95
978,1.222,0.0,0.0,0.0,0.0,1.95
979,1.222,0.0,0.0,0.0,0.0,1.95
980,1.2225,0.5,0.1,0.0,0.0015,1.95
981,1.2225,0.5,0.1,0.0,0.0015,1.95
982,1.222,0.0,0.0,0.0,0.0,1.95
983,1.222,0.0,0.0,0.0,0.0,1.95
984,1.222,0.0,0.0,0.0,0.0,1.95
985,1.222,0.0,0.0,0.0,0.0,1.95
986,1.2225,0.5,0.1,0.0,0.0015,1.95
987,1.2225,0.5,0.1,0.0,0.0015,1.95
988,1.222,0.0,0.0,0.0,0.0,1.95
989,1.2225,0.5,0.1,0.0,0.0015,1.95
990,1.2225,0.5,0.1,0.0,0.0015,1.95
991,1.222,0.0,0.0,0.0,0.0,1.95
992,1.2225,0.5,0.1,0.0,0.0015,1.95
993,1.222,0.0,0.0,0.0,0.0,1.95
994,1.222,0.0,0.0,0.0,0.0,1.95
995,1.222,0.0,0.0,0.0,0.0,1.95
996,1.2225,0.5,0.1,0.0,0.0015,1.95
997,1.222,0.0,0.0,0.0,0.0,1.95
998,1.222,0.0,0.0,0.0,0.0,1.95
999,1.2225,0.5,0.1,0.0,0.0015,1.95
1000,1.222,0.0,0.0,0.0,0.0,1.95
1001,1.2225,0.5,0.1,0.0,0.0015,1.95
1002,1.222,0.0,0.0,0.0,0.0,1.95
1003,1.222,0.0,0.0,0.0,0.0,1.95
1004,1.222,0.0,0.0,0.0,0.0,1.95
1005,1.2225,0.5,0.1,0.0,0.0015,1.95
1006,1.222,0.0,0.0,0.0,0.0,1.95
1007,1.222,0.0,0.0,0.0,0.0,1.95
1008,1.222,0.0,0.0,0.0,0.0,1.95
1009,1.222,0.0,0.0,0.0,0.0,1.95
1010,1.222,0.0,0.0,0.0,0.0,1.95
1011,1.2225,0.5,0.1,0.0,0.0015,1.95
1012,1.2225,0.5,0.1,0.0,0.0015,1.95
1013,1.2225,0.5,0.1,0.0,0.0015,1.95
1014,1.2225,0.5,0.1,0.0,0.0015,1.95
1015,1.2225,0.5,0.1,0.0,0.0015,1.95
1016,1.2225,0.5,0.1,0.0,0.0015,1.95
1017,1.222,0.0,0.0,0.0,0.0,1.95
1018,1.222,0.0,0.0,0.0,0.0,1.95
1019,1.2225,0.5,0.1,0.0,0.0015,1.95
1020,1.222,0.0,0.0,0.0,0.0,1.95
1021,1.2225,0.5,0.1,0.0,0.0015,1.95
1022,1.2225,0.5,0.1,0.0,0.0015,1.95
1023,1.222,0.0,0.0,0.0,0.0,1.95
1024,1.222,0.0,0.0,0.0,0.0,1.95
1025,1.2225,0.5,0.1,0.0,0.0015,1.95
1026,1.2225,0.5,0.1,0.0,0.0015,1.95
1027,1.2225,0.5,0.1,0.0,0.0015,1.95
1028,1.2225,0.5,0.1,0.0,0.0015,1.95
1029,1.222,0.0,0.0,0.0,0.0,1.95
1030,1.2225,0.5,0.1,0.0,0.0015,1.95
1031,1.2225,0.5,0.1,0.0,0.0015,1.95
1032,1.222,0.0,0.0,0.0,0.0,1.95
1033,1.222,0.0,0.0,0.0,0.0,1.95
1034,1.2225,0.5,0.1,0.0,0.0015,1.95
1035,1.2225,0.5,0.1,0.0,0.0015,1.95
1036,1.2225,0.5,0.1,0.0,0.0015,1.95
1037,1.222,0.0,0.0,0.0,0.0,1.95
1038,1.2225,0.5,0.1,0.0,0.0015,1.95
1039,1.222,0.0,0.0,0.0,0.0,1.95
1040,1.222,0.0,0.0,0.0,0.0,1.95
1041,1.2225,0.5,0.1,0.0,0.0015,1.95
1042,1.222,0.0,0.0,0.0,0.0,1.95
1043,1.2225,0.5,0.1,0.0,0.0015,1.95
1044,1.2225,0.5,0.1,0.0,0.0015,1.95
1045,1.222,0.0,0.0,0.0,0.0,1.95
1046,1.222,0.0,0.0,0.0,0.0,1.95
1047,1.222,0.0,0.0,0.0,0.0,1.95
1048,1.2225,0.5,0.1,0.0,0.0015,1.95
1049,1.222,0.0,0.0,0.0,0.0,1.95
1050,1.2225,0.5,0.1,0.0,0.0015,1.95
1051,1.222,0.0,0.0,0.0,0.0,1.95
1052,1.2225,0.5,0.1,0.0,0.0015,1.95
1053,1.2225,0.5,0.1,0.0,0.0015,1.95
1054,1.222,0.0,0.0,0.0,0.0,1.95
1055,1.2225,0.5,0.1,0.0,0.0015,1.95
1056,1.222,0.0,0.0,0.0,0.0,1.95
1057,1.222,0.0,0.0,0.0,0.0,1.95
1058,1.222,0.0,0.0,0.0,0.0,1.95
1059,1.2225,0.5,0.1,0.0,0.0015,1.95
1060,1.222,0.0,0.0,0.0,0.0,1.95
1061,1.2225,0.5,0.1,0.0,0.0015,1.95
1062,1.222,0.0,0.0,0.0,0.0,1.95
1063,1.2225,0.5,0.1,0.0,0.0015,1.95
1064,1.222,0.0,0.0,0.0,0.0,1.95
1065,1.2225,0.5,0.1,0.0,0.0015,1.95
1066,1.2225,0.5,0.1,0.0,0.0015,1.95
1067,1.222,0.0,0.0,0.0,0.0,1.95
1068,1.222,0.0,0.0,0.0,0.0,1.95
1069,1.2225,0.5,0.1,0.0,0.0015,1.95
1070,1.2225,0.5,0.1,0.0,0.0015,1.95
1071,1.2225,0.5,0.1,0.0,0.0015,1.95
1072,1.222,0.0,0.0,0.0,0.0,1.95
1073,1.222,0.0,0.0,0.0,0.0,1.95
1074,1.2225,0.5,0.1,0.0,0.0015,1.95
1075,1.2225,0.5,0.1,0.0,0.0015,1.95
1076,1.222,0.0,0.0,0.0,0.0,1.95
1077,1.222,0.0,0.0,0.0,0.0,1.95
1078,1.2225,0.5,0.1,0.0,0.0015,1.95
1079,1.222,0.0,0.0,0.0,0.0,1.95
1080,1.2225,0.5,0.1,0.0,0.0015,1.95
1081,1.222,0.0,0.0,0.0,0.0,1.95
1082,1.2225,0.5,0.1,0.0,0.0015,1.95
1083,1.222,0.0,0.0,0.0,0.0,1.95
1084,1.222,0.0,0.0,0.0,0.0,1.95
1085,1.222,0.0,0.0,0.0,0.0,1.95
1086,1.2225,0.5,0.1,0.0,0.0015,1.95
1087,1.2225,0.5,0.1,0.0,0.0015,1.95
1088,1.222,0.0,0.0,0.0,0.0,1.95
1089,1.222,0.0,0.0,0.0,0.0,1.95
1090,1.222,0.0,0.0,0.0,0.0,1.95
1091,1.2225,0.5,0.1,0.0,0.0015,1.95
1092,1.222,0.0,0.0,0.0,0.0,1.95
1093,1.222,0.0,0.0,0.0,0.0,1.95
1094,1.222,0.0,0.0,0.0,0.0,1.95
1095,1.2225,0.5,0.1,0.0,0.0015,1.95
1096,1.222,0.0,0.0,0.0,0.0,1.95
1097,1.222,0.0,0.0,0.0,0.0,1.95
1098,1.222,0.0,0.0,0.0,0.0,1.95
1099,1.222,0.0,0.0,0.0,0.0,1.95
1100,1.2225,0.5,0.1,0.0,0.0015,1.95
1101,1.2225,0.5,0.1,0.0,0.0015,1.95
1102,1.222,0.0,0.0,0.0,0.0,1.95
1103,1.222,0.0,0.0,0.0,0.0,1.95
1104,1.2225,0.5,0.1,0.0,0.0015,1.95
1105,1.2225,0.5,0.1,0.0,0.0015,1.95
1106,1.2225,0.5,0.1,0.0,0.0015,1.95
1107,1.2225,0.5,0.1,0.0,0.0015,1.95
1108,1.222,0.0,0.0,0.0,0.0,1.95
1109,1.222,0.0,0.0,0.0,0.0,1.95
1110,1.2225,0.5,0.1,0.0,0.0015,1.95
1111,1.2225,0.5,0.1,0.0,0.0015,1.95
1112,1.2225,0.5,0.1,0.0,0.0015,1.95
1113,1.2225,0.5,0.1,0.0,0.0015,1.95
1114,1.2225,0.5,0.1,0.0,0.0015,1.95
1115,1.2225,0.5,0.1,0.0,0.0015,1.95
1116,1.2225,0.5,0.1,0.0,0.0015,1.95
1117,1.222,0.0,0.0,0.0,0.0,1.95
1118,1.222,0.0,0.0,0.0,0.0,1.95
1119,1.222,0.0,0.0,0.0,0.0,1.95
1120,1.2225,0.5,0.1,0.0,0.0015,1.95
1121,1.222,0.0,0.0,0.0,0.0,1.95
1122,1.222,0.0,0.0,0.0,0.0,1.95
1123,1.2225,0.5,0.1,0.0,0.0015,1.95
1124,1.2225,0.5,0.1,0.0,0.0015,1.95
1125,1.2225,0.5,0.1,0.0,0.0015,1.95
1126,1.222,0.0,0.0,0.0,0.0,1.95
1127,1.222,0.0,0.0,0.0,0.0,1.95
1128,1.2225,0.5,0.1,0.0,0.0015,1.95
1129,1.2225,0.5,0.1,0.0,0.0015,1.95
1130,1.2225,0.5,0.1,0.0,0.0015,1.95
1131,1.2225,0.5,0.1,0.0,0.0015,1.95
1132,1.2225,0.5,0.1,0.0,0.0015,1.95
1133,1.2225,0.5,0.1,0.0,0.0015,1.95
1134,1.222,0.0,0.0,0.0,0.0,1.95
1135,1.2225,0.5,0.1,0.0,0.0015,1.95
1136,1.222,0.0,0.0,0.0,0.0,1.95
1137,1.222,0.0,0.0,0.0,0.0,1.95
1138,1.2225,0.5,0.1,0.0,0.0015,1.95
1139,1.2225,0.5,0.1,0.0,0.0015,1.95
1140,1.222,0.0,0.0,0.0,0.0,1.95
1141,1.2225,0.5,0.1,0.0,0.0015,1.95
1142,1.222,0.0,0.0,0.0,0.0,1.95
1143,1.222,0.0,0.0,0.0,0.0,1.95
1144,1.222,0.0,0.0,0.0,0.0,1.95
1145,1.222,0.0,0.0,0.0,0.0,1.95
1146,1.222,0.0,0.0,0.0,0.0,1.95
1147,1.222,0.0,0.0,0.0,0.0,1.95
1148,1.2225,0.5,0.1,0.0,0.0015,1.95
1149,1.2225,0.5,0.1,0.0,0.0015,1.95
1150,1.222,0.0,0.0,0.0,0.0,1.95
1151,1.2225,0.5,0.1,0.0,0.0015,1.95
1152,1.222,0.0,0.0,0.0,0.0,1.95
1153,1.2225,0.5,0.1,0.0,0.0015,1.95
1154,1.2225,0.5,0.1,0.0,0.0015,1.95
1155,1.2225,0.5,0.1,0.0,0.0015,1.95
1156,1.2225,0.5,0.1,0.0,0.0015,1.95
1157,1.2225,0.5,0.1,0.0,0.0015,1.95
1158,1.2225,0.5,0.1,0.0,0.0015,1.95
1159,1.2225,0.5,0.1,0.0,0.0015,1.95
1160,1.222,0.0,0.0,0.0,0.0,1.95
1161,1.222,0.0,0.0,0.0,0.0,1.95
1162,1.2225,0.5,0.1,0.0,0.0015,1.95
1163,1.222,0.0,0.0,0.0,0.0,1.95
1164,1.2225,0.5,0.1,0.0,0.0015,1.95
1165,1.2225,0.5,0.1,0.0,0.0015,1.95
1166,1.222,0.0,0.0,0.0,0.0,1.95
1167,1.222,0.0,0.0,0.0,0.0,1.95
1168,1.2225,0.5,0.1,0.0,0.0015,1.95
1169,1.2225,0.5,0.1,0.0,0.0015,1.95
1170,1.2225,0.5,0.1,0.0,0.0015,1.95
1171,1.2225,0.5,0.1,0.0,0.0015,1.95
1172,1.2225,0.5,0.1,0.0,0.0015,1.95
1173,1.222,0.0,0.0,0.0,0.0,1.95
1174,1.2225,0.5,0.1,0.0,0.0015,1.95
1175,1.222,0.0,0.0,0.0,0.0,1.95
1176,1.222,0.0,0.0,0.0,0.0,1.95
1177,1.2225,0.5,0.1,0.0,0.0015,1.95
1178,1.2225,0.5,0.1,0.0,0.0015,1.95
1179,1.2225,0.5,0.1,0.0,0.0015,1.95
1180,1.2225,0.5,0.1,0.0,0.0015,1.95
1181,1.2225,0.5,0.1,0.0,0.0015,1.95
1182,1.222,0.0,0.0,0.0,0.0,1.95
1183,1.2225,0.5,0.1,0.0,0.0015,1.95
1184,1.2225,0.5,0.1,0.0,0.0015,1.95
1185,1.2225,0.5,0.1,0.0,0.0015,1.95
1186,1.222,0.0,0.0,0.0,0.0,1.95
1187,1.222,0.0,0.0,0.0,0.0,1.95
1188,1.222,0.0,0.0,0.0,0.0,1.95
1189,1.222,0.0,0.0,0.0,0.0,1.95
1190,1.2225,0.5,0.1,0.0,0.0015,1.95
1191,1.222,0.0,0.0,0.0,0.0,1.95
1192,1.222,0.0,0.0,0.0,0.0,1.95
1193,1.2225,0.5,0.1,0.0,0.0015,1.95
1194,1.2225,0.5,0.1,0.0,0.0015,1.95
1195,1.222,0.0,0.0,0.0,0.0,1.95
1196,1.2225,0.5,0.1,0.0,0.0015,1.95
1197,1.222,0.0,0.0,0.0,0.0,1.95
1198,1.222,0.0,0.0,0.0,0.0,1.95
1199,1.222,0.0,0.0,0.0,0.0,1.95
1200,1.2225,0.5,0.1,0.0,0.0015,1.95
1201,1.222,0.0,0.0,0.0,0.0,1.95
1202,1.2225,0.5,0.1,0.0,0.0015,1.95
1203,1.2225,0.5,0.1,0.0,0.0015,1.95
1204,1.222,0.0,0.0,0.0,0.0,1.95
1205,1.2225,0.5,0.1,0.0,0.0015,1.95
1206,1.2225,0.5,0.1,0.0,0.0015,1.95
1207,1.222,0.0,0.0,0.0,0.0,1.95
1208,1.222,0.0,0.0,0.0,0.0,1.95
1209,1.2225,0.5,0.1,0.0,0.0015,1.95
1210,1.2225,0.5,0.1,0.0,0.0015,1.95
1211,1.2225,0.5,0.1,0.0,0.0015,1.95
1212,1.2225,0.5,0.1,0.0,0.0015,1.95
1213,1.222,0.0,0.0,0.0,0.0,1.95
1214,1.222,0.0,0.0,0.0,0.0,1.95
1215,1.222,0.0,0.0,0.0,0.0,1.95
1216,1.2225,0.5,0.1,0.0,0.0015,1.95
1217,1.222,0.0,0.0,0.0,0.0,1.95
1218,1.222,0.0,0.0,0.0,0.0,1.95
1219,1.222,0.0,0.0,0.0,0.0,1.95
1220,1.2225,0.5,0.1,0.0,0.0015,1.95
1221,1.222,0.0,0.0,0.0,0.0,1.95
1222,1.2225,0.5,0.1,0.0,0.0015,1.95
1223,1.222,0.0,0.0,0.0,0.0,1.95
1224,1.222,0.0,0.0,0.0,0.0,1.95
1225,1.222,0.0,0.0,0.0,0.0,1.95
1226,1.222,0.0,0.0,0.0,0.0,1.95
1227,1.222,0.0,0.0,0.0,0.0,1.95
1228,1.2225,0.5,0.1,0.0,0.0015,1.95
1229,1.222,0.0,0.0,0.0,0.0,1.95
1230,1.222,0.0,0.0,0.0,0.0,1.95
1231,1.2225,0.5,0.1,0.0,0.0015,1.95
1232,1.222,0.0,0.0,0.0,0.0,1.95
1233,1.2225,0.5,0.1,0.0,0.0015,1.95
1234,1.222,0.0,0.0,0.0,0.0,1.95
1235,1.222,0.0,0.0,0.0,0.0,1.95
1236,1.222,0.0,0.0,0.0,0.0,1.95
1237,1.2225,0.5,0.1,0.0,0.0015,1.95
1238,1.2225,0.5,0.1,0.0,0.0015,1.95
1239,1.2225,0.5,0.1,0.0,0.0015,1.95
1240,1.222,0.0,0.0,0.0,0.0,1.95
1241,1.222,0.0,0.0,0.0,0.0,1.95
1242,1.2225,0.5,0.1,0.0,0.0015,1.95
1243,1.2225,0.5,0.1,0.0,0.0015,1.95
1244,1.2225,0.5,0.1,0.0,0.0015,1.95
1245,1.2225,0.5,0.1,0.0,0.0015,1.95
1246,1.222,0.0,0.0,0.0,0.0,1.95
1247,1.222,0.0,0.0,0.0,0.0,1.95
1248,1.222,0.0,0.0,0.0,0.0,1.95
1249,1.222,0.0,0.0,0.0,0.0,1.95
1250,1.2225,0.5,0.1,0.0,0.0015,1.95
1251,1.222,0.0,0.0,0.0,0.0,1.95
1252,1.222,0.0,0.0,0.0,0.0,1.95
1253,1.222,0.0,0.0,0.0,0.0,1.95
1254,1.222,0.0,0.0,0.0,0.0,1.95
1255,1.222,0.0,0.0,0.0,0.0,1.95
1256,1.2225,0.5,0.1,0.0,0.0015,1.95
1257,1.2225,0.5,0.1,0.0,0.0015,1.95
1258,1.2225,0.5,0.1,0.0,0.0015,1.95
1259,1.222,0.0,0.0,0.0,0.0,1.95
1260,1.2225,0.5,0.1,0.0,0.0015,1.95
1261,1.2225,0.5,0.1,0.0,0.0015,1.95
1262,1.222,0.0,0.0,0.0,0.0,1.95
1263,1.2225,0.5,0.1,0.0,0.0015,1.95
1264,1.222,0.0,0.0,0.0,0.0,1.95
1265,1.2225,0.5,0.1,0.0,0.0015,1.95
1266,1.222,0.0,0.0,0.0,0.0,1.95
1267,1.222,0.0,0.0,0.0,0.0,1.95
1268,1.222,0.0,0.0,0.0,0.0,1.95
1269,1.2225,0.5,0.1,0.0,0.0015,1.95
1270,1.222,0.0,0.0,0.0,0.0,1.95
1271,1.2225,0.5,0.1,0.0,0.0015,1.95
1272,1.2225,0.5,0.1,0.0,0.0015,1.95
1273,1.2225,0.5,0.1,0.0,0.0015,1.95
1274,1.2225,0.5,0.1,0.0,0.0015,1.95
1275,1.222,0.0,0.0,0.0,0.0,1.95
1276,1.2225,0.5,0.1,0.0,0.0015,1.95
1277,1.222,0.0,0.0,0.0,0.0,1.95
1278,1.222,0.0,0.0,0.0,0.0,1.95
1279,1.222,0.0,0.0,0.0,0.0,1.95
1280,1.222,0.0,0.0,0.0,0.0,1.95
1281,1.2225,0.5,0.1,0.0,0.0015,1.95
1282,1.2225,0.5,0.1,0.0,0.0015,1.95
1283,1.2225,0.5,0.1,0.0,0.0015,1.95
1284,1.2225,0.5,0.1,0.0,0.0015,1.95
1285,1.222,0.0,0.0,0.0,0.0,1.95
1286,1.222,0.0,0.0,0.0,0.0,1.95
1287,1.2225,0.5,0.1,0.0,0.0015,1.95
1288,1.2225,0.5,0.1,0.0,0.0015,1.95
1289,1.2225,0.5,0.1,0.0,0.0015,1.95
1290,1.2225,0.5,0.1,0.0,0.0015,1.95
1291,1.222,0.0,0.0,0.0,0.0,1.95
1292,1.2225,0.5,0.1,0.0,0.0015,1.95
1293,1.222,0.0,0.0,0.0,0.0,1.95
1294,1.2225,0.5,0.1,0.0,0.0015,1.95
1295,1.222,0.0,0.0,0.0,0.0,1.95
1296,1.222,0.0,0.0,0.0,0.0,1.95
1297,1.2225,0.5,0.1,0.0,0.0015,1.95
1298,1.222,0.0,0.0,0.0,0.0,1.95
1299,1.2225,0.5,0.1,0.0,0.0015,1.95
1300,1.2225,0.5,0.1,0.0,0.0015,1.95
1301,1.2225,0.5,0.1,0.0,0.0015,1.95
1302,1.222,0.0,0.0,0.0,0.0,1.95
1303,1.2225,0.5,0.1,0.0,0.0015,1.95
1304,1.2225,0.5,0.1,0.0,0.0015,1.95
1305,1.222,0.0,0.0,0.0,0.0,1.95
1306,1.2225,0.5,0.1,0.0,0.0015,1.95
1307,1.2225,0.5,0.1,0.0,0.0015,1.95
1308,1.2225,0.5,0.1,0.0,0.0015,1.95
1309,1.2225,0.5,0.1,0.0,0.0015,1.95
1310,1.222,0.0,0.0,0.0,0.0,1.95
1,0.022,0.5,0.1,0.02,0.0025,1.95
2,0.022,0.5,0.1,0.02,0.0025,1.95
3,1.222,0.0,0.0,0.0,0.0,1.95
4,0.022,0.5,0.1,0.02,0.0025,1.95
5,0.022,0.5,0.1,0.02,0.0025,1.95
6,1.222,0.0,0.0,0.0,0.0,1.95
7,0.022,0.5,0.1,0.02,0.0025,1.95
8,1.222,0.0,0.0,0.0,0.0,1.95
9,1.222,0.0,0.0,0.0,0.0,1.95
10,0.022,0.5,0.1,0.02,0.0025,1.95
11,1.222,0.0,0.0,0.0,0.0,1.95
12,0.022,0.5,0.1,0.02,0.0025,1.95
13,0.022,0.5,0.1,0.02,0.0025,1.95
14,0.022,0.5,0.1,0.02,0.0025,1.95
15,1.222,0.0,0.0,0.0,0.0,1.95
16,1.222,0.0,0.0,0.0,0.0,1.95
17,0.022,0.5,0.1,0.02,0.0025,1.95
18,0.022,0.5,0.1,0.02,0.0025,1.95
19,1.222,0.0,0.0,0.0,0.0,1.95
20,0.022,0.5,0.1,0.02,0.0025,1.95
21,1.222,0.0,0.0,0.0,0.0,1.95
22,0.022,0.5,0.1,0.02,0.0025,1.95
23,0.022,0.5,0.1,0.02,0.0025,1.95
24,1.222,0.0,0.0,0.0,0.0,1.95
25,1.222,0.0,0.0,0.0,0.0,1.95
26,0.022,0.5,0.1,0.02,0.0025,1.95
27,0.022,0.5,0.1,0.02,0.0025,1.95
28,1.222,0.0,0.0,0.0,0.0,1.95
29,1.222,0.0,0.0,0.0,0.0,1.95
30,0.022,0.5,0.1,0.02,0.0025,1.95
31,0.022,0.5,0.1,0.02,0.0025,1.95
32,1.222,0.0,0.0,0.0,0.0,1.95
33,0.022,0.5,0.1,0.02,0.0025,1.95
34,0.022,0.5,0.1,0.02,0.0025,1.95
35,0.022,0.5,0.1,0.02,0.0025,1.95
36,1.222,0.0,0.0,0.0,0.0,1.95
37,1.222,0.0,0.0,0.0,0.0,1.95
38,0.022,0.5,0.1,0.02,0.0025,1.95
39,1.222,0.0,0.0,0.0,0.0,1.95
40,1.222,0.0,0.0,0.0,0.0,1.95
41,1.222,0.0,0.0,0.0,0.0,1.95
42,0.022,0.5,0.1,0.02,0.0025,1.95
43,1.222,0.0,0.0,0.0,0.0,1.95
44,1.222,0.0,0.0,0.0,0.0,1.95
45,1.222,0.0,0.0,0.0,0.0,1.95
46,0.022,0.5,0.1,0.02,0.0025,1.95
47,1.222,0.0,0.0,0.0,0.0,1.95
48,0.022,0.5,0.1,0.02,0.0025,1.95
49,1.222,0.0,0.0,0.0,0.0,1.95
50,0.022,0.5,0.1,0.02,0.0025,1.95
51,1.222,0.0,0.0,0.0,0.0,1.95
52,1.222,0.0,0.0,0.0,0.0,1.95
53,0.022,0.5,0.1,0.02,0.0025,1.95
54,1.222,0.0,0.0,0.0,0.0,1.95
55,0.022,0.5,0.1,0.02,0.0025,1.95
56,0.022,0.5,0.1,0.02,0.0025,1.95
57,1.222,0.0,0.0,0.0,0.0,1.95
58,0.022,0.5,0.1,0.02,0.0025,1.95
59,0.022,0.5,0.1,0.02,0.0025,1.95
60,0.022,0.5,0.1,0.02,0.0025,1.95
61,1.222,0.0,0.0,0.0,0.0,1.95
62,1.222,0.0,0.0,0.0,0.0,1.95
63,0.022,0.5,0.1,0.02,0.0025,1.95
64,0.022,0.5,0.1,0.02,0.0025,1.95
65,0.022,0.5,0.1,0.02,0.0025,1.95
66,1.222,0.0,0.0,0.0,0.0,1.95
67,1.222,0.0,0.0,0.0,0.0,1.95
68,0.022,0.5,0.1,0.02,0.0025,1.95
69,0.022,0.5,0.1,0.02,0.0025,1.95
70,0.022,0.5,0.1,0.02,0.0025,1.95
71,0.022,0.5,0.1,0.02,0.0025,1.95
72,0.022,0.5,0.1,0.02,0.0025,1.95
73,1.222,0.0,0.0,0.0,0.0,1.95
74,1.222,0.0,0.0,0.0,0.0,1.95
75,1.222,0.0,0.0,0.0,0.0,1.95
76,1.222,0.0,0.0,0.0,0.0,1.95
77,0.022,0.5,0.1,0.02,0.0025,1.95
78,1.222,0.0,0.0,0.0,0.0,1.95
79,1.222,0.0,0.0,0.0,0.0,1.95
80,0.022,0.5,0.1,0.02,0.0025,1.95
81,1.222,0.0,0.0,0.0,0.0,1.95
82,1.222,0.0,0.0,0.0,0.0,1.95
83,1.222,0.0,0.0,0.0,0.0,1.95
84,0.022,0.5,0.1,0.02,0.0025,1.95
85,0.022,0.5,0.1,0.02,0.0025,1.95
86,1.222,0.0,0.0,0.0,0.0,1.95
87,0.022,0.5,0.1,0.02,0.0025,1.95
88,0.022,0.5,0.1,0.02,0.0025,1.95
89,0.022,0.5,0.1,0.02,0.0025,1.95
90,0.022,0.5,0.1,0.02,0.0025,1.95
91,0.022,0.5,0.1,0.02,0.0025,1.95
92,0.022,0.5,0.1,0.02,0.0025,1.95
93,0.022,0.5,0.1,0.02,0.0025,1.95
94,0.022,0.5,0.1,0.02,0.0025,1.95
95,1.222,0.0,0.0,0.0,0.0,1.95
96,1.222,0.0,0.0,0.0,0.0,1.95
97,1.222,0.0,0.0,0.0,0.0,1.95
98,0.022,0.5,0.1,0.02,0.0025,1.95
99,0.022,0.5,0.1,0.02,0.0025,1.95
100,1.222,0.0,0.0,0.0,0.0,1.95
101,0.022,0.5,0.1,0.02,0.0025,1.95
102,0.022,0.5,0.1,0.02,0.0025,1.95
103,0.022,0.5,0.1,0.02,0.0025,1.95
104,0.022,0.5,0.1,0.02,0.0025,1.95
105,1.222,0.0,0.0,0.0,0.0,1.95
106,1.222,0.0,0.0,0.0,0.0,1.95
107,1.222,0.0,0.0,0.0,0.0,1.95
108,0.022,0.5,0.1,0.02,0.0025,1.95
109,0.022,0.5,0.1,0.02,0.0025,1.95
110,1.222,0.0,0.0,0.0,0.0,1.95
111,0.022,0.5,0.1,0.02,0.0025,1.95
112,0.022,0.5,0.1,0.02,0.0025,1.95
113,1.222,0.0,0.0,0.0,0.0,1.95
114,1.222,0.0,0.0,0.0,0.0,1.95
115,0.022,0.5,0.1,0.02,0.0025,1.95
116,0.022,0.5,0.1,0.02,0.0025,1.95
117,0.022,0.5,0.1,0.02,0.0025,1.95
118,1.222,0.0,0.0,0.0,0.0,1.95
119,1.222,0.0,0.0,0.0,0.0,1.95
120,1.222,0.0,0.0,0.0,0.0,1.95
121,0.022,0.5,0.1,0.02,0.0025,1.95
122,1.222,0.0,0.0,0.0,0.0,1.95
123,1.222,0.0,0.0,0.0,0.0,1.95
124,0.022,0.5,0.1,0.02,0.0025,1.95
125,1.222,0.0,0.0,0.0,0.0,1.95
126,1.222,0.0,0.0,0.0,0.0,1.95
127,1.222,0.0,0.0,0.0,0.0,1.95
128,0.022,0.5,0.1,0.02,0.0025,1.95
129,1.222,0.0,0.0,0.0,0.0,1.95
130,0.022,0.5,0.1,0.02,0.0025,1.95
131,1.222,0.0,0.0,0.0,0.0,1.95
132,0.022,0.5,0.1,0.02,0.0025,1.95
133,0.022,0.5,0.1,0.02,0.0025,1.95
134,1.222,0.0,0.0,0.0,0.0,1.95
135,1.222,0.0,0.0,0.0,0.0,1.95
136,1.222,0.0,0.0,0.0,0.0,1.95
137,1.222,0.0,0.0,0.0,0.0,1.95
138,1.2225,0.5,0.1,0.0,0.0015,1.95
139,1.2225,0.5,0.1,0.0,0.0015,1.95
140,1.2225,0.5,0.1,0.0,0.0015,1.95
141,1.2225,0.5,0.1,0.0,0.0015,1.95
142,1.222,0.0,0.0,0.0,0.0,1.95
143,1.222,0.0,0.0,0.0,0.0,1.95
144,1.2225,0.5,0.1,0.0,0.0015,1.95
145,1.222,0.0,0.0,0.0,0.0,1.95
146,1.2225,0.5,0.1,0.0,0.0015,1.95
147,1.2225,0.5,0.1,0.0,0.0015,1.95
148,1.222,0.0,0.0,0.0,0.0,1.95
149,1.2225,0.5,0.1,0.0,0.0015,1.95
150,1.222,0.0,0.0,0.0,0.0,1.95
151,1.222,0.0,0.0,0.0,0.0,1.95
152,1.2225,0.5,0.1,0.0,0.0015,1.95
153,1.222,0.0,0.0,0.0,0.0,1.95
154,1.222,0.0,0.0,0.0,0.0,1.95
155,1.222,0.0,0.0,0.0,0.0,1.95
156,1.2225,0.5,0.1,0.0,0.0015,1.95
157,1.222,0.0,0.0,0.0,0.0,1.95
158,1.2225,0.5,0.1,0.0,0.0015,1.95
159,1.2225,0.5,0.1,0.0,0.0015,1.95
160,1.2225,0.5,0.1,0.0,0.0015,1.95
161,1.222,0.0,0.0,0.0,0.0,1.95
162,1.2225,0.5,0.1,0.0,0.0015,1.95
163,1.2225,0.5,0.1,0.0,0.0015,1.95
164,1.222,0.0,0.0,0.0,0.0,1.95
165,1.2225,0.5,0.1,0.0,0.0015,1.95
166,1.222,0.0,0.0,0.0,0.0,1.95
167,1.222,0.0,0.0,0.0,0.0,1.95
168,1.2225,0.5,0.1,0.0,0.0015,1.95
169,1.2225,0.5,0.1,0.0,0.0015,1.95
170,1.222,0.0,0.0,0.0,0.0,1.95
171,1.222,0.0,0.0,0.0,0.0,1.95
172,1.2225,0.5,0.1,0.0,0.0015,1.95
173,1.2225,0.5,0.1,0.0,0.0015,1.95
174,1.2225,0.5,0.1,0.0,0.0015,1.95
175,1.2225,0.5,0.1,0.0,0.0015,1.95
176,1.2225,0.5,0.1,0.0,0.0015,1.95
177,1.2225,0.5,0.1,0.0,0.0015,1.95
178,1.222,0.0,0.0,0.0,0.0,1.95
179,1.222,0.0,0.0,0.0,0.0,1.95
180,1.222,0.0,0.0,0.0,0.0,1.95
181,1.2225,0.5,0.1,0.0,0.0015,1.95
182,1.222,0.0,0.0,0.0,0.0,1.95
183,1.2225,0.5,0.1,0.0,0.0015,1.95
184,1.222,0.0,0.0,0.0,0.0,1.95
185,1.222,0.0,0.0,0.0,0.0,1.95
186,1.2225,0.5,0.1,0.0,0.0015,1.95
187,1.2225,0.5,0.1,0.0,0.0015,1.95
188,1.2225,0.5,0.1,0.0,0.0015,1.95
189,1.2225,0.5,0.1,0.0,0.0015,1.95
190,1.2225,0.5,0.1,0.0,0.0015,1.95
191,1.2225,0.5,0.1,0.0,0.0015,1.95
192,1.222,0.0,0.0,0.0,0.0,1.95
193,1.222,0.0,0.0,0.0,0.0,1.95
194,1.222,0.0,0.0,0.0,0.0,1.95
195,1.222,0.0,0.0,0.0,0.0,1.95
196,1.2225,0.5,0.1,0.0,0.0015,1.95
197,1.2225,0.5,0.1,0.0,0.0015,1.95
198,1.222,0.0,0.0,0.0,0.0,1.95
199,1.222,0.0,0.0,0.0,0.0,1.95
200,1.2225,0.5,0.1,0.0,0.0015,1.95
201,1.222,0.0,0.0,0.0,0.0,1.95
202,1.2225,0.5,0.1,0.0,0.0015,1.95
203,1.2225,0.5,0.1,0.0,0.0015,1.95
204,1.2225,0.5,0.1,0.0,0.0015,1.95
205,1.222,0.0,0.0,0.0,0.0,1.95
206,1.222,0.0,0.0,0.0,0.0,1.95
207,1.222,0.0,0.0,0.0,0.0,1.95
208,1.2225,0.5,0.1,0.0,0.0015,1.95
209,1.2225,0.5,0.1,0.0,0.0015,1.95
210,1.222,0.0,0.0,0.0,0.0,1.95
211,1.2225,0.5,0.1,0.0,0.0015,1.95
212,1.222,0.0,0.0,0.0,0.0,1.95
213,1.2225,0.5,0.1,0.0,0.0015,1.95
214,1.222,0.0,0.0,0.0,0.0,1.95
215,1.2225,0.5,0.1,0.0,0.0015,1.95
216,1.2225,0.5,0.1,0.0,0.0015,1.95
217,1.222,0.0,0.0,0.0,0.0,1.95
218,1.222,0.0,0.0,0.0,0.0,1.95
219,1.2225,0.5,0.1,0.0,0.0015,1.95
220,1.2225,0.5,0.1,0.0,0.0015,1.95
221,1.2225,0.5,0.1,0.0,0.0015,1.95
222,1.222,0.0,0.0,0.0,0.0,1.95
223,1.222,0.0,0.0,0.0,0.0,1.95
224,1.222,0.0,0.0,0.0,0.0,1.95
225,1.2225,0.5,0.1,0.0,0.0015,1.95
226,1.222,0.0,0.0,0.0,0.0,1.95
227,1.222,0.0,0.0,0.0,0.0,1.95
228,1.2225,0.5,0.1,0.0,0.0015,1.95
229,1.2225,0.5,0.1,0.0,0.0015,1.95
230,1.222,0.0,0.0,0.0,0.0,1.95
231,1.2225,0.5,0.1,0.0,0.0015,1.95
232,1.2225,0.5,0.1,0.0,0.0015,1.95
233,1.2225,0.5,0.1,0.0,0.0015,1.95
234,1.2225,0.5,0.1,0.0,0.0015,1.95
235,1.222,0.0,0.0,0.0,0.0,1.95
236,1.2225,0.5,0.1,0.0,0.0015,1.95
237,1.222,0.0,0.0,0.0,0.0,1.95
238,1.2225,0.5,0.1,0.0,0.0015,1.95
239,1.2225,0.5,0.1,0.0,0.0015,1.95
240,1.2225,0.5,0.1,0.0,0.0015,1.95
241,1.222,0.0,0.0,0.0,0.0,1.95
242,1.2225,0.5,0.1,0.0,0.0015,1.95
243,1.2225,0.5,0.1,0.0,0.0015,1.95
244,1.2225,0.5,0.1,0.0,0.0015,1.95
245,1.2225,0.5,0.1,0.0,0.0015,1.95
246,1.222,0.0,0.0,0.0,0.0,1.95
247,1.222,0.0,0.0,0.0,0.0,1.95
248,1.222,0.0,0.0,0.0,0.0,1.95
249,1.222,0.0,0.0,0.0,0.0,1.95
250,1.2225,0.5,0.1,0.0,0.0015,1.95
251,1.2225,0.5,0.1,0.0,0.0015,1.95
252,1.2225,0.5,0.1,0.0,0.0015,1.95
253,1.2225,0.5,0.1,0.0,0.0015,1.95
254,1.2225,0.5,0.1,0.0,0.0015,1.95
255,1.222,0.0,0.0,0.0,0.0,1.95
256,1.222,0.0,0.0,0.0,0.0,1.95
257,1.2225,0.5,0.1,0.0,0.0015,1.95
258,1.2225,0.5,0.1,0.0,0.0015,1.95
259,1.222,0.0,0.0,0.0,0.0,1.95
260,1.2225,0.5,0.1,0.0,0.0015,1.95
261,1.2225,0.5,0.1,0.0,0.0015,1.95
262,1.222,0.0,0.0,0.0,0.0,1.95
263,1.2225,0.5,0.1,0.0,0.0015,1.95
264,1.2225,0.5,0.1,0.0,0.0015,1.95
265,1.2225,0.5,0.1,0.0,0.0015,1.95
266,1.222,0.0,0.0,0.0,0.0,1.95
267,1.222,0.0,0.0,0.0,0.0,1.95
268,1.222,0.0,0.0,0.0,0.0,1.95
269,1.2225,0.5,0.1,0.0,0.0015,1.95
270,1.222,0.0,0.0,0.0,0.0,1.95
271,1.222,0.0,0.0,0.0,0.0,1.95
272,1.222,0.0,0.0,0.0,0.0,1.95
273,1.2225,0.5,0.1,0.0,0.0015,1.95
274,1.2225,0.5,0.1,0.0,0.0015,1.95
275,1.222,0.0,0.0,0.0,0.0,1.95
276,1.2225,0.5,0.1,0.0,0.0015,1.95
277,1.2225,0.5,0.1,0.0,0.0015,1.95
278,1.222,0.0,0.0,0.0,0.0,1.95
279,1.2225,0.5,0.1,0.0,0.0015,1.95
280,1.222,0.0,0.0,0.0,0.0,1.95
281,1.2225,0.5,0.1,0.0,0.0015,1.95
282,1.222,0.0,0.0,0.0,0.0,1.95
283,1.222,0.0,0.0,0.0,0.0,1.95
284,1.2225,0.5,0.1,0.0,0.0015,1.95
285,1.2225,0.5,0.1,0.0,0.0015,1.95
286,1.2225,0.5,0.1,0.0,0.0015,1.95
287,1.222,0.0,0.0,0.0,0.0,1.95
288,1.222,0.0,0.0,0.0,0.0,1.95
289,1.222,0.0,0.0,0.0,0.0,1.95
290,1.2225,0.5,0.1,0.0,0.0015,1.95
291,1.2225,0.5,0.1,0.0,0.0015,1.95
292,1.222,0.0,0.0,0.0,0.0,1.95
293,1.222,0.0,0.0,0.0,0.0,1.95
294,1.222,0.0,0.0,0.0,0.0,1.95
295,1.222,0.0,0.0,0.0,0.0,1.95
296,1.2225,0.5,0.1,0.0,0.0015,1.95
297,1.2225,0.5,0.1,0.0,0.0015,1.95
298,1.222,0.0,0.0,0.0,0.0,1.95
299,1.222,0.0,0.0,0.0,0.0,1.95
300,1.222,0.0,0.0,0.0,0.0,1.95
301,1.222,0.0,0.0,0.0,0.0,1.95
302,1.2225,0.5,0.1,0.0,0.0015,1.95
303,1.222,0.0,0.0,0.0,0.0,1.95
304,1.2225,0.5,0.1,0.0,0.0015,1.95
305,1.222,0.0,0.0,0.0,0.0,1.95
306,1.2225,0.5,0.1,0.0,0.0015,1.95
307,1.222,0.0,0.0,0.0,0.0,1.95
308,1.222,0.0,0.0,0.0,0.0,1.95
309,1.222,0.0,0.0,0.0,0.0,1.95
310,1.2225,0.5,0.1,0.0,0.0015,1.95
311,1.222,0.0,0.0,0.0,0.0,1.95
312,1.2225,0.5,0.1,0.0,0.0015,1.95
313,1.222,0.0,0.0,0.0,0.0,1.95
314,1.222,0.0,0.0,0.0,0.0,1.95
315,1.222,0.0,0.0,0.0,0.0,1.95
316,1.2225,0.5,0.1,0.0,0.0015,1.95
317,1.2225,0.5,0.1,0.0,0.0015,1.95
318,1.2225,0.5,0.1,0.0,0.0015,1.95
319,1.2225,0.5,0.1,0.0,0.0015,1.95
320,1.2225,0.5,0.1,0.0,0.0015,1.95
321,1.2225,0.5,0.1,0.0,0.0015,1.95
322,1.2225,0.5,0.1,0.0,0.0015,1.95
323,1.222,0.0,0.0,0.0,0.0,1.95
324,1.2225,0.5,0.1,0.0,0.0015,1.95
325,1.2225,0.5,0.1,0.0,0.0015,1.95
326,1.222,0.0,0.0,0.0,0.0,1.95
327,1.2225,0.5,0.1,0.0,0.0015,1.95
328,1.2225,0.5,0.1,0.0,0.0015,1.95
329,1.2225,0.5,0.1,0.0,0.0015,1.95
330,1.2225,0.5,0.1,0.0,0.0015,1.95
331,1.222,0.0,0.0,0.0,0.0,1.95
332,1.222,0.0,0.0,0.0,0.0,1.95
333,1.2225,0.5,0.1,0.0,0.0015,1.95
334,1.2225,0.5,0.1,0.0,0.0015,1.95
335,1.222,0.0,0.0,0.0,0.0,1.95
336,1.222,0.0,0.0,0.0,0.0,1.95
337,1.2225,0.5,0.1,0.0,0.0015,1.95
338,1.2225,0.5,0.1,0.0,0.0015,1.95
339,1.2225,0.5,0.1,0.0,0.0015,1.95
340,1.2225,0.5,0.1,0.0,0.0015,1.95
341,1.222,0.0,0.0,0.0,0.0,1.95
342,1.222,0.0,0.0,0.0,0.0,1.95
343,1.2225,0.5,0.1,0.0,0.0015,1.95
344,1.2225,0.5,0.1,0.0,0.0015,1.95
345,1.2225,0.5,0.1,0.0,0.0015,1.95
346,1.2225,0.5,0.1,0.0,0.0015,1.95
347,1.2225,0.5,0.1,0.0,0.0015,1.95
348,1.222,0.0,0.0,0.0,0.0,1.95
349,1.2225,0.5,0.1,0.0,0.0015,1.95
350,1.2225,0.5,0.1,0.0,0.0015,1.95
351,1.2225,0.5,0.1,0.0,0.0015,1.95
352,1.222,0.0,0.0,0.0,0.0,1.95
353,1.2225,0.5,0.1,0.0,0.0015,1.95
354,1.2225,0.5,0.1,0.0,0.0015,1.95
355,1.222,0.0,0.0,0.0,0.0,1.95
356,1.222,0.0,0.0,0.0,0.0,1.95
357,1.2225,0.5,0.1,0.0,0.0015,1.95
358,1.2225,0.5,0.1,0.0,0.0015,1.95
359,1.222,0.0,0.0,0.0,0.0,1.95
360,1.2225,0.5,0.1,0.0,0.0015,1.95
361,1.222,0.0,0.0,0.0,0.0,1.95
362,1.222,0.0,0.0,0.0,0.0,1.95
363,1.2225,0.5,0.1,0.0,0.0015,1.95
364,1.222,0.0,0.0,0.0,0.0,1.95
365,1.2225,0.5,0.1,0.0,0.0015,1.95
366,1.222,0.0,0.0,0.0,0.0,1.95
367,1.2225,0.5,0.1,0.0,0.0015,1.95
368,1.2225,0.5,0.1,0.0,0.0015,1.95
369,1.222,0.0,0.0,0.0,0.0,1.95
370,1.2225,0.5,0.1,0.0,0.0015,1.95
371,1.222,0.0,0.0,0.0,0.0,1.95
372,1.2225,0.5,0.1,0.0,0.0015,1.95
373,1.222,0.0,0.0,0.0,0.0,1.95
374,1.222,0.0,0.0,0.0,0.0,1.95
375,1.222,0.0,0.0,0.0,0.0,1.95
376,1.222,0.0,0.0,0.0,0.0,1.95
377,1.222,0.0,0.0,0.0,0.0,1.95
378,1.2225,0.5,0.1,0.0,0.0015,1.95
379,1.2225,0.5,0.1,0.0,0.0015,1.95
380,1.222,0.0,0.0,0.0,0.0,1.95
381,1.2225,0.5,0.1,0.0,0.0015,1.95
382,1.2225,0.5,0.1,0.0,0.0015,1.95
383,1.2225,0.5,0.1,0.0,0.0015,1.95
384,1.222,0.0,0.0,0.0,0.0,1.95
385,1.222,0.0,0.0,0.0,0.0,1.95
386,1.2225,0.5,0.1,0.0,0.0015,1.95
387,1.222,0.0,0.0,0.0,0.0,1.95
388,1.222,0.0,0.0,0.0,0.0,1.95
389,1.2225,0.5,0.1,0.0,0.0015,1.95
390,1.222,0.0,0.0,0.0,0.0,1.95
391,1.222,0.0,0.0,0.0,0.0,1.95
392,1.222,0.0,0.0,0.0,0.0,1.95
393,1.222,0.0,0.0,0.0,0.0,1.95
394,1.2225,0.5,0.1,0.0,0.0015,1.95
395,1.222,0.0,0.0,0.0,0.0,1.95
396,1.222,0.0,0.0,0.0,0.0,1.95
397,1.222,0.0,0.0,0.0,0.0,1.95
398,1.222,0.0,0.0,0.0,0.0,1.95
399,1.2225,0.5,0.1,0.0,0.0015,1.95
400,1.222,0.0,0.0,0.0,0.0,1.95
401,1.2225,0.5,0.1,0.0,0.0015,1.95
402,1.222,0.0,0.0,0.0,0.0,1.95
403,1.222,0.0,0.0,0.0,0.0,1.95
404,1.222,0.0,0.0,0.0,0.0,1.95
405,1.222,0.0,0.0,0.0,0.0,1.95
406,1.222,0.0,0.0,0.0,0.0,1.95
407,1.222,0.0,0.0,0.0,0.0,1.95
408,1.222,0.0,0.0,0.0,0.0,1.95
409,1.2225,0.5,0.1,0.0,0.0015,1.95
410,1.2225,0.5,0.1,0.0,0.0015,1.95
411,1.2225,0.5,0.1,0.0,0.0015,1.95
412,1.2225,0.5,0.1,0.0,0.0015,1.95
413,1.2225,0.5,0.1,0.0,0.0015,1.95
414,1.2225,0.5,0.1,0.0,0.0015,1.95
415,1.2225,0.5,0.1,0.0,0.0015,1.95
416,1.2225,0.5,0.1,0.0,0.0015,1.95
417,1.222,0.0,0.0,0.0,0.0,1.95
418,1.2225,0.5,0.1,0.0,0.0015,1.95
419,1.222,0.0,0.0,0.0,0.0,1.95
420,1.222,0.0,0.0,0.0,0.0,1.95
421,1.222,0.0,0.0,0.0,0.0,1.95
422,1.2225,0.5,0.1,0.0,0.0015,1.95
423,1.222,0.0,0.0,0.0,0.0,1.95
424,1.2225,0.5,0.1,0.0,0.0015,1.95
425,1.222,0.0,0.0,0.0,0.0,1.95
426,1.222,0.0,0.0,0.0,0.0,1.95
427,1.222,0.0,0.0,0.0,0.0,1.95
428,1.222,0.0,0.0,0.0,0.0,1.95
429,1.2225,0.5,0.1,0.0,0.0015,1.95
430,1.2225,0.5,0.1,0.0,0.0015,1.95
431,1.2225,0.5,0.1,0.0,0.0015,1.95
432,1.2225,0.5,0.1,0.0,0.0015,1.95
433,1.222,0.0,0.0,0.0,0.0,1.95
434,1.2225,0.5,0.1,0.0,0.0015,1.95
435,1.2225,0.5,0.1,0.0,0.0015,1.95
436,1.2225,0.5,0.1,0.0,0.0015,1.95
437,1.222,0.0,0.0,0.0,0.0,1.95
438,1.222,0.0,0.0,0.0,0.0,1.95
439,1.2225,0.5,0.1,0.0,0.0015,1.95
440,1.222,0.0,0.0,0.0,0.0,1.95
441,1.222,0.0,0.0,0.0,0.0,1.95
442,1.222,0.0,0.0,0.0,0.0,1.95
443,1.222,0.0,0.0,0.0,0.0,1.95
444,1.222,0.0,0.0,0.0,0.0,1.95
445,1.222,0.0,0.0,0.0,0.0,1.95
446,1.2225,0.5,0.1,0.0,0.0015,1.95
447,1.222,0.0,0.0,0.0,0.0,1.95
448,1.222,0.0,0.0,0.0,0.0,1.95
449,1.222,0.0,0.0,0.0,0.0,1.95
450,1.2225,0.5,0.1,0.0,0.0015,1.95
451,1.222,0.0,0.0,0.0,0.0,1.95
452,1.2225,0.5,0.1,0.0,0.0015,1.95
453,1.2225,0.5,0.1,0.0,0.0015,1.95
454,1.222,0.0,0.0,0.0,0.0,1.95
455,1.2225,0.5,0.1,0.0,0.0015,1.95
456,1.2225,0.5,0.1,0.0,0.0015,1.95
457,1.222,0.0,0.0,0.0,0.0,1.95
458,1.222,0.0,0.0,0.0,0.0,1.95
459,1.222,0.0,0.0,0.0,0.0,1.95
460,1.2225,0.5,0.1,0.0,0.0015,1.95
461,1.222,0.0,0.0,0.0,0.0,1.95
462,1.222,0.0,0.0,0.0,0.0,1.95
463,1.222,0.0,0.0,0.0,0.0,1.95
464,1.222,0.0,0.0,0.0,0.0,1.95
465,1.222,0.0,0.0,0.0,0.0,1.95
466,1.222,0.0,0.0,0.0,0.0,1.95
467,1.222,0.0,0.0,0.0,0.0,1.95
468,1.222,0.0,0.0,0.0,0.0,1.95
469,1.2225,0.5,0.1,0.0,0.0015,1.95
470,1.222,0.0,0.0,0.0,0.0,1.95
471,1.2225,0.5,0.1,0.0,0.0015,1.95
472,1.2225,0.5,0.1,0.0,0.0015,1.95
473,1.2225,0.5,0.1,0.0,0.0015,1.95
474,1.222,0.0,0.0,0.0,0.0,1.95
475,1.222,0.0,0.0,0.0,0.0,1.95
476,1.2225,0.5,0.1,0.0,0.0015,1.95
477,1.2225,0.5,0.1,0.0,0.0015,1.95
478,1.222,0.0,0.0,0.0,0.0,1.95
479,1.2225,0.5,0.1,0.0,0.0015,1.95
480,1.2225,0.5,0.1,0.0,0.0015,1.95
481,1.2225,0.5,0.1,0.0,0.0015,1.95
482,1.2225,0.5,0.1,0.0,0.0015,1.95
483,1.2225,0.5,0.1,0.0,0.0015,1.95
484,1.2225,0.5,0.1,0.0,0.0015,1.95
485,1.222,0.0,0.0,0.0,0.0,1.95
486,1.2225,0.5,0.1,0.0,0.0015,1.95
487,1.222,0.0,0.0,0.0,0.0,1.95
488,1.2225,0.5,0.1,0.0,0.0015,1.95
489,1.2225,0.5,0.1,0.0,0.0015,1.95
490,1.222,0.0,0.0,0.0,0.0,1.95
491,1.2225,0.5,0.1,0.0,0.0015,1.95
492,1.222,0.0,0.0,0.0,0.0,1.95
493,1.2225,0.5,0.1,0.0,0.0015,1.95
494,1.222,0.0,0.0,0.0,0.0,1.95
495,1.222,0.0,0.0,0.0,0.0,1.95
496,1.2225,0.5,0.1,0.0,0.0015,1.95
497,1.2225,0.5,0.1,0.0,0.0015,1.95
498,1.222,0.0,0.0,0.0,0.0,1.95
499,1.2225,0.5,0.1,0.0,0.0015,1.95
500,1.2225,0.5,0.1,0.0,0.0015,1.95
501,1.222,0.0,0.0,0.0,0.0,1.95
502,1.2225,0.5,0.1,0.0,0.0015,1.95
503,1.222,0.0,0.0,0.0,0.0,1.95
504,1.2225,0.5,0.1,0.0,0.0015,1.95
505,1.2225,0.5,0.1,0.0,0.0015,1.95
506,1.222,0.0,0.0,0.0,0.0,1.95
507,1.222,0.0,0.0,0.0,0.0,1.95
508,1.2225,0.5,0.1,0.0,0.0015,1.95
509,1.222,0.0,0.0,0.0,0.0,1.95
510,1.2225,0.5,0.1,0.0,0.0015,1.95
511,1.222,0.0,0.0,0.0,0.0,1.95
512,1.222,0.0,0.0,0.0,0.0,1.95
513,1.2225,0.5,0.1,0.0,0.0015,1.95
514,1.222,0.0,0.0,0.0,0.0,1.95
515,1.222,0.0,0.0,0.0,0.0,1.95
516,1.222,0.0,0.0,0.0,0.0,1.95
517,1.2225,0.5,0.1,0.0,0.0015,1.95
518,1.2225,0.5,0.1,0.0,0.0015,1.95
519,1.222,0.0,0.0,0.0,0.0,1.95
520,1.2225,0.5,0.1,0.0,0.0015,1.95
521,1.2225,0.5,0.1,0.0,0.0015,1.95
522,1.2225,0.5,0.1,0.0,0.0015,1.95
523,1.2225,0.5,0.1,0.0,0.0015,1.95
524,1.2225,0.5,0.1,0.0,0.0015,1.95
525,1.2225,0.5,0.1,0.0,0.0015,1.95
526,1.222,0.0,0.0,0.0,0.0,1.95
527,1.222,0.0,0.0,0.0,0.0,1.95
528,1.2225,0.5,0.1,0.0,0.0015,1.95
529,1.222,0.0,0.0,0.0,0.0,1.95
530,1.222,0.0,0.0,0.0,0.0,1.95
531,1.222,0.0,0.0,0.0,0.0,1.95
532,1.2225,0.5,0.1,0.0,0.0015,1.95
533,1.222,0.0,0.0,0.0,0.0,1.95
534,1.2225,0.5,0.1,0.0,0.0015,1.95
535,1.222,0.0,0.0,0.0,0.0,1.95
536,1.222,0.0,0.0,0.0,0.0,1.95
537,1.2225,0.5,0.1,0.0,0.0015,1.95
538,1.222,0.0,0.0,0.0,0.0,1.95
539,1.222,0.0,0.0,0.0,0.0,1.95
540,1.2225,0.5,0.1,0.0,0.0015,1.95
541,1.222,0.0,0.0,0.0,0.0,1.95
542,1.222,0.0,0.0,0.0,0.0,1.95
543,1.222,0.0,0.0,0.0,0.0,1.95
544,1.2225,0.5,0.1,0.0,0.0015,1.95
545,1.222,0.0,0.0,0.0,0.0,1.95
546,1.222,0.0,0.0,0.0,0.0,1.95
547,1.222,0.0,0.0,0.0,0.0,1.95
548,1.222,0.0,0.0,0.0,0.0,1.95
549,1.222,0.0,0.0,0.0,0.0,1.95
550,1.222,0.0,0.0,0.0,0.0,1.95
551,1.2225,0.5,0.1,0.0,0.0015,1.95
552,1.222,0.0,0.0,0.0,0.0,1.95
553,1.222,0.0,0.0,0.0,0.0,1.95
554,1.222,0.0,0.0,0.0,0.0,1.95
555,1.222,0.0,0.0,0.0,0.0,1.95
556,1.222,0.0,0.0,0.0,0.0,1.95
557,1.222,0.0,0.0,0.0,0.0,1.95
558,1.222,0.0,0.0,0.0,0.0,1.95
559,1.222,0.0,0.0,0.0,0.0,1.95
560,1.2225,0.5,0.1,0.0,0.0015,1.95
561,1.222,0.0,0.0,0.0,0.0,1.95
562,1.2225,0.5,0.1,0.0,0.0015,1.95
563,1.222,0.0,0.0,0.0,0.0,1.95
564,1.2225,0.5,0.1,0.0,0.0015,1.95
565,1.2225,0.5,0.1,0.0,0.0015,1.95
566,1.2225,0.5,0.1,0.0,0.0015,1.95
567,1.222,0.0,0.0,0.0,0.0,1.95
568,1.222,0.0,0.0,0.0,0.0,1.95
569,1.222,0.0,0.0,0.0,0.0,1.95
570,1.2225,0.5,0.1,0.0,0.0015,1.95
571,1.222,0.0,0.0,0.0,0.0,1.95
572,1.222,0.0,0.0,0.0,0.0,1.95
573,1.222,0.0,0.0,0.0,0.0,1.95
574,1.2225,0.5,0.1,0.0,0.0015,1.95
575,1.222,0.0,0.0,0.0,0.0,1.95
576,1.222,0.0,0.0,0.0,0.0,1.95
577,1.2225,0.5,0.1,0.0,0.0015,1.95
578,1.2225,0.5,0.1,0.0,0.0015,1.95
579,1.222,0.0,0.0,0.0,0.0,1.95
580,1.222,0.0,0.0,0.0,0.0,1.95
581,1.222,0.0,0.0,0.0,0.0,1.95
582,1.222,0.0,0.0,0.0,0.0,1.95
583,1.2225,0.5,0.1,0.0,0.0015,1.95
584,1.2225,0.5,0.1,0.0,0.0015,1.95
585,1.222,0.0,0.0,0.0,0.0,1.95
586,1.2225,0.5,0.1,0.0,0.0015,1.95
587,1.2225,0.5,0.1,0.0,0.0015,1.95
588,1.222,0.0,0.0,0.0,0.0,1.95
589,1.2225,0.5,0.1,0.0,0.0015,1.95
590,1.222,0.0,0.0,0.0,0.0,1.95
591,1.222,0.0,0.0,0.0,0.0,1.95
592,1.2225,0.5,0.1,0.0,0.0015,1.95
593,1.222,0.0,0.0,0.0,0.0,1.95
594,1.2225,0.5,0.1,0.0,0.0015,1.95
595,1.222,0.0,0.0,0.0,0.0,1.95
596,1.222,0.0,0.0,0.0,0.0,1.95
597,1.222,0.0,0.0,0.0,0.0,1.95
598,1.2225,0.5,0.1,0.0,0.0015,1.95
599,1.222,0.0,0.0,0.0,0.0,1.95
600,1.222,0.0,0.0,0.0,0.0,1.95
601,1.2225,0.5,0.1,0.0,0.0015,1.95
602,1.2225,0.5,0.1,0.0,0.0015,1.95
603,1.2225,0.5,0.1,0.0,0.0015,1.95
604,1.222,0.0,0.0,0.0,0.0,1.95
605,1.2225,0.5,0.1,0.0,0.0015,1.95
606,1.222,0.0,0.0,0.0,0.0,1.95
607,1.222,0.0,0.0,0.0,0.0,1.95
608,1.222,0.0,0.0,0.0,0.0,1.95
609,1.2225,0.5,0.1,0.0,0.0015,1.95
610,1.2225,0.5,0.1,0.0,0.0015,1.95
611,1.2225,0.5,0.1,0.0,0.0015,1.95
612,1.2225,0.5,0.1,0.0,0.0015,1.95
613,1.222,0.0,0.0,0.0,0.0,1.95
614,1.2225,0.5,0.1,0.0,0.0015,1.95
615,1.222,0.0,0.0,0.0,0.0,1.95
616,1.2225,0.5,0.1,0.0,0.0015,1.95
617,1.222,0.0,0.0,0.0,0.0,1.95
618,1.222,0.0,0.0,0.0,0.0,1.95
619,1.222,0.0,0.0,0.0,0.0,1.95
620,1.2225,0.5,0.1,0.0,0.0015,1.95
621,1.2225,0.5,0.1,0.0,0.0015,1.95
622,1.222,0.0,0.0,0.0,0.0,1.95
623,1.222,0.0,0.0,0.0,0.0,1.95
624,1.2225,0.5,0.1,0.0,0.0015,1.95
625,1.222,0.0,0.0,0.0,0.0,1.95
626,1.2225,0.5,0.1,0.0,0.0015,1.95
627,1.2225,0.5,0.1,0.0,0.0015,1.95
628,1.2225,0.5,0.1,0.0,0.0015,1.95
629,1.2225,0.5,0.1,0.0,0.0015,1.95
630,1.2225,0.5,0.1,0.0,0.0015,1.95
631,1.2225,0.5,0.1,0.0,0.0015,1.95
632,1.222,0.0,0.0,0.0,0.0,1.95
633,1.222,0.0,0.0,0.0,0.0,1.95
634,1.222,0.0,0.0,0.0,0.0,1.95
635,1.222,0.0,0.0,0.0,0.0,1.95
636,1.222,0.0,0.0,0.0,0.0,1.95
637,1.222,0.0,0.0,0.0,0.0,1.95
638,1.2225,0.5,0.1,0.0,0.0015,1.95
639,1.2225,0.5,0.1,0.0,0.0015,1.95
640,1.2225,0.5,0.1,0.0,0.0015,1.95
641,1.222,0.0,0.0,0.0,0.0,1.95
642,1.2225,0.5,0.1,0.0,0.0015,1.95
643,1.2225,0.5,0.1,0.0,0.0015,1.95
644,1.222,0.0,0.0,0.0,0.0,1.95
645,1.222,0.0,0.0,0.0,0.0,1.95
646,1.222,0.0,0.0,0.0,0.0,1.95
647,1.222,0.0,0.0,0.0,0.0,1.95
648,1.2225,0.5,0.1,0.0,0.0015,1.95
649,1.222,0.0,0.0,0.0,0.0,1.95
650,1.2225,0.5,0.1,0.0,0.0015,1.95
651,1.222,0.0,0.0,0.0,0.0,1.95
652,1.2225,0.5,0.1,0.0,0.0015,1.95
653,1.222,0.0,0.0,0.0,0.0,1.95
654,1.222,0.0,0.0,0.0,0.0,1.95
655,1.2225,0.5,0.1,0.0,0.0015,1.95
656,1.2225,0.5,0.1,0.0,0.0015,1.95
657,1.222,0.0,0.0,0.0,0.0,1.95
658,1.2225,0.5,0.1,0.0,0.0015,1.95
659,1.222,0.0,0.0,0.0,0.0,1.95
660,1.2225,0.5,0.1,0.0,0.0015,1.95
661,1.222,0.0,0.0,0.0,0.0,1.95
662,1.222,0.0,0.0,0.0,0.0,1.95
663,1.2225,0.5,0.1,0.0,0.0015,1.95
664,1.222,0.0,0.0,0.0,0.0,1.95
665,1.222,0.0,0.0,0.0,0.0,1.95
666,1.2225,0.5,0.1,0.0,0.0015,1.95
667,1.222,0.0,0.0,0.0,0.0,1.95
668,1.2225,0.5,0.1,0.0,0.0015,1.95
669,1.222,0.0,0.0,0.0,0.0,1.95
670,1.2225,0.5,0.1,0.0,0.0015,1.95
671,1.222,0.0,0.0,0.0,0.0,1.95
672,1.2225,0.5,0.1,0.0,0.0015,1.95
673,1.2225,0.5,0.1,0.0,0.0015,1.95
674,1.2225,0.5,0.1,0.0,0.0015,1.95
675,1.222,0.0,0.0,0.0,0.0,1.95
676,1.222,0.0,0.0,0.0,0.0,1.95
677,1.222,0.0,0.0,0.0,0.0,1.95
678,1.222,0.0,0.0,0.0,0.0,1.95
679,1.2225,0.5,0.1,0.0,0.0015,1.95
680,1.222,0.0,0.0,0.0,0.0,1.95
681,1.2225,0.5,0.1,0.0,0.0015,1.95
682,1.222,0.0,0.0,0.0,0.0,1.95
683,1.2225,0.5,0.1,0.0,0.0015,1.95
684,1.2225,0.5,0.1,0.0,0.0015,1.95
685,1.222,0.0,0.0,0.0,0.0,1.95
686,1.2225,0.5,0.1,0.0,0.0015,1.95
687,1.222,0.0,0.0,0.0,0.0,1.95
688,1.222,0.0,0.0,0.0,0.0,1.95
689,1.222,0.0,0.0,0.0,0.0,1.95
690,1.222,0.0,0.0,0.0,0.0,1.95
691,1.2225,0.5,0.1,0.0,0.0015,1.95
692,1.2225,0.5,0.1,0.0,0.0015,1.95
693,1.2225,0.5,0.1,0.0,0.0015,1.95
694,1.222,0.0,0.0,0.0,0.0,1.95
695,1.2225,0.5,0.1,0.0,0.0015,1.95
696,1.2225,0.5,0.1,0.0,0.0015,1.95
697,1.222,0.0,0.0,0.0,0.0,1.95
698,1.222,0.0,0.0,0.0,0.0,1.95
699,1.2225,0.5,0.1,0.0,0.0015,1.95
700,1.222,0.0,0.0,0.0,0.0,1.95
701,1.222,0.0,0.0,0.0,0.0,1.95
702,1.222,0.0,0.0,0.0,0.0,1.95
703,1.222,0.0,0.0,0.0,0.0,1.95
704,1.2225,0.5,0.1,0.0,0.0015,1.95
705,1.2225,0.5,0.1,0.0,0.0015,1.95
706,1.222,0.0,0.0,0.0,0.0,1.95
707,1.222,0.0,0.0,0.0,0.0,1.95
708,1.222,0.0,0.0,0.0,0.0,1.95
709,1.222,0.0,0.0,0.0,0.0,1.95
710,1.222,0.0,0.0,0.0,0.0,1.95
711,1.222,0.0,0.0,0.0,0.0,1.95
712,1.2225,0.5,0.1,0.0,0.0015,1.95
713,1.2225,0.5,0.1,0.0,0.0015,1.95
714,1.2225,0.5,0.1,0.0,0.0015,1.95
715,1.222,0.0,0.0,0.0,0.0,1.95
716,1.2225,0.5,0.1,0.0,0.0015,1.95
717,1.2225,0.5,0.1,0.0,0.0015,1.95
718,1.222,0.0,0.0,0.0,0.0,1.95
719,1.222,0.0,0.0,0.0,0.0,1.95
720,1.222,0.0,0.0,0.0,0.0,1.95
721,1.222,0.0,0.0,0.0,0.0,1.95
722,1.222,0.0,0.0,0.0,0.0,1.95
723,1.2225,0.5,0.1,0.0,0.0015,1.95
724,1.222,0.0,0.0,0.0,0.0,1.95
725,1.2225,0.5,0.1,0.0,0.0015,1.95
726,1.2225,0.5,0.1,0.0,0.0015,1.95
727,1.222,0.0,0.0,0.0,0.0,1.95
728,1.2225,0.5,0.1,0.0,0.0015,1.95
729,1.2225,0.5,0.1,0.0,0.0015,1.95
730,1.222,0.0,0.0,0.0,0.0,1.95
731,1.2225,0.5,0.1,0.0,0.0015,1.95
732,1.2225,0.5,0.1,0.0,0.0015,1.95
733,1.222,0.0,0.0,0.0,0.0,1.95
734,1.2225,0.5,0.1,0.0,0.0015,1.95
735,1.222,0.0,0.0,0.0,0.0,1.95
736,1.2225,0.5,0.1,0.0,0.0015,1.95
737,1.222,0.0,0.0,0.0,0.0,1.95
738,1.222,0.0,0.0,0.0,0.0,1.95
739,1.2225,0.5,0.1,0.0,0.0015,1.95
740,1.2225,0.5,0.1,0.0,0.0015,1.95
741,1.222,0.0,0.0,0.0,0.0,1.95
742,1.2225,0.5,0.1,0.0,0.0015,1.95
743,1.2225,0.5,0.1,0.0,0.0015,1.95
744,1.222,0.0,0.0,0.0,0.0,1.95
745,1.2225,0.5,0.1,0.0,0.0015,1.95
746,1.2225,0.5,0.1,0.0,0.0015,1.95
747,1.2225,0.5,0.1,0.0,0.0015,1.95
748,1.2225,0.5,0.1,0.0,0.0015,1.95
749,1.2225,0.5,0.1,0.0,0.0015,1.95
750,1.222,0.0,0.0,0.0,0.0,1.95
751,1.2225,0.5,0.1,0.0,0.0015,1.95
752,1.222,0.0,0.0,0.0,0.0,1.95
753,1.2225,0.5,0.1,0.0,0.0015,1.95
754,1.222,0.0,0.0,0.0,0.0,1.95
755,1.222,0.0,0.0,0.0,0.0,1.95
756,1.222,0.0,0.0,0.0,0.0,1.95
757,1.2225,0.5,0.1,0.0,0.0015,1.95
758,1.2225,0.5,0.1,0.0,0.0015,1.95
759,1.222,0.0,0.0,0.0,0.0,1.95
760,1.222,0.0,0.0,0.0,0.0,1.95
761,1.222,0.0,0.0,0.0,0.0,1.95
762,1.2225,0.5,0.1,0.0,0.0015,1.95
763,1.222,0.0,0.0,0.0,0.0,1.95
764,1.222,0.0,0.0,0.0,0.0,1.95
765,1.222,0.0,0.0,0.0,0.0,1.95
766,1.222,0.0,0.0,0.0,0.0,1.95
767,1.222,0.0,0.0,0.0,0.0,1.95
768,1.2225,0.5,0.1,0.0,0.0015,1.95
769,1.2225,0.5,0.1,0.0,0.0015,1.95
770,1.2225,0.5,0.1,0.0,0.0015,1.95
771,1.2225,0.5,0.1,0.0,0.0015,1.95
772,1.2225,0.5,0.1,0.0,0.0015,1.95
773,1.222,0.0,0.0,0.0,0.0,1.95
774,1.222,0.0,0.0,0.0,0.0,1.95
775,1.2225,0.5,0.1,0.0,0.0015,1.95
776,1.2225,0.5,0.1,0.0,0.0015,1.95
777,1.222,0.0,0.0,0.0,0.0,1.95
778,1.2225,0.5,0.1,0.0,0.0015,1.95
779,1.222,0.0,0.0,0.0,0.0,1.95
780,1.2225,0.5,0.1,0.0,0.0015,1.95
781,1.222,0.0,0.0,0.0,0.0,1.95
782,1.2225,0.5,0.1,0.0,0.0015,1.95
783,1.2225,0.5,0.1,0.0,0.0015,1.95
784,1.222,0.0,0.0,0.0,0.0,1.95
785,1.2225,0.5,0.1,0.0,0.0015,1.95
786,1.2225,0.5,0.1,0.0,0.0015,1.95
787,1.222,0.0,0.0,0.0,0.0,1.95
788,1.222,0.0,0.0,0.0,0.0,1.95
789,1.222,0.0,0.0,0.0,0.0,1.95
790,1.2225,0.5,0.1,0.0,0.0015,1.95
791,1.2225,0.5,0.1,0.0,0.0015,1.95
792,1.222,0.0,0.0,0.0,0.0,1.95
793,1.2225,0.5,0.1,0.0,0.0015,1.95
794,1.2225,0.5,0.1,0.0,0.0015,1.95
795,1.222,0.0,0.0,0.0,0.0,1.95
796,1.2225,0.5,0.1,0.0,0.0015,1.95
797,1.222,0.0,0.0,0.0,0.0,1.95
798,1.222,0.0,0.0,0.0,0.0,1.95
799,1.2225,0.5,0.1,0.0,0.0015,1.95
800,1.222,0.0,0.0,0.0,0.0,1.95
801,1.2225,0.5,0.1,0.0,0.0015,1.95
802,1.222,0.0,0.0,0.0,0.0,1.95
803,1.2225,0.5,0.1,0.0,0.0015,1.95
804,1.222,0.0,0.0,0.0,0.0,1.95
805,1.2225,0.5,0.1,0.0,0.0015,1.95
806,1.2225,0.5,0.1,0.0,0.0015,1.95
807,1.222,0.0,0.0,0.0,0.0,1.95
808,1.222,0.0,0.0,0.0,0.0,1.95
809,1.222,0.0,0.0,0.0,0.0,1.95
810,1.222,0.0,0.0,0.0,0.0,1.95
811,1.2225,0.5,0.1,0.0,0.0015,1.95
812,1.222,0.0,0.0,0.0,0.0,1.95
813,1.2225,0.5,0.1,0.0,0.0015,1.95
814,1.222,0.0,0.0,0.0,0.0,1.95
815,1.2225,0.5,0.1,0.0,0.0015,1.95
816,1.222,0.0,0.0,0.0,0.0,1.95
817,1.222,0.0,0.0,0.0,0.0,1.95
818,1.222,0.0,0.0,0.0,0.0,1.95
819,1.222,0.0,0.0,0.0,0.0,1.95
820,1.222,0.0,0.0,0.0,0.0,1.95
821,1.2225,0.5,0.1,0.0,0.0015,1.95
822,1.2225,0.5,0.1,0.0,0.0015,1.95
823,1.222,0.0,0.0,0.0,0.0,1.95
824,1.2225,0.5,0.1,0.0,0.0015,1.95
825,1.2225,0.5,0.1,0.0,0.0015,1.95
826,1.2225,0.5,0.1,0.0,0.0015,1.95
827,1.222,0.0,0.0,0.0,0.0,1.95
828,1.2225,0.5,0.1,0.0,0.0015,1.95
829,1.222,0.0,0.0,0.0,0.0,1.95
830,1.2225,0.5,0.1,0.0,0.0015,1.95
831,1.2225,0.5,0.1,0.0,0.0015,1.95
832,1.222,0.0,0.0,0.0,0.0,1.95
833,1.222,0.0,0.0,0.0,0.0,1.95
834,1.222,0.0,0.0,0.0,0.0,1.95
835,1.222,0.0,0.0,0.0,0.0,1.95
836,1.2225,0.5,0.1,0.0,0.0015,1.95
837,1.222,0.0,0.0,0.0,0.0,1.95
838,1.2225,0.5,0.1,0.0,0.0015,1.95
839,1.222,0.0,0.0,0.0,0.0,1.95
840,1.2225,0.5,0.1,0.0,0.0015,1.95
841,1.222,0.0,0.0,0.0,0.0,1.95
842,1.222,0.0,0.0,0.0,0.0,1.95
843,1.222,0.0,0.0,0.0,0.0,1.95
844,1.222,0.0,0.0,0.0,0.0,1.95
845,1.222,0.0,0.0,0.0,0.0,1.95
846,1.2225,0.5,0.1,0.0,0.0015,1.95
847,1.222,0.0,0.0,0.0,0.0,1.95
848,1.222,0.0,0.0,0.0,0.0,1.95
849,1.222,0.0,0.0,0.0,0.0,1.95
850,1.222,0.0,0.0,0.0,0.0,1.95
851,1.222,0.0,0.0,0.0,0.0,1.95
852,1.2225,0.5,0.1,0.0,0.0015,1.95
853,1.2225,0.5,0.1,0.0,0.0015,1.95
854,1.2225,0.5,0.1,0.0,0.0015,1.95
855,1.2225,0.5,0.1,0.0,0.0015,1.95
856,1.2225,0.5,0.1,0.0,0.0015,1.95
857,1.2225,0.5,0.1,0.0,0.0015,1.95
858,1.2225,0.5,0.1,0.0,0.0015,1.95
859,1.2225,0.5,0.1,0.0,0.0015,1.95
860,1.222,0.0,0.0,0.0,0.0,1.95
861,1.2225,0.5,0.1,0.0,0.0015,1.95
862,1.2225,0.5,0.1,0.0,0.0015,1.95
863,1.2225,0.5,0.1,0.0,0.0015,1.95
864,1.222,0.0,0.0,0.0,0.0,1.95
865,1.2225,0.5,0.1,0.0,0.0015,1.95
866,1.222,0.0,0.0,0.0,0.0,1.95
867,1.222,0.0,0.0,0.0,0.0,1.95
868,1.222,0.0,0.0,0.0,0.0,1.95
869,1.222,0.0,0.0,0.0,0.0,1.95
870,1.2225,0.5,0.1,0.0,0.0015,1.95
871,1.222,0.0,0.0,0.0,0.0,1.95
872,1.222,0.0,0.0,0.0,0.0,1.95
873,1.2225,0.5,0.1,0.0,0.0015,1.95
874,1.222,0.0,0.0,0.0,0.0,1.95
875,1.222,0.0,0.0,0.0,0.0,1.95
876,1.2225,0.5,0.1,0.0,0.0015,1.95
877,1.222,0.0,0.0,0.0,0.0,1.95
878,1.222,0.0,0.0,0.0,0.0,1.95
879,1.2225,0.5,0.1,0.0,0.0015,1.95
880,1.222,0.0,0.0,0.0,0.0,1.95
881,1.222,0.0,0.0,0.0,0.0,1.95
882,1.222,0.0,0.0,0.0,0.0,1.95
883,1.222,0.0,0.0,0.0,0.0,1.95
884,1.222,0.0,0.0,0.0,0.0,1.95
885,1.2225,0.5,0.1,0.0,0.0015,1.95
886,1.222,0.0,0.0,0.0,0.0,1.95
887,1.2225,0.5,0.1,0.0,0.0015,1.95
888,1.222,0.0,0.0,0.0,0.0,1.95
889,1.2225,0.5,0.1,0.0,0.0015,1.95
890,1.2225,0.5,0.1,0.0,0.0015,1.95
891,1.2225,0.5,0.1,0.0,0.0015,1.95
892,1.222,0.0,0.0,0.0,0.0,1.95
893,1.222,0.0,0.0,0.0,0.0,1.95
894,1.222,0.0,0.0,0.0,0.0,1.95
895,1.2225,0.5,0.1,0.0,0.0015,1.95
896,1.222,0.0,0.0,0.0,0.0,1.95
897,1.222,0.0,0.0,0.0,0.0,1.95
898,1.2225,0.5,0.1,0.0,0.0015,1.95
899,1.2225,0.5,0.1,0.0,0.0015,1.95
900,1.222,0.0,0.0,0.0,0.0,1.95
901,1.222,0.0,0.0,0.0,0.0,1.95
902,1.222,0.0,0.0,0.0,0.0,1.95
903,1.222,0.0,0.0,0.0,0.0,1.95
904,1.222,0.0,0.0,0.0,0.0,1.95
905,1.2225,0.5,0.1,0.0,0.0015,1.95
906,1.2225,0.5,0.1,0.0,0.0015,1.95
907,1.222,0.0,0.0,0.0,0.0,1.95
908,1.2225,0.5,0.1,0.0,0.0015,1.95
909,1.222,0.0,0.0,0.0,0.0,1.95
910,1.2225,0.5,0.1,0.0,0.0015,1.95
911,1.2225,0.5,0.1,0.0,0.0015,1.95
912,1.222,0.0,0.0,0.0,0.0,1.95
913,1.222,0.0,0.0,0.0,0.0,1.95
914,1.222,0.0,0.0,0.0,0.0,1.95
915,1.222,0.0,0.0,0.0,0.0,1.95
916,1.222,0.0,0.0,0.0,0.0,1.95
917,1.2225,0.5,0.1,0.0,0.0015,1.95
918,1.222,0.0,0.0,0.0,0.0,1.95
919,1.2225,0.5,0.1,0.0,0.0015,1.95
920,1.2225,0.5,0.1,0.0,0.0015,1.95
921,1.222,0.0,0.0,0.0,0.0,1.95
922,1.2225,0.5,0.1,0.0,0.0015,1.95
923,1.222,0.0,0.0,0.0,0.0,1.95
924,1.222,0.0,0.0,0.0,0.0,1.95
925,1.222,0.0,0.0,0.0,0.0,1.95
926,1.2225,0.5,0.1,0.0,0.0015,1.95
927,1.2225,0.5,0.1,0.0,0.0015,1.95
928,1.2225,0.5,0.1,0.0,0.0015,1.95
929,1.222,0.0,0.0,0.0,0.0,1.95
930,1.2225,0.5,0.1,0.0,0.0015,1.95
931,1.2225,0.5,0.1,0.0,0.0015,1.95
932,1.2225,0.5,0.1,0.0,0.0015,1.95
933,1.2225,0.5,0.1,0.0,0.0015,1.95
934,1.222,0.0,0.0,0.0,0.0,1.95
935,1.2225,0.5,0.1,0.0,0.0015,1.95
936,1.2225,0.5,0.1,0.0,0.0015,1.95
937,1.2225,0.5,0.1,0.0,0.0015,1.95
938,1.2225,0.5,0.1,0.0,0.0015,1.95
939,1.2225,0.5,0.1,0.0,0.0015,1.95
940,1.222,0.0,0.0,0.0,0.0,1.95
941,1.222,0.0,0.0,0.0,0.0,1.95
942,1.222,0.0,0.0,0.0,0.0,1.95
943,1.222,0.0,0.0,0.0,0.0,1.95
944,1.222,0.0,0.0,0.0,0.0,1.95
945,1.222,0.0,0.0,0.0,0.0,1.95
946,1.222,0.0,0.0,0.0,0.0,1.95
947,1.2225,0.5,0.1,0.0,0.0015,1.95
948,1.222,0.0,0.0,0.0,0.0,1.95
949,1.222,0.0,0.0,0.0,0.0,1.95
950,1.2225,0.5,0.1,0.0,0.0015,1.95
951,1.222,0.0,0.0,0.0,0.0,1.95
952,1.222,0.0,0.0,0.0,0.0,1.95
953,1.222,0.0,0.0,0.0,0.0,1.95
954,1.2225,0.5,0.1,0.0,0.0015,1.95
955,1.222,0.0,0.0,0.0,0.0,1.95
956,1.2225,0.5,0.1,0.0,0.0015,1.95
957,1.2225,0.5,0.1,0.0,0.0015,1.95
958,1.2225,0.5,0.1,0.0,0.0015,1.95
959,1.2225,0.5,0.1,0.0,0.0015,1.95
960,1.2225,0.5,0.1,0.0,0.0015,1.95
961,1.2225,0.5,0.1,0.0,0.0015,1.95
962,1.222,0.0,0.0,0.0,0.0,1.95
963,1.2225,0.5,0.1,0.0,0.0015,1.95
964,1.2225,0.5,0.1,0.0,0.0015,1.95
965,1.2225,0.5,0.1,0.0,0.0015,1.95
966,1.2225,0.5,0.1,0.0,0.0015,1.95
967,1.2225,0.5,0.1,0.0,0.0015,1.95
968,1.222,0.0,0.0,0.0,0.0,1.95
969,1.222,0.0,0.0,0.0,0.0,1.95
970,1.2225,0.5,0.1,0.0,0.0015,1.95
971,1.2225,0.5,0.1,0.0,0.0015,1.95
972,1.222,0.0,0.0,0.0,0.0,1.95
973,1.2225,0.5,0.1,0.0,0.0015,1.95
974,1.2225,0.5,0.1,0.0,0.0015,1.95
975,1.2225,0.5,0.1,0.0,0.0015,1.95
976,1.2225,0.5,0.1,0.0,0.0015,1.95
977,1.222,0.0,0.0,0.0,0.0,1.95
978,1.222,0.0,0.0,0.0,0.0,1.95
979,1.222,0.0,0.0,0.0,0.0,1.95
980,1.222,0.0,0.0,0.0,0.0,1.95
981,1.222,0.0,0.0,0.0,0.0,1.95
982,1.222,0.0,0.0,0.0,0.0,1.95
983,1.2225,0.5,0.1,0.0,0.0015,1.95
984,1.2225,0.5,0.1,0.0,0.0015,1.95
985,1.222,0.0,0.0,0.0,0.0,1.95
986,1.2225,0.5,0.1,0.0,0.0015,1.95
987,1.2225,0.5,0.1,0.0,0.0015,1.95
988,1.222,0.0,0.0,0.0,0.0,1.95
989,1.2225,0.5,0.1,0.0,0.0015,1.95
990,1.222,0.0,0.0,0.0,0.0,1.95
991,1.2225,0.5,0.1,0.0,0.0015,1.95
992,1.2225,0.5,0.1,0.0,0.0015,1.95
993,1.222,0.0,0.0,0.0,0.0,1.95
994,1.2225,0.5,0.1,0.0,0.0015,1.95
995,1.222,0.0,0.0,0.0,0.0,1.95
996,1.2225,0.5,0.1,0.0,0.0015,1.95
997,1.2225,0.5,0.1,0.0,0.0015,1.95
998,1.222,0.0,0.0,0.0,0.0,1.95
999,1.222,0.0,0.0,0.0,0.0,1.95
1000,1.2225,0.5,0.1,0.0,0.0015,1.95
1001,1.2225,0.5,0.1,0.0,0.0015,1.95
1002,1.222,0.0,0.0,0.0,0.0,1.95
1003,1.222,0.0,0.0,0.0,0.0,1.95
1004,1.2225,0.5,0.1,0.0,0.0015,1.95
1005,1.2225,0.5,0.1,0.0,0.0015,1.95
1006,1.222,0.0,0.0,0.0,0.0,1.95
1007,1.2225,0.5,0.1,0.0,0.0015,1.95
1008,1.222,0.0,0.0,0.0,0.0,1.95
1009,1.2225,0.5,0.1,0.0,0.0015,1.95
1010,1.2225,0.5,0.1,0.0,0.0015,1.95
1011,1.222,0.0,0.0,0.0,0.0,1.95
1012,1.2225,0.5,0.1,0.0,0.0015,1.95
1013,1.2225,0.5,0.1,0.0,0.0015,1.95
1014,1.2225,0.5,0.1,0.0,0.0015,1.95
1015,1.222,0.0,0.0,0.0,0.0,1.95
1016,1.2225,0.5,0.1,0.0,0.0015,1.95
1017,1.222,0.0,0.0,0.0,0.0,1.95
1018,1.222,0.0,0.0,0.0,0.0,1.95
1019,1.2225,0.5,0.1,0.0,0.0015,1.95
1020,1.2225,0.5,0.1,0.0,0.0015,1.95
1021,1.2225,0.5,0.1,0.0,0.0015,1.95
1022,1.2225,0.5,0.1,0.0,0.0015,1.95
1023,1.2225,0.5,0.1,0.0,0.0015,1.95
1024,1.222,0.0,0.0,0.0,0.0,1.95
1025,1.2225,0.5,0.1,0.0,0.0015,1.95
1026,1.2225,0.5,0.1,0.0,0.0015,1.95
1027,1.2225,0.5,0.1,0.0,0.0015,1.95
1028,1.2225,0.5,0.1,0.0,0.0015,1.95
1029,1.222,0.0,0.0,0.0,0.0,1.95
1030,1.2225,0.5,0.1,0.0,0.0015,1.95
1031,1.222,0.0,0.0,0.0,0.0,1.95
1032,1.222,0.0,0.0,0.0,0.0,1.95
1033,1.2225,0.5,0.1,0.0,0.0015,1.95
1034,1.222,0.0,0.0,0.0,0.0,1.95
1035,1.2225,0.5,0.1,0.0,0.0015,1.95
1036,1.2225,0.5,0.1,0.0,0.0015,1.95
1037,1.222,0.0,0.0,0.0,0.0,1.95
1038,1.222,0.0,0.0,0.0,0.0,1.95
1039,1.222,0.0,0.0,0.0,0.0,1.95
1040,1.222,0.0,0.0,0.0,0.0,1.95
1041,1.222,0.0,0.0,0.0,0.0,1.95
1042,1.2225,0.5,0.1,0.0,0.0015,1.95
1043,1.222,0.0,0.0,0.0,0.0,1.95
1044,1.2225,0.5,0.1,0.0,0.0015,1.95
1045,1.2225,0.5,0.1,0.0,0.0015,1.95
1046,1.2225,0.5,0.1,0.0,0.0015,1.95
1047,1.222,0.0,0.0,0.0,0.0,1.95
1048,1.222,0.0,0.0,0.0,0.0,1.95
1049,1.2225,0.5,0.1,0.0,0.0015,1.95
1050,1.222,0.0,0.0,0.0,0.0,1.95
1051,1.2225,0.5,0.1,0.0,0.0015,1.95
1052,1.2225,0.5,0.1,0.0,0.0015,1.95
1053,1.2225,0.5,0.1,0.0,0.0015,1.95
1054,1.222,0.0,0.0,0.0,0.0,1.95
1055,1.2225,0.5,0.1,0.0,0.0015,1.95
1056,1.2225,0.5,0.1,0.0,0.0015,1.95
1057,1.222,0.0,0.0,0.0,0.0,1.95
1058,1.2225,0.5,0.1,0.0,0.0015,1.95
1059,1.222,0.0,0.0,0.0,0.0,1.95
1060,1.2225,0.5,0.1,0.0,0.0015,1.95
1061,1.222,0.0,0.0,0.0,0.0,1.95
1062,1.222,0.0,0.0,0.0,0.0,1.95
1063,1.222,0.0,0.0,0.0,0.0,1.95
1064,1.2225,0.5,0.1,0.0,0.0015,1.95
1065,1.2225,0.5,0.1,0.0,0.0015,1.95
1066,1.2225,0.5,0.1,0.0,0.0015,1.95
1067,1.222,0.0,0.0,0.0,0.0,1.95
1068,1.2225,0.5,0.1,0.0,0.0015,1.95
1069,1.2225,0.5,0.1,0.0,0.0015,1.95
1070,1.2225,0.5,0.1,0.0,0.0015,1.95
1071,1.2225,0.5,0.1,0.0,0.0015,1.95
1072,1.2225,0.5,0.1,0.0,0.0015,1.95
1073,1.2225,0.5,0.1,0.0,0.0015,1.95
1074,1.2225,0.5,0.1,0.0,0.0015,1.95
1075,1.222,0.0,0.0,0.0,0.0,1.95
1076,1.2225,0.5,0.1,0.0,0.0015,1.95
1077,1.222,0.0,0.0,0.0,0.0,1.95
1078,1.222,0.0,0.0,0.0,0.0,1.95
1079,1.2225,0.5,0.1,0.0,0.0015,1.95
1080,1.222,0.0,0.0,0.0,0.0,1.95
1081,1.2225,0.5,0.1,0.0,0.0015,1.95
1082,1.222,0.0,0.0,0.0,0.0,1.95
1083,1.222,0.0,0.0,0.0,0.0,1.95
1084,1.222,0.0,0.0,0.0,0.0,1.95
1085,1.222,0.0,0.0,0.0,0.0,1.95
1086,1.2225,0.5,0.1,0.0,0.0015,1.95
1087,1.222,0.0,0.0,0.0,0.0,1.95
1088,1.222,0.0,0.0,0.0,0.0,1.95
1089,1.222,0.0,0.0,0.0,0.0,1.95
1090,1.2225,0.5,0.1,0.0,0.0015,1.95
1091,1.222,0.0,0.0,0.0,0.0,1.95
1092,1.2225,0.5,0.1,0.0,0.0015,1.95
1093,1.2225,0.5,0.1,0.0,0.0015,1.95
1094,1.222,0.0,0.0,0.0,0.0,1.95
1095,1.222,0.0,0.0,0.0,0.0,1.95
1096,1.222,0.0,0.0,0.0,0.0,1.95
1097,1.2225,0.5,0.1,0.0,0.0015,1.95
1098,1.222,0.0,0.0,0.0,0.0,1.95
1099,1.2225,0.5,0.1,0.0,0.0015,1.95
1100,1.2225,0.5,0.1,0.0,0.0015,1.95
1101,1.2225,0.5,0.1,0.0,0.0015,1.95
1102,1.2225,0.5,0.1,0.0,0.0015,1.95
1103,1.2225,0.5,0.1,0.0,0.0015,1.95
1104,1.2225,0.5,0.1,0.0,0.0015,1.95
1105,1.222,0.0,0.0,0.0,0.0,1.95
1106,1.222,0.0,0.0,0.0,0.0,1.95
1107,1.222,0.0,0.0,0.0,0.0,1.95
1108,1.2225,0.5,0.1,0.0,0.0015,1.95
1109,1.222,0.0,0.0,0.0,0.0,1.95
1110,1.2225,0.5,0.1,0.0,0.0015,1.95
1111,1.2225,0.5,0.1,0.0,0.0015,1.95
1112,1.2225,0.5,0.1,0.0,0.0015,1.95
1113,1.222,0.0,0.0,0.0,0.0,1.95
1114,1.222,0.0,0.0,0.0,0.0,1.95
1115,1.2225,0.5,0.1,0.0,0.0015,1.95
1116,1.2225,0.5,0.1,0.0,0.0015,1.95
1117,1.2225,0.5,0.1,0.0,0.0015,1.95
1118,1.222,0.0,0.0,0.0,0.0,1.95
1119,1.2225,0.5,0.1,0.0,0.0015,1.95
1120,1.2225,0.5,0.1,0.0,0.0015,1.95
1121,1.2225,0.5,0.1,0.0,0.0015,1.95
1122,1.2225,0.5,0.1,0.0,0.0015,1.95
1123,1.222,0.0,0.0,0.0,0.0,1.95
1124,1.222,0.0,0.0,0.0,0.0,1.95
1125,1.2225,0.5,0.1,0.0,0.0015,1.95
1126,1.2225,0.5,0.1,0.0,0.0015,1.95
1127,1.2225,0.5,0.1,0.0,0.0015,1.95
1128,1.222,0.0,0.0,0.0,0.0,1.95
1129,1.2225,0.5,0.1,0.0,0.0015,1.95
1130,1.222,0.0,0.0,0.0,0.0,1.95
1131,1.2225,0.5,0.1,0.0,0.0015,1.95
1132,1.2225,0.5,0.1,0.0,0.0015,1.95
1133,1.2225,0.5,0.1,0.0,0.0015,1.95
1134,1.222,0.0,0.0,0.0,0.0,1.95
1135,1.222,0.0,0.0,0.0,0.0,1.95
1136,1.2225,0.5,0.1,0.0,0.0015,1.95
1137,1.222,0.0,0.0,0.0,0.0,1.95
1138,1.2225,0.5,0.1,0.0,0.0015,1.95
1139,1.222,0.0,0.0,0.0,0.0,1.95
1140,1.222,0.0,0.0,0.0,0.0,1.95
1141,1.2225,0.5,0.1,0.0,0.0015,1.95
1142,1.222,0.0,0.0,0.0,0.0,1.95
1143,1.2225,0.5,0.1,0.0,0.0015,1.95
1144,1.222,0.0,0.0,0.0,0.0,1.95
1145,1.222,0.0,0.0,0.0,0.0,1.95
1146,1.222,0.0,0.0,0.0,0.0,1.95
1147,1.222,0.0,0.0,0.0,0.0,1.95
1148,1.2225,0.5,0.1,0.0,0.0015,1.95
1149,1.2225,0.5,0.1,0.0,0.0015,1.95
1150,1.2225,0.5,0.1,0.0,0.0015,1.95
1151,1.2225,0.5,0.1,0.0,0.0015,1.95
1152,1.2225,0.5,0.1,0.0,0.0015,1.95
1153,1.222,0.0,0.0,0.0,0.0,1.95
1154,1.2225,0.5,0.1,0.0,0.0015,1.95
1155,1.222,0.0,0.0,0.0,0.0,1.95
1156,1.222,0.0,0.0,0.0,0.0,1.95
1157,1.222,0.0,0.0,0.0,0.0,1.95
1158,1.222,0.0,0.0,0.0,0.0,1.95
1159,1.2225,0.5,0.1,0.0,0.0015,1.95
1160,1.2225,0.5,0.1,0.0,0.0015,1.95
1161,1.222,0.0,0.0,0.0,0.0,1.95
1162,1.222,0.0,0.0,0.0,0.0,1.95
1163,1.2225,0.5,0.1,0.0,0.0015,1.95
1164,1.2225,0.5,0.1,0.0,0.0015,1.95
1165,1.2225,0.5,0.1,0.0,0.0015,1.95
1166,1.222,0.0,0.0,0.0,0.0,1.95
1167,1.2225,0.5,0.1,0.0,0.0015,1.95
1168,1.222,0.0,0.0,0.0,0.0,1.95
1169,1.222,0.0,0.0,0.0,0.0,1.95
1170,1.222,0.0,0.0,0.0,0.0,1.95
1171,1.222,0.0,0.0,0.0,0.0,1.95
1172,1.2225,0.5,0.1,0.0,0.0015,1.95
1173,1.222,0.0,0.0,0.0,0.0,1.95
1174,1.222,0.0,0.0,0.0,0.0,1.95
1175,1.2225,0.5,0.1,0.0,0.0015,1.95
1176,1.222,0.0,0.0,0.0,0.0,1.95
1177,1.2225,0.5,0.1,0.0,0.0015,1.95
1178,1.2225,0.5,0.1,0.0,0.0015,1.95
1179,1.2225,0.5,0.1,0.0,0.0015,1.95
1180,1.222,0.0,0.0,0.0,0.0,1.95
1181,1.222,0.0,0.0,0.0,0.0,1.95
1182,1.2225,0.5,0.1,0.0,0.0015,1.95
1183,1.222,0.0,0.0,0.0,0.0,1.95
1184,1.2225,0.5,0.1,0.0,0.0015,1.95
1185,1.2225,0.5,0.1,0.0,0.0015,1.95
1186,1.222,0.0,0.0,0.0,0.0,1.95
1187,1.222,0.0,0.0,0.0,0.0,1.95
1188,1.222,0.0,0.0,0.0,0.0,1.95
1189,1.222,0.0,0.0,0.0,0.0,1.95
1190,1.222,0.0,0.0,0.0,0.0,1.95
1191,1.222,0.0,0.0,0.0,0.0,1.95
1192,1.2225,0.5,0.1,0.0,0.0015,1.95
1193,1.2225,0.5,0.1,0.0,0.0015,1.95
1194,1.222,0.0,0.0,0.0,0.0,1.95
1195,1.222,0.0,0.0,0.0,0.0,1.95
1196,1.2225,0.5,0.1,0.0,0.0015,1.95
1197,1.222,0.0,0.0,0.0,0.0,1.95
1198,1.222,0.0,0.0,0.0,0.0,1.95
1199,1.2225,0.5,0.1,0.0,0.0015,1.95
1200,1.2225,0.5,0.1,0.0,0.0015,1.95
1201,1.2225,0.5,0.1,0.0,0.0015,1.95
1202,1.2225,0.5,0.1,0.0,0.0015,1.95
1203,1.222,0.0,0.0,0.0,0.0,1.95
1204,1.222,0.0,0.0,0.0,0.0,1.95
1205,1.2225,0.5,0.1,0.0,0.0015,1.95
1206,1.2225,0.5,0.1,0.0,0.0015,1.95
1207,1.2225,0.5,0.1,0.0,0.0015,1.95
1208,1.222,0.0,0.0,0.0,0.0,1.95
1209,1.222,0.0,0.0,0.0,0.0,1.95
1210,1.2225,0.5,0.1,0.0,0.0015,1.95
1211,1.2225,0.5,0.1,0.0,0.0015,1.95
1212,1.222,0.0,0.0,0.0,0.0,1.95
1213,1.2225,0.5,0.1,0.0,0.0015,1.95
1214,1.222,0.0,0.0,0.0,0.0,1.95
1215,1.2225,0.5,0.1,0.0,0.0015,1.95
1216,1.222,0.0,0.0,0.0,0.0,1.95
1217,1.222,0.0,0.0,0.0,0.0,1.95
1218,1.222,0.0,0.0,0.0,0.0,1.95
1219,1.222,0.0,0.0,0.0,0.0,1.95
1220,1.2225,0.5,0.1,0.0,0.0015,1.95
1221,1.2225,0.5,0.1,0.0,0.0015,1.95
1222,1.2225,0.5,0.1,0.0,0.0015,1.95
1223,1.222,0.0,0.0,0.0,0.0,1.95
1224,1.2225,0.5,0.1,0.0,0.0015,1.95
1225,1.222,0.0,0.0,0.0,0.0,1.95
1226,1.2225,0.5,0.1,0.0,0.0015,1.95
1227,1.222,0.0,0.0,0.0,0.0,1.95
1228,1.222,0.0,0.0,0.0,0.0,1.95
1229,1.2225,0.5,0.1,0.0,0.0015,1.95
1230,1.2225,0.5,0.1,0.0,0.0015,1.95
1231,1.222,0.0,0.0,0.0,0.0,1.95
1232,1.222,0.0,0.0,0.0,0.0,1.95
1233,1.2225,0.5,0.1,0.0,0.0015,1.95
1234,1.2225,0.5,0.1,0.0,0.0015,1.95
1235,1.2225,0.5,0.1,0.0,0.0015,1.95
1236,1.2225,0.5,0.1,0.0,0.0015,1.95
1237,1.222,0.0,0.0,0.0,0.0,1.95
1238,1.2225,0.5,0.1,0.0,0.0015,1.95
1239,1.2225,0.5,0.1,0.0,0.0015,1.95
1240,1.222,0.0,0.0,0.0,0.0,1.95
1241,1.2225,0.5,0.1,0.0,0.0015,1.95
1242,1.222,0.0,0.0,0.0,0.0,1.95
1243,1.222,0.0,0.0,0.0,0.0,1.95
1244,1.222,0.0,0.0,0.0,0.0,1.95
1245,1.2225,0.5,0.1,0.0,0.0015,1.95
1246,1.2225,0.5,0.1,0.0,0.0015,1.95
1247,1.222,0.0,0.0,0.0,0.0,1.95
1248,1.2225,0.5,0.1,0.0,0.0015,1.95
1249,1.222,0.0,0.0,0.0,0.0,1.95
1250,1.222,0.0,0.0,0.0,0.0,1.95
1251,1.2225,0.5,0.1,0.0,0.0015,1.95
1252,1.2225,0.5,0.1,0.0,0.0015,1.95
1253,1.2225,0.5,0.1,0.0,0.0015,1.95
1254,1.2225,0.5,0.1,0.0,0.0015,1.95
1255,1.2225,0.5,0.1,0.0,0.0015,1.95
1256,1.222,0.0,0.0,0.0,0.0,1.95
1257,1.222,0.0,0.0,0.0,0.0,1.95
1258,1.2225,0.5,0.1,0.0,0.0015,1.95
1259,1.2225,0.5,0.1,0.0,0.0015,1.95
1260,1.2225,0.5,0.1,0.0,0.0015,1.95
1261,1.222,0.0,0.0,0.0,0.0,1.95
1262,1.2225,0.5,0.1,0.0,0.0015,1.95
1263,1.2225,0.5,0.1,0.0,0.0015,1.95
1264,1.222,0.0,0.0,0.0,0.0,1.95
1265,1.222,0.0,0.0,0.0,0.0,1.95
1266,1.2225,0.5,0.1,0.0,0.0015,1.95
1267,1.222,0.0,0.0,0.0,0.0,1.95
1268,1.222,0.0,0.0,0.0,0.0,1.95
1269,1.222,0.0,0.0,0.0,0.0,1.95
1270,1.222,0.0,0.0,0.0,0.0,1.95
1271,1.2225,0.5,0.1,0.0,0.0015,1.95
1272,1.222,0.0,0.0,0.0,0.0,1.95
1273,1.2225,0.5,0.1,0.0,0.0015,1.95
1274,1.2225,0.5,0.1,0.0,0.0015,1.95
1275,1.2225,0.5,0.1,0.0,0.0015,1.95
1276,1.2225,0.5,0.1,0.0,0.0015,1.95
1277,1.222,0.0,0.0,0.0,0.0,1.95
1278,1.222,0.0,0.0,0.0,0.0,1.95
1279,1.2225,0.5,0.1,0.0,0.0015,1.95
1280,1.222,0.0,0.0,0.0,0.0,1.95
1281,1.222,0.0,0.0,0.0,0.0,1.95
1282,1.2225,0.5,0.1,0.0,0.0015,1.95
1283,1.2225,0.5,0.1,0.0,0.0015,1.95
1284,1.222,0.0,0.0,0.0,0.0,1.95
1285,1.222,0.0,0.0,0.0,0.0,1.95
1286,1.2225,0.5,0.1,0.0,0.0015,1.95
1287,1.222,0.0,0.0,0.0,0.0,1.95
1288,1.222,0.0,0.0,0.0,0.0,1.95
1289,1.2225,0.5,0.1,0.0,0.0015,1.95
1290,1.2225,0.5,0.1,0.0,0.0015,1.95
1291,1.222,0.0,0.0,0.0,0.0,1.95
1292,1.2225,0.5,0.1,0.0,0.0015,1.95
1293,1.222,0.0,0.0,0.0,0.0,1.95
1294,1.222,0.0,0.0,0.0,0.0,1.95
1295,1.222,0.0,0.0,0.0,0.0,1.95
1296,1.2225,0.5,0.1,0.0,0.0015,1.95
1297,1.2225,0.5,0.1,0.0,0.0015,1.95
1298,1.222,0.0,0.0,0.0,0.0,1.95
1299,1.2225,0.5,0.1,0.0,0.0015,1.95
1300,1.2225,0.5,0.1,0.0,0.0015,1.95
1301,1.2225,0.5,0.1,0.0,0.0015,1.95
1302,1.222,0.0,0.0,0.0,0.0,1.95
1303,1.2225,0.5,0.1,0.0,0.0015,1.95
1304,1.222,0.0,0.0,0.0,0.0,1.95
1305,1.2225,0.5,0.1,0.0,0.0015,1.95
1306,1.2225,0.5,0.1,0.0,0.0015,1.95
1307,1.2225,0.5,0.1,0.0,0.0015,1.95
1308,1.222,0.0,0.0,0.0,0.0,1.95
1309,1.222,0.0,0.0,0.0,0.0,1.95
1310,1.2225,0.5,0.1,0.0,0.0015,1.95
1311,1.2225,0.5,0.1,0.0,0.0015,1.95
1312,1.222,0.0,0.0,0.0,0.0,1.95
1313,1.2225,0.5,0.1,0.0,0.0015,1.95
1314,1.222,0.0,0.0,0.0,0.0,1.95
1315,1.2225,0.5,0.1,0.0,0.0015,1.95
1316,1.2225,0.5,0.1,0.0,0.0015,1.95
1317,1.2225,0.5,0.1,0.0,0.0015,1.95
1318,1.222,0.0,0.0,0.0,0.0,1.95
1319,1.2225,0.5,0.1,0.0,0.0015,1.95
1320,1.2225,0.5,0.1,0.0,0.0015,1.95
1321,1.222,0.0,0.0,0.0,0.0,1.95
1322,1.2225,0.5,0.1,0.0,0.0015,1.95
1323,1.222,0.0,0.0,0.0,0.0,1.95
1324,1.222,0.0,0.0,0.0,0.0,1.95
1325,1.2225,0.5,0.1,0.0,0.0015,1.95
1326,1.2225,0.5,0.1,0.0,0.0015,1.95
1327,1.2225,0.5,0.1,0.0,0.0015,1.95
1328,1.222,0.0,0.0,0.0,0.0,1.95
1329,1.222,0.0,0.0,0.0,0.0,1.95
1330,1.222,0.0,0.0,0.0,0.0,1.95
1331,1.222,0.0,0.0,0.0,0.0,1.95
1332,1.2225,0.5,0.1,0.0,0.0015,1.95
1333,1.2225,0.5,0.1,0.0,0.0015,1.95
1334,1.222,0.0,0.0,0.0,0.0,1.95
1335,1.2225,0.5,0.1,0.0,0.0015,1.95
1336,1.222,0.0,0.0,0.0,0.0,1.95
1337,1.222,0.0,0.0,0.0,0.0,1.95
1338,1.2225,0.5,0.1,0.0,0.0015,1.95
1339,1.2225,0.5,0.1,0.0,0.0015,1.95
1340,1.222,0.0,0.0,0.0,0.0,1.95
1341,1.222,0.0,0.0,0.0,0.0,1.95
1342,1.222,0.0,0.0,0.0,0.0,1.95
1343,1.222,0.0,0.0,0.0,0.0,1.95
1344,1.222,0.0,0.0,0.0,0.0,1.95
1345,1.2225,0.5,0.1,0.0,0.0015,1.95
1346,1.2225,0.5,0.1,0.0,0.0015,1.95
1347,1.222,0.0,0.0,0.0,0.0,1.95
1348,1.222,0.0,0.0,0.0,0.0,1.95
1349,1.2225,0.5,0.1,0.0,0.0015,1.95
1350,1.2225,0.5,0.1,0.0,0.0015,1.95
1351,1.222,0.0,0.0,0.0,0.0,1.95
1352,1.2225,0.5,0.1,0.0,0.0015,1.95
1353,1.2225,0.5,0.1,0.0,0.0015,1.95
1354,1.222,0.0,0.0,0.0,0.0,1.95
1355,1.222,0.0,0.0,0.0,0.0,1.95
1356,1.2225,0.5,0.1,0.0,0.0015,1.95
1357,1.2225,0.5,0.1,0.0,0.0015,1.95
1358,1.2225,0.5,0.1,0.0,0.0015,1.95
1359,1.2225,0.5,0.1,0.0,0.0015,1.95
1360,1.2225,0.5,0.1,0.0,0.0015,1.95
1361,1.222,0.0,0.0,0.0,0.0,1.95
1362,1.222,0.0,0.0,0.0,0.0,1.95
1363,1.2225,0.5,0.1,0.0,0.0015,1.95
1364,1.2225,0.5,0.1,0.0,0.0015,1.95
1365,1.222,0.0,0.0,0.0,0.0,1.95
1366,1.222,0.0,0.0,0.0,0.0,1.95
1367,1.2225,0.5,0.1,0.0,0.0015,1.95
1368,1.222,0.0,0.0,0.0,0.0,1.95
1369,1.2225,0.5,0.1,0.0,0.0015,1.95
1370,1.2225,0.5,0.1,0.0,0.0015,1.95
1371,1.2225,0.5,0.1,0.0,0.0015,1.95
1372,1.222,0.0,0.0,0.0,0.0,1.95
1373,1.222,0.0,0.0,0.0,0.0,1.95
1374,1.222,0.0,0.0,0.0,0.0,1.95
1375,1.222,0.0,0.0,0.0,0.0,1.95
1376,1.222,0.0,0.0,0.0,0.0,1.95
1377,1.222,0.0,0.0,0.0,0.0,1.95
1378,1.222,0.0,0.0,0.0,0.0,1.95
1379,1.2225,0.5,0.1,0.0,0.0015,1.95
1380,1.2225,0.5,0.1,0.0,0.0015,1.95
1381,1.2225,0.5,0.1,0.0,0.0015,1.95
1382,1.222,0.0,0.0,0.0,0.0,1.95
1383,1.2225,0.5,0.1,0.0,0.0015,1.95
1384,1.222,0.0,0.0,0.0,0.0,1.95
1385,1.2225,0.5,0.1,0.0,0.0015,1.95
1386,1.2225,0.5,0.1,0.0,0.0015,1.95
1387,1.222,0.0,0.0,0.0,0.0,1.95
1388,1.2225,0.5,0.1,0.0,0.0015,1.95
1389,1.222,0.0,0.0,0.0,0.0,1.95
1390,1.222,0.0,0.0,0.0,0.0,1.95
1391,1.2225,0.5,0.1,0.0,0.0015,1.95
1392,1.2225,0.5,0.1,0.0,0.0015,1.95
1393,1.222,0.0,0.0,0.0,0.0,1.95
1394,1.2225,0.5,0.1,0.0,0.0015,1.95
1395,1.2225,0.5,0.1,0.0,0.0015,1.95
1396,1.2225,0.5,0.1,0.0,0.0015,1.95
1397,1.222,0.0,0.0,0.0,0.0,1.95
1398,1.2225,0.5,0.1,0.0,0.0015,1.95
1399,1.222,0.0,0.0,0.0,0.0,1.95
1400,1.222,0.0,0.0,0.0,0.0,1.95
1401,1.2225,0.5,0.1,0.0,0.0015,1.95
1402,1.222,0.0,0.0,0.0,0.0,1.95
1403,1.2225,0.5,0.1,0.0,0.0015,1.95
1404,1.222,0.0,0.0,0.0,0.0,1.95
1405,1.2225,0.5,0.1,0.0,0.0015,1.95
1406,1.222,0.0,0.0,0.0,0.0,1.95
1407,1.2225,0.5,0.1,0.0,0.0015,1.95
1408,1.2225,0.5,0.1,0.0,0.0015,1.95
1409,1.222,0.0,0.0,0.0,0.0,1.95
1410,1.222,0.0,0.0,0.0,0.0,1.95
1411,1.222,0.0,0.0,0.0,0.0,1.95
1412,1.2225,0.5,0.1,0.0,0.0015,1.95
1413,1.222,0.0,0.0,0.0,0.0,1.95
1414,1.222,0.0,0.0,0.0,0.0,1.95
1415,1.222,0.0,0.0,0.0,0.0,1.95
1416,1.222,0.0,0.0,0.0,0.0,1.95
1417,1.222,0.0,0.0,0.0,0.0,1.95
1418,1.222,0.0,0.0,0.0,0.0,1.95
1419,1.222,0.0,0.0,0.0,0.0,1.95
1420,1.2225,0.5,0.1,0.0,0.0015,1.95
1421,1.2225,0.5,0.1,0.0,0.0015,1.95
1422,1.2225,0.5,0.1,0.0,0.0015,1.95
1423,1.222,0.0,0.0,0.0,0.0,1.95
1424,1.2225,0.5,0.1,0.0,0.0015,1.95
1425,1.222,0.0,0.0,0.0,0.0,1.95
1426,1.2225,0.5,0.1,0.0,0.0015,1.95
1427,1.2225,0.5,0.1,0.0,0.0015,1.95
1428,1.2225,0.5,0.1,0.0,0.0015,1.95
1429,1.2225,0.5,0.1,0.0,0.0015,1.95
1430,1.2225,0.5,0.1,0.0,0.0015,1.95
1431,1.2225,0.5,0.1,0.0,0.0015,1.95
1432,1.222,0.0,0.0,0.0,0.0,1.95
1433,1.2225,0.5,0.1,0.0,0.0015,1.95
1434,1.222,0.0,0.0,0.0,0.0,1.95
1435,1.2225,0.5,0.1,0.0,0.0015,1.95
1436,1.222,0.0,0.0,0.0,0.0,1.95
1437,1.2225,0.5,0.1,0.0,0.0015,1.95
1438,1.2225,0.5,0.1,0.0,0.0015,1.95
1439,1.222,0.0,0.0,0.0,0.0,1.95
1440,1.222,0.0,0.0,0.0,0.0,1.95
1441,1.2225,0.5,0.1,0.0,0.0015,1.95
1442,1.222,0.0,0.0,0.0,0.0,1.95
1443,1.222,0.0,0.0,0.0,0.0,1.95
1444,1.222,0.0,0.0,0.0,0.0,1.95
1445,1.222,0.0,0.0,0.0,0.0,1.95
1446,1.222,0.0,0.0,0.0,0.0,1.95
1447,1.222,0.0,0.0,0.0,0.0,1.95
1448,1.2225,0.5,0.1,0.0,0.0015,1.95
1449,1.222,0.0,0.0,0.0,0.0,1.95
1450,1.2225,0.5,0.1,0.0,0.0015,1.95
1451,1.222,0.0,0.0,0.0,0.0,1.95
1452,1.222,0.0,0.0,0.0,0.0,1.95
1453,1.2225,0.5,0.1,0.0,0.0015,1.95
1454,1.222,0.0,0.0,0.0,0.0,1.95
1455,1.222,0.0,0.0,0.0,0.0,1.95
1456,1.2225,0.5,0.1,0.0,0.0015,1.95
1457,1.2225,0.5,0.1,0.0,0.0015,1.95
1458,1.222,0.0,0.0,0.0,0.0,1.95
1459,1.2225,0.5,0.1,0.0,0.0015,1.95
1460,1.2225,0.5,0.1,0.0,0.0015,1.95
1461,1.2225,0.5,0.1,0.0,0.0015,1.95
1462,1.2225,0.5,0.1,0.0,0.0015,1.95
1463,1.222,0.0,0.0,0.0,0.0,1.95
1464,1.2225,0.5,0.1,0.0,0.0015,1.95
1465,1.222,0.0,0.0,0.0,0.0,1.95
1466,1.2225,0.5,0.1,0.0,0.0015,1.95
1467,1.222,0.0,0.0,0.0,0.0,1.95
1468,1.222,0.0,0.0,0.0,0.0,1.95
1469,1.2225,0.5,0.1,0.0,0.0015,1.95
1470,1.222,0.0,0.0,0.0,0.0,1.95
1471,1.222,0.0,0.0,0.0,0.0,1.95
1472,1.2225,0.5,0.1,0.0,0.0015,1.95
1473,1.222,0.0,0.0,0.0,0.0,1.95
1474,1.222,0.0,0.0,0.0,0.0,1.95
1475,1.2225,0.5,0.1,0.0,0.0015,1.95
1476,1.2225,0.5,0.1,0.0,0.0015,1.95
1477,1.222,0.0,0.0,0.0,0.0,1.95
1478,1.222,0.0,0.0,0.0,0.0,1.95
1479,1.2225,0.5,0.1,0.0,0.0015,1.95
1480,1.2225,0.5,0.1,0.0,0.0015,1.95
1481,1.222,0.0,0.0,0.0,0.0,1.95
1482,1.222,0.0,0.0,0.0,0.0,1.95
1483,1.222,0.0,0.0,0.0,0.0,1.95
1484,1.222,0.0,0.0,0.0,0.0,1.95
1485,1.2225,0.5,0.1,0.0,0.0015,1.95
1486,1.222,0.0,0.0,0.0,0.0,1.95
1487,1.222,0.0,0.0,0.0,0.0,1.95
1488,1.222,0.0,0.0,0.0,0.0,1.95
1489,1.222,0.0,0.0,0.0,0.0,1.95
1490,1.2225,0.5,0.1,0.0,0.0015,1.95
1491,1.222,0.0,0.0,0.0,0.0,1.95
1492,1.222,0.0,0.0,0.0,0.0,1.95
1493,1.222,0.0,0.0,0.0,0.0,1.95
1494,1.222,0.0,0.0,0.0,0.0,1.95
1495,1.2225,0.5,0.1,0.0,0.0015,1.95
1496,1.222,0.0,0.0,0.0,0.0,1.95
1497,1.222,0.0,0.0,0.0,0.0,1.95
1498,1.222,0.0,0.0,0.0,0.0,1.95
1499,1.2225,0.5,0.1,0.0,0.0015,1.95
1500,1.222,0.0,0.0,0.0,0.0,1.95
1501,1.2225,0.5,0.1,0.0,0.0015,1.95
1502,1.2225,0.5,0.1,0.0,0.0015,1.95
1503,1.222,0.0,0.0,0.0,0.0,1.95
1504,1.222,0.0,0.0,0.0,0.0,1.95
1505,1.2225,0.5,0.1,0.0,0.0015,1.95
1506,1.2225,0.5,0.1,0.0,0.0015,1.95
1507,1.222,0.0,0.0,0.0,0.0,1.95
1508,1.222,0.0,0.0,0.0,0.0,1.95
1509,1.2225,0.5,0.1,0.0,0.0015,1.95
1510,1.222,0.0,0.0,0.0,0.0,1.95
1511,1.222,0.0,0.0,0.0,0.0,1.95
1512,1.2225,0.5,0.1,0.0,0.0015,1.95
1513,1.222,0.0,0.0,0.0,0.0,1.95
1514,1.2225,0.5,0.1,0.0,0.0015,1.95
1515,1.222,0.0,0.0,0.0,0.0,1.95
1516,1.2225,0.5,0.1,0.0,0.0015,1.95
1517,1.222,0.0,0.0,0.0,0.0,1.95
1518,1.2225,0.5,0.1,0.0,0.0015,1.95
1519,1.222,0.0,0.0,0.0,0.0,1.95
1520,1.2225,0.5,0.1,0.0,0.0015,1.95
1521,1.222,0.0,0.0,0.0,0.0,1.95
1522,1.2225,0.5,0.1,0.0,0.0015,1.95
1523,1.222,0.0,0.0,0.0,0.0,1.95
1524,1.222,0.0,0.0,0.0,0.0,1.95
1525,1.222,0.0,0.0,0.0,0.0,1.95
1526,1.2225,0.5,0.1,0.0,0.0015,1.95
1527,1.2225,0.5,0.1,0.0,0.0015,1.95
1528,1.222,0.0,0.0,0.0,0.0,1.95
1529,1.2225,0.5,0.1,0.0,0.0015,1.95
1530,1.222,0.0,0.0,0.0,0.0,1.95
1531,1.2225,0.5,0.1,0.0,0.0015,1.95
1532,1.222,0.0,0.0,0.0,0.0,1.95
1533,1.2225,0.5,0.1,0.0,0.0015,1.95
1534,1.222,0.0,0.0,0.0,0.0,1.95
1535,1.2225,0.5,0.1,0.0,0.0015,1.95
1536,1.2225,0.5,0.1,0.0,0.0015,1.95
1537,1.222,0.0,0.0,0.0,0.0,1.95
1538,1.222,0.0,0.0,0.0,0.0,1.95
1539,1.2225,0.5,0.1,0.0,0.0015,1.95
1540,1.2225,0.5,0.1,0.0,0.0015,1.95
1541,1.222,0.0,0.0,0.0,0.0,1.95
1542,1.222,0.0,0.0,0.0,0.0,1.95
1543,1.2225,0.5,0.1,0.0,0.0015,1.95
1544,1.2225,0.5,0.1,0.0,0.0015,1.95
1545,1.2225,0.5,0.1,0.0,0.0015,1.95
1546,1.2225,0.5,0.1,0.0,0.0015,1.95
1547,1.222,0.0,0.0,0.0,0.0,1.95
1548,1.2225,0.5,0.1,0.0,0.0015,1.95
1549,1.2225,0.5,0.1,0.0,0.0015,1.95
1550,1.222,0.0,0.0,0.0,0.0,1.95
1551,1.2225,0.5,0.1,0.0,0.0015,1.95
1552,1.222,0.0,0.0,0.0,0.0,1.95
1553,1.222,0.0,0.0,0.0,0.0,1.95
1554,1.222,0.0,0.0,0.0,0.0,1.95
1555,1.2225,0.5,0.1,0.0,0.0015,1.95
1556,1.2225,0.5,0.1,0.0,0.0015,1.95
1557,1.2225,0.5,0.1,0.0,0.0015,1.95
1558,1.222,0.0,0.0,0.0,0.0,1.95
1559,1.2225,0.5,0.1,0.0,0.0015,1.95
1560,1.222,0.0,0.0,0.0,0.0,1.95
1561,1.222,0.0,0.0,0.0,0.0,1.95
1562,1.222,0.0,0.0,0.0,0.0,1.95
1563,1.2225,0.5,0.1,0.0,0.0015,1.95
1564,1.2225,0.5,0.1,0.0,0.0015,1.95
1565,1.2225,0.5,0.1,0.0,0.0015,1.95
1566,1.222,0.0,0.0,0.0,0.0,1.95
1567,1.222,0.0,0.0,0.0,0.0,1.95
1568,1.2225,0.5,0.1,0.0,0.0015,1.95
1569,1.222,0.0,0.0,0.0,0.0,1.95
1570,1.222,0.0,0.0,0.0,0.0,1.95
1571,1.2225,0.5,0.1,0.0,0.0015,1.95
1572,1.222,0.0,0.0,0.0,0.0,1.95
1573,1.222,0.0,0.0,0.0,0.0,1.95
1574,1.222,0.0,0.0,0.0,0.0,1.95
1575,1.222,0.0,0.0,0.0,0.0,1.95
1576,1.2225,0.5,0.1,0.0,0.0015,1.95
1577,1.222,0.0,0.0,0.0,0.0,1.95
1578,1.2225,0.5,0.1,0.0,0.0015,1.95
1579,1.222,0.0,0.0,0.0,0.0,1.95
1580,1.2225,0.5,0.1,0.0,0.0015,1.95
1581,1.2225,0.5,0.1,0.0,0.0015,1.95
1582,1.2225,0.5,0.1,0.0,0.0015,1.95
1583,1.2225,0.5,0.1,0.0,0.0015,1.95
1584,1.222,0.0,0.0,0.0,0.0,1.95
1585,1.222,0.0,0.0,0.0,0.0,1.95
1586,1.222,0.0,0.0,0.0,0.0,1.95
1587,1.2225,0.5,0.1,0.0,0.0015,1.95
1588,1.222,0.0,0.0,0.0,0.0,1.95
1589,1.222,0.0,0.0,0.0,0.0,1.95
1590,1.2225,0.5,0.1,0.0,0.0015,1.95
1591,1.2225,0.5,0.1,0.0,0.0015,1.95
1592,1.222,0.0,0.0,0.0,0.0,1.95
1593,1.222,0.0,0.0,0.0,0.0,1.95
1594,1.2225,0.5,0.1,0.0,0.0015,1.95
1595,1.222,0.0,0.0,0.0,0.0,1.95
1596,1.222,0.0,0.0,0.0,0.0,1.95
1597,1.222,0.0,0.0,0.0,0.0,1.95
1598,1.222,0.0,0.0,0.0,0.0,1.95
1599,1.2225,0.5,0.1,0.0,0.0015,1.95
1600,1.2225,0.5,0.1,0.0,0.0015,1.95
1601,1.222,0.0,0.0,0.0,0.0,1.95
1602,1.222,0.0,0.0,0.0,0.0,1.95
1603,1.222,0.0,0.0,0.0,0.0,1.95
1604,1.222,0.0,0.0,0.0,0.0,1.95
1605,1.222,0.0,0.0,0.0,0.0,1.95
1606,1.2225,0.5,0.1,0.0,0.0015,1.95
1607,1.222,0.0,0.0,0.0,0.0,1.95
1608,1.222,0.0,0.0,0.0,0.0,1.95
1609,1.222,0.0,0.0,0.0,0.0,1.95
1610,1.2225,0.5,0.1,0.0,0.0015,1.95
1611,1.222,0.0,0.0,0.0,0.0,1.95
1612,1.2225,0.5,0.1,0.0,0.0015,1.95
1613,1.2225,0.5,0.1,0.0,0.0015,1.95
1614,1.2225,0.5,0.1,0.0,0.0015,1.95
1615,1.2225,0.5,0.1,0.0,0.0015,1.95
1616,1.222,0.0,0.0,0.0,0.0,1.95
1617,1.222,0.0,0.0,0.0,0.0,1.95
1618,1.2225,0.5,0.1,0.0,0.0015,1.95
1619,1.2225,0.5,0.1,0.0,0.0015,1.95
1620,1.222,0.0,0.0,0.0,0.0,1.95
1621,1.222,0.0,0.0,0.0,0.0,1.95
1622,1.222,0.0,0.0,0.0,0.0,1.95
1623,1.2225,0.5,0.1,0.0,0.0015,1.95
1624,1.2225,0.5,0.1,0.0,0.0015,1.95
1625,1.2225,0.5,0.1,0.0,0.0015,1.95
1626,1.222,0.0,0.0,0.0,0.0,1.95
1627,1.2225,0.5,0.1,0.0,0.0015,1.95
1628,1.222,0.0,0.0,0.0,0.0,1.95
1629,1.2225,0.5,0.1,0.0,0.0015,1.95
1630,1.222,0.0,0.0,0.0,0.0,1.95
1631,1.2225,0.5,0.1,0.0,0.0015,1.95
1632,1.222,0.0,0.0,0.0,0.0,1.95
1633,1.222,0.0,0.0,0.0,0.0,1.95
1634,1.222,0.0,0.0,0.0,0.0,1.95
1635,1.2225,0.5,0.1,0.0,0.0015,1.95
1636,1.222,0.0,0.0,0.0,0.0,1.95
1637,1.222,0.0,0.0,0.0,0.0,1.95
1638,1.222,0.0,0.0,0.0,0.0,1.95
1639,1.2225,0.5,0.1,0.0,0.0015,1.95
1640,1.222,0.0,0.0,0.0,0.0,1.95
1641,1.222,0.0,0.0,0.0,0.0,1.95
1642,1.2225,0.5,0.1,0.0,0.0015,1.95
1643,1.2225,0.5,0.1,0.0,0.0015,1.95
1644,1.222,0.0,0.0,0.0,0.0,1.95
1645,1.2225,0.5,0.1,0.0,0.0015,1.95
1646,1.222,0.0,0.0,0.0,0.0,1.95
1647,1.2225,0.5,0.1,0.0,0.0015,1.95
1648,1.222,0.0,0.0,0.0,0.0,1.95
1649,1.222,0.0,0.0,0.0,0.0,1.95
1650,1.2225,0.5,0.1,0.0,0.0015,1.95
1651,1.2225,0.5,0.1,0.0,0.0015,1.95
1652,1.222,0.0,0.0,0.0,0.0,1.95
1653,1.2225,0.5,0.1,0.0,0.0015,1.95
1654,1.2225,0.5,0.1,0.0,0.0015,1.95
1655,1.222,0.0,0.0,0.0,0.0,1.95
1656,1.222,0.0,0.0,0.0,0.0,1.95
1657,1.222,0.0,0.0,0.0,0.0,1.95
1658,1.222,0.0,0.0,0.0,0.0,1.95
1659,1.222,0.0,0.0,0.0,0.0,1.95
1660,1.2225,0.5,0.1,0.0,0.0015,1.95
1661,1.222,0.0,0.0,0.0,0.0,1.95
1662,1.2225,0.5,0.1,0.0,0.0015,1.95
1663,1.2225,0.5,0.1,0.0,0.0015,1.95
1664,1.2225,0.5,0.1,0.0,0.0015,1.95
1665,1.2225,0.5,0.1,0.0,0.0015,1.95
1666,1.2225,0.5,0.1,0.0,0.0015,1.95
1667,1.2225,0.5,0.1,0.0,0.0015,1.95
1668,1.222,0.0,0.0,0.0,0.0,1.95
1669,1.2225,0.5,0.1,0.0,0.0015,1.95
1670,1.222,0.0,0.0,0.0,0.0,1.95
1671,1.2225,0.5,0.1,0.0,0.0015,1.95
1672,1.222,0.0,0.0,0.0,0.0,1.95
1673,1.2225,0.5,0.1,0.0,0.0015,1.95
1674,1.2225,0.5,0.1,0.0,0.0015,1.95
1675,1.2225,0.5,0.1,0.0,0.0015,1.95
1676,1.222,0.0,0.0,0.0,0.0,1.95
1677,1.2225,0.5,0.1,0.0,0.0015,1.95
1678,1.2225,0.5,0.1,0.0,0.0015,1.95
1679,1.222,0.0,0.0,0.0,0.0,1.95
1680,1.2225,0.5,0.1,0.0,0.0015,1.95
1681,1.2225,0.5,0.1,0.0,0.0015,1.95
1682,1.2225,0.5,0.1,0.0,0.0015,1.95
1683,1.2225,0.5,0.1,0.0,0.0015,1.95
1684,1.2225,0.5,0.1,0.0,0.0015,1.95
1685,1.222,0.0,0.0,0.0,0.0,1.95
1686,1.222,0.0,0.0,0.0,0.0,1.95
1687,1.222,0.0,0.0,0.0,0.0,1.95
1688,1.222,0.0,0.0,0.0,0.0,1.95
1689,1.222,0.0,0.0,0.0,0.0,1.95
1690,1.222,0.0,0.0,0.0,0.0,1.95
1691,1.2225,0.5,0.1,0.0,0.0015,1.95
1692,1.2225,0.5,0.1,0.0,0.0015,1.95
1693,1.2225,0.5,0.1,0.0,0.0015,1.95
1694,1.222,0.0,0.0,0.0,0.0,1.95
1695,1.2225,0.5,0.1,0.0,0.0015,1.95
1696,1.222,0.0,0.0,0.0,0.0,1.95
1697,1.222,0.0,0.0,0.0,0.0,1.95
1698,1.2225,0.5,0.1,0.0,0.0015,1.95
1699,1.222,0.0,0.0,0.0,0.0,1.95
1700,1.2225,0.5,0.1,0.0,0.0015,1.95
1701,1.222,0.0,0.0,0.0,0.0,1.95
1702,1.2225,0.5,0.1,0.0,0.0015,1.95
1703,1.2225,0.5,0.1,0.0,0.0015,1.95
1704,1.2225,0.5,0.1,0.0,0.0015,1.95
1705,1.2225,0.5,0.1,0.0,0.0015,1.95
1706,1.2225,0.5,0.1,0.0,0.0015,1.95
1707,1.2225,0.5,0.1,0.0,0.0015,1.95
1708,1.222,0.0,0.0,0.0,0.0,1.95
1709,1.2225,0.5,0.1,0.0,0.0015,1.95
1710,1.2225,0.5,0.1,0.0,0.0015,1.95
1711,1.222,0.0,0.0,0.0,0.0,1.95
1712,1.2225,0.5,0.1,0.0,0.0015,1.95
1713,1.2225,0.5,0.1,0.0,0.0015,1.95
1714,1.2225,0.5,0.1,0.0,0.0015,1.95
1715,1.222,0.0,0.0,0.0,0.0,1.95
1716,1.2225,0.5,0.1,0.0,0.0015,1.95
1717,1.2225,0.5,0.1,0.0,0.0015,1.95
1718,1.2225,0.5,0.1,0.0,0.0015,1.95
1719,1.2225,0.5,0.1,0.0,0.0015,1.95
1720,1.222,0.0,0.0,0.0,0.0,1.95
1721,1.222,0.0,0.0,0.0,0.0,1.95
1722,1.2225,0.5,0.1,0.0,0.0015,1.95
1723,1.2225,0.5,0.1,0.0,0.0015,1.95
1724,1.222,0.0,0.0,0.0,0.0,1.95
1725,1.2225,0.5,0.1,0.0,0.0015,1.95
1726,1.222,0.0,0.0,0.0,0.0,1.95
1727,1.2225,0.5,0.1,0.0,0.0015,1.95
1728,1.222,0.0,0.0,0.0,0.0,1.95
1729,1.2225,0.5,0.1,0.0,0.0015,1.95
1730,1.222,0.0,0.0,0.0,0.0,1.95
1731,1.222,0.0,0.0,0.0,0.0,1.95
1732,1.222,0.0,0.0,0.0,0.0,1.95
1733,1.222,0.0,0.0,0.0,0.0,1.95
1734,1.2225,0.5,0.1,0.0,0.0015,1.95
1735,1.2225,0.5,0.1,0.0,0.0015,1.95
1736,1.2225,0.5,0.1,0.0,0.0015,1.95
1737,1.2225,0.5,0.1,0.0,0.0015,1.95
1738,1.2225,0.5,0.1,0.0,0.0015,1.95
1739,1.222,0.0,0.0,0.0,0.0,1.95
1740,1.2225,0.5,0.1,0.0,0.0015,1.95
1741,1.2225,0.5,0.1,0.0,0.0015,1.95
1742,1.2225,0.5,0.1,0.0,0.0015,1.95
1743,1.2225,0.5,0.1,0.0,0.0015,1.95
1744,1.222,0.0,0.0,0.0,0.0,1.95
1745,1.2225,0.5,0.1,0.0,0.0015,1.95
1746,1.222,0.0,0.0,0.0,0.0,1.95
1747,1.222,0.0,0.0,0.0,0.0,1.95
1748,1.222,0.0,0.0,0.0,0.0,1.95
1749,1.2225,0.5,0.1,0.0,0.0015,1.95
1750,1.2225,0.5,0.1,0.0,0.0015,1.95
1751,1.222,0.0,0.0,0.0,0.0,1.95
1752,1.222,0.0,0.0,0.0,0.0,1.95
1753,1.222,0.0,0.0,0.0,0.0,1.95
1754,1.222,0.0,0.0,0.0,0.0,1.95
1755,1.222,0.0,0.0,0.0,0.0,1.95
1756,1.2225,0.5,0.1,0.0,0.0015,1.95
1757,1.222,0.0,0.0,0.0,0.0,1.95
1758,1.222,0.0,0.0,0.0,0.0,1.95
1759,1.2225,0.5,0.1,0.0,0.0015,1.95
1760,1.2225,0.5,0.1,0.0,0.0015,1.95
1761,1.222,0.0,0.0,0.0,0.0,1.95
1762,1.2225,0.5,0.1,0.0,0.0015,1.95
1763,1.2225,0.5,0.1,0.0,0.0015,1.95
1764,1.222,0.0,0.0,0.0,0.0,1.95
1765,1.222,0.0,0.0,0.0,0.0,1.95
1766,1.222,0.0,0.0,0.0,0.0,1.95
1767,1.2225,0.5,0.1,0.0,0.0015,1.95
1768,1.222,0.0,0.0,0.0,0.0,1.95
1769,1.2225,0.5,0.1,0.0,0.0015,1.95
1770,1.2225,0.5,0.1,0.0,0.0015,1.95
1771,1.222,0.0,0.0,0.0,0.0,1.95
1772,1.2225,0.5,0.1,0.0,0.0015,1.95
1773,1.222,0.0,0.0,0.0,0.0,1.95
1774,1.2225,0.5,0.1,0.0,0.0015,1.95
1775,1.222,0.0,0.0,0.0,0.0,1.95
1776,1.2225,0.5,0.1,0.0,0.0015,1.95
1777,1.2225,0.5,0.1,0.0,0.0015,1.95
1778,1.222,0.0,0.0,0.0,0.0,1.95
1779,1.222,0.0,0.0,0.0,0.0,1.95
1780,1.222,0.0,0.0,0.0,0.0,1.95
1781,1.222,0.0,0.0,0.0,0.0,1.95
1782,1.2225,0.5,0.1,0.0,0.0015,1.95
1783,1.2225,0.5,0.1,0.0,0.0015,1.95
1784,1.222,0.0,0.0,0.0,0.0,1.95
1785,1.2225,0.5,0.1,0.0,0.0015,1.95
1786,1.222,0.0,0.0,0.0,0.0,1.95
1787,1.222,0.0,0.0,0.0,0.0,1.95
1788,1.2225,0.5,0.1,0.0,0.0015,1.95
1789,1.2225,0.5,0.1,0.0,0.0015,1.95
1790,1.2225,0.5,0.1,0.0,0.0015,1.95
1791,1.222,0.0,0.0,0.0,0.0,1.95
1792,1.2225,0.5,0.1,0.0,0.0015,1.95
1793,1.2225,0.5,0.1,0.0,0.0015,1.95
1794,1.2225,0.5,0.1,0.0,0.0015,1.95
1795,1.222,0.0,0.0,0.0,0.0,1.95
1796,1.222,0.0,0.0,0.0,0.0,1.95
1797,1.222,0.0,0.0,0.0,0.0,1.95
1798,1.2225,0.5,0.1,0.0,0.0015,1.95
1799,1.2225,0.5,0.1,0.0,0.0015,1.95
1800,1.2225,0.5,0.1,0.0,0.0015,1.95
1801,1.222,0.0,0.0,0.0,0.0,1.95
1802,1.2225,0.5,0.1,0.0,0.0015,1.95
1803,1.222,0.0,0.0,0.0,0.0,1.95
1804,1.222,0.0,0.0,0.0,0.0,1.95
1805,1.222,0.0,0.0,0.0,0.0,1.95
1806,1.2225,0.5,0.1,0.0,0.0015,1.95
1807,1.2225,0.5,0.1,0.0,0.0015,1.95
1808,1.222,0.0,0.0,0.0,0.0,1.95
1809,1.222,0.0,0.0,0.0,0.0,1.95
1810,1.222,0.0,0.0,0.0,0.0,1.95
1811,1.222,0.0,0.0,0.0,0.0,1.95
1812,1.222,0.0,0.0,0.0,0.0,1.95
1813,1.2225,0.5,0.1,0.0,0.0015,1.95
1814,1.2225,0.5,0.1,0.0,0.0015,1.95
1815,1.222,0.0,0.0,0.0,0.0,1.95
1816,1.222,0.0,0.0,0.0,0.0,1.95
1817,1.222,0.0,0.0,0.0,0.0,1.95
1818,1.2225,0.5,0.1,0.0,0.0015,1.95
1819,1.222,0.0,0.0,0.0,0.0,1.95
1820,1.222,0.0,0.0,0.0,0.0,1.95
1821,1.222,0.0,0.0,0.0,0.0,1.95
1822,1.2225,0.5,0.1,0.0,0.0015,1.95
1823,1.222,0.0,0.0,0.0,0.0,1.95
1824,1.222,0.0,0.0,0.0,0.0,1.95
1825,1.222,0.0,0.0,0.0,0.0,1.95
1826,1.2225,0.5,0.1,0.0,0.0015,1.95
1827,1.222,0.0,0.0,0.0,0.0,1.95
1828,1.222,0.0,0.0,0.0,0.0,1.95
1829,1.222,0.0,0.0,0.0,0.0,1.95
1830,1.222,0.0,0.0,0.0,0.0,1.95
1831,1.2225,0.5,0.1,0.0,0.0015,1.95
1832,1.2225,0.5,0.1,0.0,0.0015,1.95
1833,1.2225,0.5,0.1,0.0,0.0015,1.95
1834,1.2225,0.5,0.1,0.0,0.0015,1.95
1835,1.222,0.0,0.0,0.0,0.0,1.95
1836,1.2225,0.5,0.1,0.0,0.0015,1.95
1837,1.2225,0.5,0.1,0.0,0.0015,1.95
1838,1.2225,0.5,0.1,0.0,0.0015,1.95
1839,1.222,0.0,0.0,0.0,0.0,1.95
1840,1.2225,0.5,0.1,0.0,0.0015,1.95
1841,1.222,0.0,0.0,0.0,0.0,1.95
1842,1.2225,0.5,0.1,0.0,0.0015,1.95
1843,1.222,0.0,0.0,0.0,0.0,1.95
1844,1.2225,0.5,0.1,0.0,0.0015,1.95
1845,1.222,0.0,0.0,0.0,0.0,1.95
1846,1.222,0.0,0.0,0.0,0.0,1.95
1847,1.2225,0.5,0.1,0.0,0.0015,1.95
1848,1.222,0.0,0.0,0.0,0.0,1.95
1849,1.2225,0.5,0.1,0.0,0.0015,1.95
1850,1.222,0.0,0.0,0.0,0.0,1.95
1851,1.222,0.0,0.0,0.0,0.0,1.95
1852,1.2225,0.5,0.1,0.0,0.0015,1.95
1853,1.222,0.0,0.0,0.0,0.0,1.95
1854,1.2225,0.5,0.1,0.0,0.0015,1.95
1855,1.222,0.0,0.0,0.0,0.0,1.95
1856,1.2225,0.5,0.1,0.0,0.0015,1.95
1857,1.222,0.0,0.0,0.0,0.0,1.95
1858,1.2225,0.5,0.1,0.0,0.0015,1.95
1859,1.2225,0.5,0.1,0.0,0.0015,1.95
1860,1.2225,0.5,0.1,0.0,0.0015,1.95
1861,1.2225,0.5,0.1,0.0,0.0015,1.95
1862,1.222,0.0,0.0,0.0,0.0,1.95
1863,1.222,0.0,0.0,0.0,0.0,1.95
1864,1.222,0.0,0.0,0.0,0.0,1.95
1865,1.2225,0.5,0.1,0.0,0.0015,1.95
1866,1.222,0.0,0.0,0.0,0.0,1.95
1867,1.2225,0.5,0.1,0.0,0.0015,1.95
1868,1.222,0.0,0.0,0.0,0.0,1.95
1869,1.2225,0.5,0.1,0.0,0.0015,1.95
1870,1.222,0.0,0.0,0.0,0.0,1.95
1871,1.222,0.0,0.0,0.0,0.0,1.95
1872,1.2225,0.5,0.1,0.0,0.0015,1.95
1873,1.2225,0.5,0.1,0.0,0.0015,1.95
1874,1.222,0.0,0.0,0.0,0.0,1.95
1875,1.222,0.0,0.0,0.0,0.0,1.95
1876,1.222,0.0,0.0,0.0,0.0,1.95
1877,1.2225,0.5,0.1,0.0,0.0015,1.95
1878,1.2225,0.5,0.1,0.0,0.0015,1.95
1879,1.222,0.0,0.0,0.0,0.0,1.95
1880,1.2225,0.5,0.1,0.0,0.0015,1.95
1881,1.222,0.0,0.0,0.0,0.0,1.95
1882,1.222,0.0,0.0,0.0,0.0,1.95
1883,1.222,0.0,0.0,0.0,0.0,1.95
1884,1.222,0.0,0.0,0.0,0.0,1.95
1885,1.2225,0.5,0.1,0.0,0.0015,1.95
1886,1.2225,0.5,0.1,0.0,0.0015,1.95
1887,1.2225,0.5,0.1,0.0,0.0015,1.95
1888,1.2225,0.5,0.1,0.0,0.0015,1.95
1889,1.2225,0.5,0.1,0.0,0.0015,1.95
1890,1.222,0.0,0.0,0.0,0.0,1.95
1891,1.222,0.0,0.0,0.0,0.0,1.95
1892,1.222,0.0,0.0,0.0,0.0,1.95
1893,1.2225,0.5,0.1,0.0,0.0015,1.95
1894,1.222,0.0,0.0,0.0,0.0,1.95
1895,1.222,0.0,0.0,0.0,0.0,1.95
1896,1.222,0.0,0.0,0.0,0.0,1.95
1897,1.2225,0.5,0.1,0.0,0.0015,1.95
1898,1.2225,0.5,0.1,0.0,0.0015,1.95
1899,1.222,0.0,0.0,0.0,0.0,1.95
1900,1.222,0.0,0.0,0.0,0.0,1.95
1901,1.222,0.0,0.0,0.0,0.0,1.95
1902,1.2225,0.5,0.1,0.0,0.0015,1.95
1903,1.222,0.0,0.0,0.0,0.0,1.95
1904,1.222,0.0,0.0,0.0,0.0,1.95
1905,1.222,0.0,0.0,0.0,0.0,1.95
1906,1.2225,0.5,0.1,0.0,0.0015,1.95
1907,1.222,0.0,0.0,0.0,0.0,1.95
1908,1.2225,0.5,0.1,0.0,0.0015,1.95
1909,1.2225,0.5,0.1,0.0,0.0015,1.95
1910,1.222,0.0,0.0,0.0,0.0,1.95
1911,1.2225,0.5,0.1,0.0,0.0015,1.95
1912,1.222,0.0,0.0,0.0,0.0,1.95
1913,1.222,0.0,0.0,0.0,0.0,1.95
1914,1.2225,0.5,0.1,0.0,0.0015,1.95
1915,1.222,0.0,0.0,0.0,0.0,1.95
1916,1.2225,0.5,0.1,0.0,0.0015,1.95
1917,1.2225,0.5,0.1,0.0,0.0015,1.95
1918,1.2225,0.5,0.1,0.0,0.0015,1.95
1919,1.2225,0.5,0.1,0.0,0.0015,1.95
1920,1.222,0.0,0.0,0.0,0.0,1.95
1921,1.222,0.0,0.0,0.0,0.0,1.95
1922,1.222,0.0,0.0,0.0,0.0,1.95
1923,1.2225,0.5,0.1,0.0,0.0015,1.95
1924,1.2225,0.5,0.1,0.0,0.0015,1.95
1925,1.222,0.0,0.0,0.0,0.0,1.95
1926,1.222,0.0,0.0,0.0,0.0,1.95
1927,1.2225,0.5,0.1,0.0,0.0015,1.95
1928,1.222,0.0,0.0,0.0,0.0,1.95
1929,1.2225,0.5,0.1,0.0,0.0015,1.95
1930,1.2225,0.5,0.1,0.0,0.0015,1.95
1931,1.222,0.0,0.0,0.0,0.0,1.95
1932,1.2225,0.5,0.1,0.0,0.0015,1.95
1933,1.222,0.0,0.0,0.0,0.0,1.95
1934,1.222,0.0,0.0,0.0,0.0,1.95
1935,1.2225,0.5,0.1,0.0,0.0015,1.95
1936,1.2225,0.5,0.1,0.0,0.0015,1.95
1937,1.222,0.0,0.0,0.0,0.0,1.95
1938,1.2225,0.5,0.1,0.0,0.0015,1.95
1939,1.2225,0.5,0.1,0.0,0.0015,1.95
1940,1.2225,0.5,0.1,0.0,0.0015,1.95
1941,1.222,0.0,0.0,0.0,0.0,1.95
1942,1.2225,0.5,0.1,0.0,0.0015,1.95
1943,1.2225,0.5,0.1,0.0,0.0015,1.95
1944,1.222,0.0,0.0,0.0,0.0,1.95
1945,1.222,0.0,0.0,0.0,0.0,1.95
1946,1.222,0.0,0.0,0.0,0.0,1.95
1947,1.2225,0.5,0.1,0.0,0.0015,1.95
1948,1.2225,0.5,0.1,0.0,0.0015,1.95
1949,1.222,0.0,0.0,0.0,0.0,1.95
1950,1.222,0.0,0.0,0.0,0.0,1.95
1951,1.2225,0.5,0.1,0.0,0.0015,1.95
1952,1.222,0.0,0.0,0.0,0.0,1.95
1953,1.2225,0.5,0.1,0.0,0.0015,1.95
1954,1.222,0.0,0.0,0.0,0.0,1.95
1955,1.2225,0.5,0.1,0.0,0.0015,1.95
1956,1.222,0.0,0.0,0.0,0.0,1.95
1957,1.222,0.0,0.0,0.0,0.0,1.95
1958,1.222,0.0,0.0,0.0,0.0,1.95
1959,1.2225,0.5,0.1,0.0,0.0015,1.95
1960,1.2225,0.5,0.1,0.0,0.0015,1.95
1961,1.222,0.0,0.0,0.0,0.0,1.95
1962,1.2225,0.5,0.1,0.0,0.0015,1.95
1963,1.2225,0.5,0.1,0.0,0.0015,1.95
1964,1.2225,0.5,0.1,0.0,0.0015,1.95
1965,1.2225,0.5,0.1,0.0,0.0015,1.95
1966,1.222,0.0,0.0,0.0,0.0,1.95
1967,1.222,0.0,0.0,0.0,0.0,1.95
1968,1.222,0.0,0.0,0.0,0.0,1.95
1969,1.222,0.0,0.0,0.0,0.0,1.95
1970,1.222,0.0,0.0,0.0,0.0,1.95
1971,1.2225,0.5,0.1,0.0,0.0015,1.95
1972,1.222,0.0,0.0,0.0,0.0,1.95
1973,1.222,0.0,0.0,0.0,0.0,1.95
1974,1.2225,0.5,0.1,0.0,0.0015,1.95
1975,1.222,0.0,0.0,0.0,0.0,1.95
1976,1.222,0.0,0.0,0.0,0.0,1.95
1977,1.2225,0.5,0.1,0.0,0.0015,1.95
1978,1.2225,0.5,0.1,0.0,0.0015,1.95
1979,1.2225,0.5,0.1,0.0,0.0015,1.95
1980,1.222,0.0,0.0,0.0,0.0,1.95
1981,1.2225,0.5,0.1,0.0,0.0015,1.95
1982,1.2225,0.5,0.1,0.0,0.0015,1.95
1983,1.222,0.0,0.0,0.0,0.0,1.95
1984,1.2225,0.5,0.1,0.0,0.0015,1.95
1985,1.222,0.0,0.0,0.0,0.0,1.95
1986,1.2225,0.5,0.1,0.0,0.0015,1.95
1987,1.222,0.0,0.0,0.0,0.0,1.95
1988,1.2225,0.5,0.1,0.0,0.0015,1.95
1989,1.222,0.0,0.0,0.0,0.0,1.95
1990,1.2225,0.5,0.1,0.0,0.0015,1.95
1991,1.222,0.0,0.0,0.0,0.0,1.95
1992,1.2225,0.5,0.1,0.0,0.0015,1.95
1993,1.222,0.0,0.0,0.0,0.0,1.95
1994,1.222,0.0,0.0,0.0,0.0,1.95
1995,1.2225,0.5,0.1,0.0,0.0015,1.95
1996,1.222,0.0,0.0,0.0,0.0,1.95
1997,1.2225,0.5,0.1,0.0,0.0015,1.95
1998,1.222,0.0,0.0,0.0,0.0,1.95
1999,1.2225,0.5,0.1,0.0,0.0015,1.95
2000,1.222,0.0,0.0,0.0,0.0,1.95
2001,1.2225,0.5,0.1,0.0,0.0015,1.95
2002,1.222,0.0,0.0,0.0,0.0,1.95
2003,1.222,0.0,0.0,0.0,0.0,1.95
2004,1.222,0.0,0.0,0.0,0.0,1.95
2005,1.222,0.0,0.0,0.0,0.0,1.95
2006,1.2225,0.5,0.1,0.0,0.0015,1.95
2007,1.2225,0.5,0.1,0.0,0.0015,1.95
2008,1.2225,0.5,0.1,0.0,0.0015,1.95
2009,1.222,0.0,0.0,0.0,0.0,1.95
2010,1.222,0.0,0.0,0.0,0.0,1.95
2011,1.222,0.0,0.0,0.0,0.0,1.95
2012,1.222,0.0,0.0,0.0,0.0,1.95
2013,1.2225,0.5,0.1,0.0,0.0015,1.95
2014,1.2225,0.5,0.1,0.0,0.0015,1.95
2015,1.222,0.0,0.0,0.0,0.0,1.95
2016,1.2225,0.5,0.1,0.0,0.0015,1.95
2017,1.222,0.0,0.0,0.0,0.0,1.95
2018,1.222,0.0,0.0,0.0,0.0,1.95
2019,1.2225,0.5,0.1,0.0,0.0015,1.95
2020,1.222,0.0,0.0,0.0,0.0,1.95
2021,1.222,0.0,0.0,0.0,0.0,1.95
2022,1.222,0.0,0.0,0.0,0.0,1.95
2023,1.2225,0.5,0.1,0.0,0.0015,1.95
2024,1.2225,0.5,0.1,0.0,0.0015,1.95
2025,1.222,0.0,0.0,0.0,0.0,1.95
2026,1.2225,0.5,0.1,0.0,0.0015,1.95
2027,1.222,0.0,0.0,0.0,0.0,1.95
2028,1.222,0.0,0.0,0.0,0.0,1.95
2029,1.222,0.0,0.0,0.0,0.0,1.95
2030,1.2225,0.5,0.1,0.0,0.0015,1.95
2031,1.222,0.0,0.0,0.0,0.0,1.95
2032,1.2225,0.5,0.1,0.0,0.0015,1.95
2033,1.2225,0.5,0.1,0.0,0.0015,1.95
2034,1.2225,0.5,0.1,0.0,0.0015,1.95
2035,1.222,0.0,0.0,0.0,0.0,1.95
2036,1.2225,0.5,0.1,0.0,0.0015,1.95
2037,1.2225,0.5,0.1,0.0,0.0015,1.95
2038,1.222,0.0,0.0,0.0,0.0,1.95
2039,1.222,0.0,0.0,0.0,0.0,1.95
2040,1.222,0.0,0.0,0.0,0.0,1.95
2041,1.2225,0.5,0.1,0.0,0.0015,1.95
2042,1.222,0.0,0.0,0.0,0.0,1.95
2043,1.222,0.0,0.0,0.0,0.0,1.95
2044,1.2225,0.5,0.1,0.0,0.0015,1.95
2045,1.2225,0.5,0.1,0.0,0.0015,1.95
2046,1.2225,0.5,0.1,0.0,0.0015,1.95
2047,1.2225,0.5,0.1,0.0,0.0015,1.95
2048,1.2225,0.5,0.1,0.0,0.0015,1.95
2049,1.2225,0.5,0.1,0.0,0.0015,1.95
2050,1.222,0.0,0.0,0.0,0.0,1.95
2051,1.2225,0.5,0.1,0.0,0.0015,1.95
2052,1.222,0.0,0.0,0.0,0.0,1.95
2053,1.2225,0.5,0.1,0.0,0.0015,1.95
2054,1.2225,0.5,0.1,0.0,0.0015,1.95
2055,1.222,0.0,0.0,0.0,0.0,1.95
2056,1.222,0.0,0.0,0.0,0.0,1.95
2057,1.222,0.0,0.0,0.0,0.0,1.95
2058,1.2225,0.5,0.1,0.0,0.0015,1.95
2059,1.222,0.0,0.0,0.0,0.0,1.95
2060,1.2225,0.5,0.1,0.0,0.0015,1.95
2061,1.222,0.0,0.0,0.0,0.0,1.95
2062,1.2225,0.5,0.1,0.0,0.0015,1.95
2063,1.2225,0.5,0.1,0.0,0.0015,1.95
2064,1.2225,0.5,0.1,0.0,0.0015,1.95
2065,1.222,0.0,0.0,0.0,0.0,1.95
2066,1.2225,0.5,0.1,0.0,0.0015,1.95
2067,1.222,0.0,0.0,0.0,0.0,1.95
2068,1.222,0.0,0.0,0.0,0.0,1.95
2069,1.222,0.0,0.0,0.0,0.0,1.95
2070,1.2225,0.5,0.1,0.0,0.0015,1.95
2071,1.222,0.0,0.0,0.0,0.0,1.95
2072,1.222,0.0,0.0,0.0,0.0,1.95
2073,1.2225,0.5,0.1,0.0,0.0015,1.95
2074,1.2225,0.5,0.1,0.0,0.0015,1.95
2075,1.222,0.0,0.0,0.0,0.0,1.95
2076,1.222,0.0,0.0,0.0,0.0,1.95
2077,1.2225,0.5,0.1,0.0,0.0015,1.95
2078,1.222,0.0,0.0,0.0,0.0,1.95
2079,1.222,0.0,0.0,0.0,0.0,1.95
2080,1.222,0.0,0.0,0.0,0.0,1.95
2081,1.2225,0.5,0.1,0.0,0.0015,1.95
2082,1.222,0.0,0.0,0.0,0.0,1.95
2083,1.222,0.0,0.0,0.0,0.0,1.95
2084,1.222,0.0,0.0,0.0,0.0,1.95
2085,1.222,0.0,0.0,0.0,0.0,1.95
2086,1.222,0.0,0.0,0.0,0.0,1.95
2087,1.2225,0.5,0.1,0.0,0.0015,1.95
2088,1.2225,0.5,0.1,0.0,0.0015,1.95
2089,1.2225,0.5,0.1,0.0,0.0015,1.95
2090,1.2225,0.5,0.1,0.0,0.0015,1.95
2091,1.222,0.0,0.0,0.0,0.0,1.95
2092,1.2225,0.5,0.1,0.0,0.0015,1.95
2093,1.2225,0.5,0.1,0.0,0.0015,1.95
2094,1.2225,0.5,0.1,0.0,0.0015,1.95
2095,1.2225,0.5,0.1,0.0,0.0015,1.95
2096,1.2225,0.5,0.1,0.0,0.0015,1.95
2097,1.222,0.0,0.0,0.0,0.0,1.95
2098,1.222,0.0,0.0,0.0,0.0,1.95
2099,1.222,0.0,0.0,0.0,0.0,1.95
2100,1.222,0.0,0.0,0.0,0.0,1.95
2101,1.222,0.0,0.0,0.0,0.0,1.95
2102,1.2225,0.5,0.1,0.0,0.0015,1.95
2103,1.222,0.0,0.0,0.0,0.0,1.95
2104,1.222,0.0,0.0,0.0,0.0,1.95
2105,1.2225,0.5,0.1,0.0,0.0015,1.95
2106,1.222,0.0,0.0,0.0,0.0,1.95
2107,1.2225,0.5,0.1,0.0,0.0015,1.95
2108,1.222,0.0,0.0,0.0,0.0,1.95
2109,1.222,0.0,0.0,0.0,0.0,1.95
2110,1.222,0.0,0.0,0.0,0.0,1.95
2111,1.2225,0.5,0.1,0.0,0.0015,1.95
2112,1.2225,0.5,0.1,0.0,0.0015,1.95
2113,1.222,0.0,0.0,0.0,0.0,1.95
2114,1.222,0.0,0.0,0.0,0.0,1.95
2115,1.2225,0.5,0.1,0.0,0.0015,1.95
2116,1.222,0.0,0.0,0.0,0.0,1.95
2117,1.2225,0.5,0.1,0.0,0.0015,1.95
2118,1.2225,0.5,0.1,0.0,0.0015,1.95
2119,1.222,0.0,0.0,0.0,0.0,1.95
2120,1.2225,0.5,0.1,0.0,0.0015,1.95
2121,1.222,0.0,0.0,0.0,0.0,1.95
2122,1.222,0.0,0.0,0.0,0.0,1.95
2123,1.222,0.0,0.0,0.0,0.0,1.95
2124,1.222,0.0,0.0,0.0,0.0,1.95
2125,1.222,0.0,0.0,0.0,0.0,1.95
2126,1.222,0.0,0.0,0.0,0.0,1.95
2127,1.222,0.0,0.0,0.0,0.0,1.95
2128,1.2225,0.5,0.1,0.0,0.0015,1.95
2129,1.222,0.0,0.0,0.0,0.0,1.95
2130,1.2225,0.5,0.1,0.0,0.0015,1.95
2131,1.222,0.0,0.0,0.0,0.0,1.95
2132,1.2225,0.5,0.1,0.0,0.0015,1.95
2133,1.222,0.0,0.0,0.0,0.0,1.95
2134,1.2225,0.5,0.1,0.0,0.0015,1.95
2135,1.2225,0.5,0.1,0.0,0.0015,1.95
2136,1.2225,0.5,0.1,0.0,0.0015,1.95
2137,1.2225,0.5,0.1,0.0,0.0015,1.95
2138,1.2225,0.5,0.1,0.0,0.0015,1.95
2139,1.222,0.0,0.0,0.0,0.0,1.95
2140,1.2225,0.5,0.1,0.0,0.0015,1.95
2141,1.222,0.0,0.0,0.0,0.0,1.95
2142,1.2225,0.5,0.1,0.0,0.0015,1.95
2143,1.222,0.0,0.0,0.0,0.0,1.95
2144,1.222,0.0,0.0,0.0,0.0,1.95
2145,1.222,0.0,0.0,0.0,0.0,1.95
2146,1.2225,0.5,0.1,0.0,0.0015,1.95
2147,1.222,0.0,0.0,0.0,0.0,1.95
2148,1.222,0.0,0.0,0.0,0.0,1.95
2149,1.222,0.0,0.0,0.0,0.0,1.95
2150,1.2225,0.5,0.1,0.0,0.0015,1.95
2151,1.222,0.0,0.0,0.0,0.0,1.95
2152,1.2225,0.5,0.1,0.0,0.0015,1.95
2153,1.2225,0.5,0.1,0.0,0.0015,1.95
2154,1.2225,0.5,0.1,0.0,0.0015,1.95
2155,1.2225,0.5,0.1,0.0,0.0015,1.95
2156,1.222,0.0,0.0,0.0,0.0,1.95
2157,1.2225,0.5,0.1,0.0,0.0015,1.95
2158,1.222,0.0,0.0,0.0,0.0,1.95
2159,1.222,0.0,0.0,0.0,0.0,1.95
2160,1.222,0.0,0.0,0.0,0.0,1.95
2161,1.222,0.0,0.0,0.0,0.0,1.95
2162,1.2225,0.5,0.1,0.0,0.0015,1.95
2163,1.222,0.0,0.0,0.0,0.0,1.95
2164,1.222,0.0,0.0,0.0,0.0,1.95
2165,1.2225,0.5,0.1,0.0,0.0015,1.95
2166,1.222,0.0,0.0,0.0,0.0,1.95
2167,1.222,0.0,0.0,0.0,0.0,1.95
2168,1.2225,0.5,0.1,0.0,0.0015,1.95
2169,1.2225,0.5,0.1,0.0,0.0015,1.95
2170,1.2225,0.5,0.1,0.0,0.0015,1.95
2171,1.222,0.0,0.0,0.0,0.0,1.95
2172,1.222,0.0,0.0,0.0,0.0,1.95
2173,1.2225,0.5,0.1,0.0,0.0015,1.95
2174,1.2225,0.5,0.1,0.0,0.0015,1.95
2175,1.222,0.0,0.0,0.0,0.0,1.95
2176,1.222,0.0,0.0,0.0,0.0,1.95
2177,1.2225,0.5,0.1,0.0,0.0015,1.95
2178,1.2225,0.5,0.1,0.0,0.0015,1.95
2179,1.2225,0.5,0.1,0.0,0.0015,1.95
2180,1.2225,0.5,0.1,0.0,0.0015,1.95
2181,1.2225,0.5,0.1,0.0,0.0015,1.95
2182,1.222,0.0,0.0,0.0,0.0,1.95
2183,1.222,0.0,0.0,0.0,0.0,1.95
2184,1.222,0.0,0.0,0.0,0.0,1.95
2185,1.222,0.0,0.0,0.0,0.0,1.95
2186,1.2225,0.5,0.1,0.0,0.0015,1.95
2187,1.2225,0.5,0.1,0.0,0.0015,1.95
2188,1.222,0.0,0.0,0.0,0.0,1.95
2189,1.2225,0.5,0.1,0.0,0.0015,1.95
2190,1.2225,0.5,0.1,0.0,0.0015,1.95
2191,1.222,0.0,0.0,0.0,0.0,1.95
2192,1.2225,0.5,0.1,0.0,0.0015,1.95
2193,1.222,0.0,0.0,0.0,0.0,1.95
2194,1.2225,0.5,0.1,0.0,0.0015,1.95
2195,1.222,0.0,0.0,0.0,0.0,1.95
2196,1.2225,0.5,0.1,0.0,0.0015,1.95
2197,1.222,0.0,0.0,0.0,0.0,1.95
2198,1.2225,0.5,0.1,0.0,0.0015,1.95
2199,1.2225,0.5,0.1,0.0,0.0015,1.95
2200,1.2225,0.5,0.1,0.0,0.0015,1.95
2201,1.2225,0.5,0.1,0.0,0.0015,1.95
2202,1.222,0.0,0.0,0.0,0.0,1.95
2203,1.2225,0.5,0.1,0.0,0.0015,1.95
2204,1.2225,0.5,0.1,0.0,0.0015,1.95
2205,1.2225,0.5,0.1,0.0,0.0015,1.95
2206,1.2225,0.5,0.1,0.0,0.0015,1.95
2207,1.2225,0.5,0.1,0.0,0.0015,1.95
2208,1.2225,0.5,0.1,0.0,0.0015,1.95
2209,1.2225,0.5,0.1,0.0,0.0015,1.95
2210,1.222,0.0,0.0,0.0,0.0,1.95
2211,1.2225,0.5,0.1,0.0,0.0015,1.95
2212,1.222,0.0,0.0,0.0,0.0,1.95
2213,1.222,0.0,0.0,0.0,0.0,1.95
2214,1.2225,0.5,0.1,0.0,0.0015,1.95
2215,1.222,0.0,0.0,0.0,0.0,1.95
2216,1.222,0.0,0.0,0.0,0.0,1.95
2217,1.222,0.0,0.0,0.0,0.0,1.95
2218,1.2225,0.5,0.1,0.0,0.0015,1.95
2219,1.2225,0.5,0.1,0.0,0.0015,1.95
2220,1.2225,0.5,0.1,0.0,0.0015,1.95
2221,1.2225,0.5,0.1,0.0,0.0015,1.95
2222,1.222,0.0,0.0,0.0,0.0,1.95
2223,1.222,0.0,0.0,0.0,0.0,1.95
2224,1.2225,0.5,0.1,0.0,0.0015,1.95
2225,1.222,0.0,0.0,0.0,0.0,1.95
2226,1.2225,0.5,0.1,0.0,0.0015,1.95
2227,1.2225,0.5,0.1,0.0,0.0015,1.95
2228,1.222,0.0,0.0,0.0,0.0,1.95
2229,1.222,0.0,0.0,0.0,0.0,1.95
2230,1.2225,0.5,0.1,0.0,0.0015,1.95
2231,1.222,0.0,0.0,0.0,0.0,1.95
2232,1.222,0.0,0.0,0.0,0.0,1.95
2233,1.222,0.0,0.0,0.0,0.0,1.95
2234,1.2225,0.5,0.1,0.0,0.0015,1.95
2235,1.2225,0.5,0.1,0.0,0.0015,1.95
2236,1.222,0.0,0.0,0.0,0.0,1.95
2237,1.2225,0.5,0.1,0.0,0.0015,1.95
2238,1.222,0.0,0.0,0.0,0.0,1.95
2239,1.222,0.0,0.0,0.0,0.0,1.95
2240,1.222,0.0,0.0,0.0,0.0,1.95
2241,1.222,0.0,0.0,0.0,0.0,1.95
2242,1.2225,0.5,0.1,0.0,0.0015,1.95
2243,1.222,0.0,0.0,0.0,0.0,1.95
2244,1.222,0.0,0.0,0.0,0.0,1.95
2245,1.222,0.0,0.0,0.0,0.0,1.95
2246,1.2225,0.5,0.1,0.0,0.0015,1.95
2247,1.2225,0.5,0.1,0.0,0.0015,1.95
2248,1.2225,0.5,0.1,0.0,0.0015,1.95
2249,1.2225,0.5,0.1,0.0,0.0015,1.95
2250,1.2225,0.5,0.1,0.0,0.0015,1.95
2251,1.222,0.0,0.0,0.0,0.0,1.95
2252,1.2225,0.5,0.1,0.0,0.0015,1.95
2253,1.2225,0.5,0.1,0.0,0.0015,1.95
2254,1.2225,0.5,0.1,0.0,0.0015,1.95
2255,1.2225,0.5,0.1,0.0,0.0015,1.95
2256,1.222,0.0,0.0,0.0,0.0,1.95
2257,1.2225,0.5,0.1,0.0,0.0015,1.95
2258,1.222,0.0,0.0,0.0,0.0,1.95
2259,1.2225,0.5,0.1,0.0,0.0015,1.95
2260,1.222,0.0,0.0,0.0,0.0,1.95
2261,1.222,0.0,0.0,0.0,0.0,1.95
2262,1.222,0.0,0.0,0.0,0.0,1.95
2263,1.2225,0.5,0.1,0.0,0.0015,1.95
2264,1.2225,0.5,0.1,0.0,0.0015,1.95
2265,1.2225,0.5,0.1,0.0,0.0015,1.95
2266,1.2225,0.5,0.1,0.0,0.0015,1.95
2267,1.222,0.0,0.0,0.0,0.0,1.95
2268,1.222,0.0,0.0,0.0,0.0,1.95
2269,1.2225,0.5,0.1,0.0,0.0015,1.95
2270,1.222,0.0,0.0,0.0,0.0,1.95
2271,1.2225,0.5,0.1,0.0,0.0015,1.95
2272,1.222,0.0,0.0,0.0,0.0,1.95
2273,1.222,0.0,0.0,0.0,0.0,1.95
2274,1.2225,0.5,0.1,0.0,0.0015,1.95
2275,1.222,0.0,0.0,0.0,0.0,1.95
2276,1.222,0.0,0.0,0.0,0.0,1.95
2277,1.222,0.0,0.0,0.0,0.0,1.95
2278,1.2225,0.5,0.1,0.0,0.0015,1.95
2279,1.2225,0.5,0.1,0.0,0.0015,1.95
2280,1.222,0.0,0.0,0.0,0.0,1.95
2281,1.222,0.0,0.0,0.0,0.0,1.95
2282,1.2225,0.5,0.1,0.0,0.0015,1.95
2283,1.2225,0.5,0.1,0.0,0.0015,1.95
2284,1.2225,0.5,0.1,0.0,0.0015,1.95
2285,1.2225,0.5,0.1,0.0,0.0015,1.95
2286,1.222,0.0,0.0,0.0,0.0,1.95
2287,1.222,0.0,0.0,0.0,0.0,1.95
2288,1.2225,0.5,0.1,0.0,0.0015,1.95
2289,1.2225,0.5,0.1,0.0,0.0015,1.95
2290,1.2225,0.5,0.1,0.0,0.0015,1.95
2291,1.222,0.0,0.0,0.0,0.0,1.95
2292,1.2225,0.5,0.1,0.0,0.0015,1.95
2293,1.222,0.0,0.0,0.0,0.0,1.95
2294,1.2225,0.5,0.1,0.0,0.0015,1.95
2295,1.2225,0.5,0.1,0.0,0.0015,1.95
2296,1.222,0.0,0.0,0.0,0.0,1.95
2297,1.2225,0.5,0.1,0.0,0.0015,1.95
2298,1.222,0.0,0.0,0.0,0.0,1.95
2299,1.222,0.0,0.0,0.0,0.0,1.95
2300,1.222,0.0,0.0,0.0,0.0,1.95
2301,1.2225,0.5,0.1,0.0,0.0015,1.95
2302,1.222,0.0,0.0,0.0,0.0,1.95
2303,1.222,0.0,0.0,0.0,0.0,1.95
2304,1.222,0.0,0.0,0.0,0.0,1.95
2305,1.222,0.0,0.0,0.0,0.0,1.95
2306,1.222,0.0,0.0,0.0,0.0,1.95
2307,1.222,0.0,0.0,0.0,0.0,1.95
2308,1.2225,0.5,0.1,0.0,0.0015,1.95
2309,1.2225,0.5,0.1,0.0,0.0015,1.95
2310,1.222,0.0,0.0,0.0,0.0,1.95
2311,1.222,0.0,0.0,0.0,0.0,1.95
2312,1.222,0.0,0.0,0.0,0.0,1.95
2313,1.222,0.0,0.0,0.0,0.0,1.95
2314,1.2225,0.5,0.1,0.0,0.0015,1.95
2315,1.2225,0.5,0.1,0.0,0.0015,1.95
2316,1.2225,0.5,0.1,0.0,0.0015,1.95
2317,1.222,0.0,0.0,0.0,0.0,1.95
2318,1.222,0.0,0.0,0.0,0.0,1.95
2319,1.2225,0.5,0.1,0.0,0.0015,1.95
2320,1.222,0.0,0.0,0.0,0.0,1.95
2321,1.222,0.0,0.0,0.0,0.0,1.95
2322,1.222,0.0,0.0,0.0,0.0,1.95
2323,1.2225,0.5,0.1,0.0,0.0015,1.95
2324,1.2225,0.5,0.1,0.0,0.0015,1.95
2325,1.222,0.0,0.0,0.0,0.0,1.95
2326,1.2225,0.5,0.1,0.0,0.0015,1.95
2327,1.222,0.0,0.0,0.0,0.0,1.95
2328,1.2225,0.5,0.1,0.0,0.0015,1.95
2329,1.222,0.0,0.0,0.0,0.0,1.95
2330,1.222,0.0,0.0,0.0,0.0,1.95
2331,1.222,0.0,0.0,0.0,0.0,1.95
2332,1.222,0.0,0.0,0.0,0.0,1.95
2333,1.222,0.0,0.0,0.0,0.0,1.95
2334,1.2225,0.5,0.1,0.0,0.0015,1.95
2335,1.222,0.0,0.0,0.0,0.0,1.95
2336,1.222,0.0,0.0,0.0,0.0,1.95
2337,1.2225,0.5,0.1,0.0,0.0015,1.95
2338,1.222,0.0,0.0,0.0,0.0,1.95
2339,1.222,0.0,0.0,0.0,0.0,1.95
2340,1.2225,0.5,0.1,0.0,0.0015,1.95
2341,1.2225,0.5,0.1,0.0,0.0015,1.95
2342,1.222,0.0,0.0,0.0,0.0,1.95
2343,1.2225,0.5,0.1,0.0,0.0015,1.95
2344,1.222,0.0,0.0,0.0,0.0,1.95
2345,1.222,0.0,0.0,0.0,0.0,1.95
2346,1.2225,0.5,0.1,0.0,0.0015,1.95
2347,1.2225,0.5,0.1,0.0,0.0015,1.95
2348,1.2225,0.5,0.1,0.0,0.0015,1.95
2349,1.222,0.0,0.0,0.0,0.0,1.95
2350,1.222,0.0,0.0,0.0,0.0,1.95
2351,1.222,0.0,0.0,0.0,0.0,1.95
2352,1.2225,0.5,0.1,0.0,0.0015,1.95
2353,1.2225,0.5,0.1,0.0,0.0015,1.95
2354,1.222,0.0,0.0,0.0,0.0,1.95
2355,1.2225,0.5,0.1,0.0,0.0015,1.95
2356,1.2225,0.5,0.1,0.0,0.0015,1.95
2357,1.2225,0.5,0.1,0.0,0.0015,1.95
2358,1.2225,0.5,0.1,0.0,0.0015,1.95
2359,1.222,0.0,0.0,0.0,0.0,1.95
2360,1.222,0.0,0.0,0.0,0.0,1.95
2361,1.222,0.0,0.0,0.0,0.0,1.95
2362,1.2225,0.5,0.1,0.0,0.0015,1.95
2363,1.2225,0.5,0.1,0.0,0.0015,1.95
2364,1.222,0.0,0.0,0.0,0.0,1.95
2365,1.2225,0.5,0.1,0.0,0.0015,1.95
2366,1.222,0.0,0.0,0.0,0.0,1.95
2367,1.2225,0.5,0.1,0.0,0.0015,1.95
2368,1.2225,0.5,0.1,0.0,0.0015,1.95
2369,1.222,0.0,0.0,0.0,0.0,1.95
2370,1.222,0.0,0.0,0.0,0.0,1.95
2371,1.222,0.0,0.0,0.0,0.0,1.95
2372,1.2225,0.5,0.1,0.0,0.0015,1.95
2373,1.222,0.0,0.0,0.0,0.0,1.95
2374,1.2225,0.5,0.1,0.0,0.0015,1.95
2375,1.2225,0.5,0.1,0.0,0.0015,1.95
2376,1.222,0.0,0.0,0.0,0.0,1.95
2377,1.222,0.0,0.0,0.0,0.0,1.95
2378,1.2225,0.5,0.1,0.0,0.0015,1.95
2379,1.222,0.0,0.0,0.0,0.0,1.95
2380,1.222,0.0,0.0,0.0,0.0,1.95
2381,1.2225,0.5,0.1,0.0,0.0015,1.95
2382,1.2225,0.5,0.1,0.0,0.0015,1.95
2383,1.222,0.0,0.0,0.0,0.0,1.95
2384,1.222,0.0,0.0,0.0,0.0,1.95
2385,1.222,0.0,0.0,0.0,0.0,1.95
2386,1.2225,0.5,0.1,0.0,0.0015,1.95
2387,1.222,0.0,0.0,0.0,0.0,1.95
2388,1.222,0.0,0.0,0.0,0.0,1.95
2389,1.2225,0.5,0.1,0.0,0.0015,1.95
2390,1.222,0.0,0.0,0.0,0.0,1.95
2391,1.2225,0.5,0.1,0.0,0.0015,1.95
2392,1.222,0.0,0.0,0.0,0.0,1.95
2393,1.222,0.0,0.0,0.0,0.0,1.95
2394,1.222,0.0,0.0,0.0,0.0,1.95
2395,1.222,0.0,0.0,0.0,0.0,1.95
2396,1.2225,0.5,0.1,0.0,0.0015,1.95
2397,1.2225,0.5,0.1,0.0,0.0015,1.95
2398,1.222,0.0,0.0,0.0,0.0,1.95
2399,1.222,0.0,0.0,0.0,0.0,1.95
2400,1.2225,0.5,0.1,0.0,0.0015,1.95
2401,1.222,0.0,0.0,0.0,0.0,1.95
2402,1.222,0.0,0.0,0.0,0.0,1.95
2403,1.222,0.0,0.0,0.0,0.0,1.95
2404,1.222,0.0,0.0,0.0,0.0,1.95
2405,1.222,0.0,0.0,0.0,0.0,1.95
2406,1.222,0.0,0.0,0.0,0.0,1.95
2407,1.2225,0.5,0.1,0.0,0.0015,1.95
2408,1.2225,0.5,0.1,0.0,0.0015,1.95
2409,1.222,0.0,0.0,0.0,0.0,1.95
2410,1.2225,0.5,0.1,0.0,0.0015,1.95
2411,1.222,0.0,0.0,0.0,0.0,1.95
2412,1.222,0.0,0.0,0.0,0.0,1.95
2413,1.2225,0.5,0.1,0.0,0.0015,1.95
2414,1.2225,0.5,0.1,0.0,0.0015,1.95
2415,1.222,0.0,0.0,0.0,0.0,1.95
2416,1.222,0.0,0.0,0.0,0.0,1.95
2417,1.2225,0.5,0.1,0.0,0.0015,1.95
2418,1.2225,0.5,0.1,0.0,0.0015,1.95
2419,1.222,0.0,0.0,0.0,0.0,1.95
2420,1.2225,0.5,0.1,0.0,0.0015,1.95
2421,1.222,0.0,0.0,0.0,0.0,1.95
2422,1.2225,0.5,0.1,0.0,0.0015,1.95
2423,1.222,0.0,0.0,0.0,0.0,1.95
2424,1.222,0.0,0.0,0.0,0.0,1.95
2425,1.2225,0.5,0.1,0.0,0.0015,1.95
2426,1.222,0.0,0.0,0.0,0.0,1.95
2427,1.2225,0.5,0.1,0.0,0.0015,1.95
2428,1.2225,0.5,0.1,0.0,0.0015,1.95
2429,1.2225,0.5,0.1,0.0,0.0015,1.95
2430,1.222,0.0,0.0,0.0,0.0,1.95
2431,1.2225,0.5,0.1,0.0,0.0015,1.95
2432,1.2225,0.5,0.1,0.0,0.0015,1.95
2433,1.2225,0.5,0.1,0.0,0.0015,1.95
2434,1.2225,0.5,0.1,0.0,0.0015,1.95
2435,1.2225,0.5,0.1,0.0,0.0015,1.95
2436,1.2225,0.5,0.1,0.0,0.0015,1.95
2437,1.222,0.0,0.0,0.0,0.0,1.95
2438,1.2225,0.5,0.1,0.0,0.0015,1.95
2439,1.2225,0.5,0.1,0.0,0.0015,1.95
2440,1.222,0.0,0.0,0.0,0.0,1.95
2441,1.2225,0.5,0.1,0.0,0.0015,1.95
2442,1.2225,0.5,0.1,0.0,0.0015,1.95
2443,1.222,0.0,0.0,0.0,0.0,1.95
2444,1.222,0.0,0.0,0.0,0.0,1.95
2445,1.222,0.0,0.0,0.0,0.0,1.95
2446,1.2225,0.5,0.1,0.0,0.0015,1.95
2447,1.2225,0.5,0.1,0.0,0.0015,1.95
2448,1.222,0.0,0.0,0.0,0.0,1.95
2449,1.222,0.0,0.0,0.0,0.0,1.95
2450,1.222,0.0,0.0,0.0,0.0,1.95
2451,1.2225,0.5,0.1,0.0,0.0015,1.95
2452,1.2225,0.5,0.1,0.0,0.0015,1.95
2453,1.2225,0.5,0.1,0.0,0.0015,1.95
2454,1.222,0.0,0.0,0.0,0.0,1.95
2455,1.2225,0.5,0.1,0.0,0.0015,1.95
2456,1.2225,0.5,0.1,0.0,0.0015,1.95
2457,1.222,0.0,0.0,0.0,0.0,1.95
2458,1.222,0.0,0.0,0.0,0.0,1.95
2459,1.2225,0.5,0.1,0.0,0.0015,1.95
2460,1.2225,0.5,0.1,0.0,0.0015,1.95
2461,1.222,0.0,0.0,0.0,0.0,1.95
2462,1.2225,0.5,0.1,0.0,0.0015,1.95
2463,1.222,0.0,0.0,0.0,0.0,1.95
2464,1.2225,0.5,0.1,0.0,0.0015,1.95
2465,1.222,0.0,0.0,0.0,0.0,1.95
2466,1.222,0.0,0.0,0.0,0.0,1.95
2467,1.2225,0.5,0.1,0.0,0.0015,1.95
2468,1.2225,0.5,0.1,0.0,0.0015,1.95
2469,1.2225,0.5,0.1,0.0,0.0015,1.95
2470,1.222,0.0,0.0,0.0,0.0,1.95
2471,1.222,0.0,0.0,0.0,0.0,1.95
2472,1.2225,0.5,0.1,0.0,0.0015,1.95
2473,1.2225,0.5,0.1,0.0,0.0015,1.95
2474,1.2225,0.5,0.1,0.0,0.0015,1.95
2475,1.222,0.0,0.0,0.0,0.0,1.95
2476,1.222,0.0,0.0,0.0,0.0,1.95
2477,1.222,0.0,0.0,0.0,0.0,1.95
2478,1.222,0.0,0.0,0.0,0.0,1.95
2479,1.2225,0.5,0.1,0.0,0.0015,1.95
2480,1.2225,0.5,0.1,0.0,0.0015,1.95
2481,1.222,0.0,0.0,0.0,0.0,1.95
2482,1.2225,0.5,0.1,0.0,0.0015,1.95
2483,1.222,0.0,0.0,0.0,0.0,1.95
2484,1.2225,0.5,0.1,0.0,0.0015,1.95
2485,1.222,0.0,0.0,0.0,0.0,1.95
2486,1.2225,0.5,0.1,0.0,0.0015,1.95
2487,1.2225,0.5,0.1,0.0,0.0015,1.95
2488,1.2225,0.5,0.1,0.0,0.0015,1.95
2489,1.222,0.0,0.0,0.0,0.0,1.95
2490,1.222,0.0,0.0,0.0,0.0,1.95
2491,1.222,0.0,0.0,0.0,0.0,1.95
2492,1.222,0.0,0.0,0.0,0.0,1.95
2493,1.2225,0.5,0.1,0.0,0.0015,1.95
2494,1.2225,0.5,0.1,0.0,0.0015,1.95
2495,1.2225,0.5,0.1,0.0,0.0015,1.95
2496,1.222,0.0,0.0,0.0,0.0,1.95
2497,1.2225,0.5,0.1,0.0,0.0015,1.95
2498,1.222,0.0,0.0,0.0,0.0,1.95
2499,1.222,0.0,0.0,0.0,0.0,1.95
2500,1.222,0.0,0.0,0.0,0.0,1.95
2501,1.2225,0.5,0.1,0.0,0.0015,1.95
2502,1.2225,0.5,0.1,0.0,0.0015,1.95
2503,1.2225,0.5,0.1,0.0,0.0015,1.95
2504,1.2225,0.5,0.1,0.0,0.0015,1.95
2505,1.2225,0.5,0.1,0.0,0.0015,1.95
2506,1.222,0.0,0.0,0.0,0.0,1.95
2507,1.2225,0.5,0.1,0.0,0.0015,1.95
2508,1.2225,0.5,0.1,0.0,0.0015,1.95
2509,1.222,0.0,0.0,0.0,0.0,1.95
2510,1.222,0.0,0.0,0.0,0.0,1.95
2511,1.222,0.0,0.0,0.0,0.0,1.95
2512,1.2225,0.5,0.1,0.0,0.0015,1.95
2513,1.222,0.0,0.0,0.0,0.0,1.95
2514,1.222,0.0,0.0,0.0,0.0,1.95
2515,1.222,0.0,0.0,0.0,0.0,1.95
2516,1.2225,0.5,0.1,0.0,0.0015,1.95
2517,1.2225,0.5,0.1,0.0,0.0015,1.95
2518,1.222,0.0,0.0,0.0,0.0,1.95
2519,1.222,0.0,0.0,0.0,0.0,1.95
2520,1.2225,0.5,0.1,0.0,0.0015,1.95
2521,1.222,0.0,0.0,0.0,0.0,1.95
2522,1.222,0.0,0.0,0.0,0.0,1.95
2523,1.2225,0.5,0.1,0.0,0.0015,1.95
2524,1.222,0.0,0.0,0.0,0.0,1.95
2525,1.2225,0.5,0.1,0.0,0.0015,1.95
2526,1.222,0.0,0.0,0.0,0.0,1.95
2527,1.2225,0.5,0.1,0.0,0.0015,1.95
2528,1.2225,0.5,0.1,0.0,0.0015,1.95
2529,1.222,0.0,0.0,0.0,0.0,1.95
2530,1.2225,0.5,0.1,0.0,0.0015,1.95
2531,1.2225,0.5,0.1,0.0,0.0015,1.95
2532,1.222,0.0,0.0,0.0,0.0,1.95
2533,1.222,0.0,0.0,0.0,0.0,1.95
2534,1.222,0.0,0.0,0.0,0.0,1.95
2535,1.222,0.0,0.0,0.0,0.0,1.95
2536,1.2225,0.5,0.1,0.0,0.0015,1.95
2537,1.222,0.0,0.0,0.0,0.0,1.95
2538,1.2225,0.5,0.1,0.0,0.0015,1.95
2539,1.2225,0.5,0.1,0.0,0.0015,1.95
2540,1.2225,0.5,0.1,0.0,0.0015,1.95
2541,1.222,0.0,0.0,0.0,0.0,1.95
2542,1.2225,0.5,0.1,0.0,0.0015,1.95
2543,1.222,0.0,0.0,0.0,0.0,1.95
2544,1.222,0.0,0.0,0.0,0.0,1.95
2545,1.222,0.0,0.0,0.0,0.0,1.95
2546,1.222,0.0,0.0,0.0,0.0,1.95
2547,1.222,0.0,0.0,0.0,0.0,1.95
2548,1.2225,0.5,0.1,0.0,0.0015,1.95
2549,1.2225,0.5,0.1,0.0,0.0015,1.95
2550,1.2225,0.5,0.1,0.0,0.0015,1.95
2551,1.2225,0.5,0.1,0.0,0.0015,1.95
2552,1.222,0.0,0.0,0.0,0.0,1.95
2553,1.222,0.0,0.0,0.0,0.0,1.95
2554,1.2225,0.5,0.1,0.0,0.0015,1.95
2555,1.222,0.0,0.0,0.0,0.0,1.95
2556,1.222,0.0,0.0,0.0,0.0,1.95
2557,1.2225,0.5,0.1,0.0,0.0015,1.95
2558,1.222,0.0,0.0,0.0,0.0,1.95
2559,1.222,0.0,0.0,0.0,0.0,1.95
2560,1.2225,0.5,0.1,0.0,0.0015,1.95
2561,1.2225,0.5,0.1,0.0,0.0015,1.95
2562,1.222,0.0,0.0,0.0,0.0,1.95
2563,1.2225,0.5,0.1,0.0,0.0015,1.95
2564,1.2225,0.5,0.1,0.0,0.0015,1.95
2565,1.222,0.0,0.0,0.0,0.0,1.95
2566,1.222,0.0,0.0,0.0,0.0,1.95
2567,1.222,0.0,0.0,0.0,0.0,1.95
2568,1.222,0.0,0.0,0.0,0.0,1.95
2569,1.222,0.0,0.0,0.0,0.0,1.95
2570,1.222,0.0,0.0,0.0,0.0,1.95
2571,1.2225,0.5,0.1,0.0,0.0015,1.95
2572,1.2225,0.5,0.1,0.0,0.0015,1.95
2573,1.2225,0.5,0.1,0.0,0.0015,1.95
2574,1.222,0.0,0.0,0.0,0.0,1.95
2575,1.2225,0.5,0.1,0.0,0.0015,1.95
2576,1.222,0.0,0.0,0.0,0.0,1.95
2577,1.2225,0.5,0.1,0.0,0.0015,1.95
2578,1.2225,0.5,0.1,0.0,0.0015,1.95
2579,1.2225,0.5,0.1,0.0,0.0015,1.95
2580,1.222,0.0,0.0,0.0,0.0,1.95
2581,1.2225,0.5,0.1,0.0,0.0015,1.95
2582,1.222,0.0,0.0,0.0,0.0,1.95
2583,1.222,0.0,0.0,0.0,0.0,1.95
2584,1.2225,0.5,0.1,0.0,0.0015,1.95
2585,1.2225,0.5,0.1,0.0,0.0015,1.95
2586,1.2225,0.5,0.1,0.0,0.0015,1.95
2587,1.2225,0.5,0.1,0.0,0.0015,1.95
2588,1.222,0.0,0.0,0.0,0.0,1.95
2589,1.2225,0.5,0.1,0.0,0.0015,1.95
2590,1.2225,0.5,0.1,0.0,0.0015,1.95
2591,1.222,0.0,0.0,0.0,0.0,1.95
2592,1.2225,0.5,0.1,0.0,0.0015,1.95
2593,1.2225,0.5,0.1,0.0,0.0015,1.95
2594,1.2225,0.5,0.1,0.0,0.0015,1.95
2595,1.222,0.0,0.0,0.0,0.0,1.95
2596,1.222,0.0,0.0,0.0,0.0,1.95
2597,1.2225,0.5,0.1,0.0,0.0015,1.95
2598,1.222,0.0,0.0,0.0,0.0,1.95
2599,1.222,0.0,0.0,0.0,0.0,1.95
2600,1.222,0.0,0.0,0.0,0.0,1.95
2601,1.222,0.0,0.0,0.0,0.0,1.95
2602,1.222,0.0,0.0,0.0,0.0,1.95
2603,1.2225,0.5,0.1,0.0,0.0015,1.95
2604,1.222,0.0,0.0,0.0,0.0,1.95
2605,1.2225,0.5,0.1,0.0,0.0015,1.95
2606,1.222,0.0,0.0,0.0,0.0,1.95
2607,1.2225,0.5,0.1,0.0,0.0015,1.95
2608,1.2225,0.5,0.1,0.0,0.0015,1.95
2609,1.222,0.0,0.0,0.0,0.0,1.95
2610,1.2225,0.5,0.1,0.0,0.0015,1.95
2611,1.2225,0.5,0.1,0.0,0.0015,1.95
2612,1.2225,0.5,0.1,0.0,0.0015,1.95
2613,1.2225,0.5,0.1,0.0,0.0015,1.95
2614,1.2225,0.5,0.1,0.0,0.0015,1.95
2615,1.222,0.0,0.0,0.0,0.0,1.95
2616,1.222,0.0,0.0,0.0,0.0,1.95
2617,1.2225,0.5,0.1,0.0,0.0015,1.95
2618,1.222,0.0,0.0,0.0,0.0,1.95
2619,1.222,0.0,0.0,0.0,0.0,1.95
2620,1.222,0.0,0.0,0.0,0.0,1.95
2621,1.2225,0.5,0.1,0.0,0.0015,1.95
2622,1.222,0.0,0.0,0.0,0.0,1.95
2623,1.222,0.0,0.0,0.0,0.0,1.95
2624,1.222,0.0,0.0,0.0,0.0,1.95
2625,1.222,0.0,0.0,0.0,0.0,1.95
2626,1.222,0.0,0.0,0.0,0.0,1.95
2627,1.2225,0.5,0.1,0.0,0.0015,1.95
2628,1.222,0.0,0.0,0.0,0.0,1.95
2629,1.2225,0.5,0.1,0.0,0.0015,1.95
2630,1.2225,0.5,0.1,0.0,0.0015,1.95
2631,1.2225,0.5,0.1,0.0,0.0015,1.95
2632,1.222,0.0,0.0,0.0,0.0,1.95
2633,1.2225,0.5,0.1,0.0,0.0015,1.95
2634,1.222,0.0,0.0,0.0,0.0,1.95
2635,1.2225,0.5,0.1,0.0,0.0015,1.95
2636,1.222,0.0,0.0,0.0,0.0,1.95
2637,1.222,0.0,0.0,0.0,0.0,1.95
2638,1.2225,0.5,0.1,0.0,0.0015,1.95
2639,1.222,0.0,0.0,0.0,0.0,1.95
2640,1.2225,0.5,0.1,0.0,0.0015,1.95
2641,1.222,0.0,0.0,0.0,0.0,1.95
2642,1.222,0.0,0.0,0.0,0.0,1.95
2643,1.2225,0.5,0.1,0.0,0.0015,1.95
2644,1.222,0.0,0.0,0.0,0.0,1.95
2645,1.2225,0.5,0.1,0.0,0.0015,1.95
2646,1.222,0.0,0.0,0.0,0.0,1.95
2647,1.2225,0.5,0.1,0.0,0.0015,1.95
2648,1.2225,0.5,0.1,0.0,0.0015,1.95
2649,1.2225,0.5,0.1,0.0,0.0015,1.95
2650,1.222,0.0,0.0,0.0,0.0,1.95
2651,1.222,0.0,0.0,0.0,0.0,1.95
2652,1.2225,0.5,0.1,0.0,0.0015,1.95
2653,1.222,0.0,0.0,0.0,0.0,1.95
2654,1.222,0.0,0.0,0.0,0.0,1.95
2655,1.222,0.0,0.0,0.0,0.0,1.95
2656,1.222,0.0,0.0,0.0,0.0,1.95
2657,1.222,0.0,0.0,0.0,0.0,1.95
2658,1.2225,0.5,0.1,0.0,0.0015,1.95
2659,1.222,0.0,0.0,0.0,0.0,1.95
2660,1.222,0.0,0.0,0.0,0.0,1.95
2661,1.222,0.0,0.0,0.0,0.0,1.95
2662,1.222,0.0,0.0,0.0,0.0,1.95
2663,1.2225,0.5,0.1,0.0,0.0015,1.95
2664,1.222,0.0,0.0,0.0,0.0,1.95
2665,1.2225,0.5,0.1,0.0,0.0015,1.95
2666,1.222,0.0,0.0,0.0,0.0,1.95
2667,1.2225,0.5,0.1,0.0,0.0015,1.95
2668,1.222,0.0,0.0,0.0,0.0,1.95
2669,1.2225,0.5,0.1,0.0,0.0015,1.95
2670,1.222,0.0,0.0,0.0,0.0,1.95
2671,1.222,0.0,0.0,0.0,0.0,1.95
2672,1.222,0.0,0.0,0.0,0.0,1.95
2673,1.2225,0.5,0.1,0.0,0.0015,1.95
2674,1.222,0.0,0.0,0.0,0.0,1.95
2675,1.2225,0.5,0.1,0.0,0.0015,1.95
2676,1.2225,0.5,0.1,0.0,0.0015,1.95
2677,1.2225,0.5,0.1,0.0,0.0015,1.95
2678,1.222,0.0,0.0,0.0,0.0,1.95
2679,1.222,0.0,0.0,0.0,0.0,1.95
2680,1.222,0.0,0.0,0.0,0.0,1.95
2681,1.2225,0.5,0.1,0.0,0.0015,1.95
2682,1.2225,0.5,0.1,0.0,0.0015,1.95
2683,1.222,0.0,0.0,0.0,0.0,1.95
2684,1.222,0.0,0.0,0.0,0.0,1.95
2685,1.2225,0.5,0.1,0.0,0.0015,1.95
2686,1.2225,0.5,0.1,0.0,0.0015,1.95
2687,1.2225,0.5,0.1,0.0,0.0015,1.95
2688,1.2225,0.5,0.1,0.0,0.0015,1.95
2689,1.222,0.0,0.0,0.0,0.0,1.95
2690,1.2225,0.5,0.1,0.0,0.0015,1.95
2691,1.2225,0.5,0.1,0.0,0.0015,1.95
2692,1.222,0.0,0.0,0.0,0.0,1.95
2693,1.222,0.0,0.0,0.0,0.0,1.95
2694,1.222,0.0,0.0,0.0,0.0,1.95
2695,1.2225,0.5,0.1,0.0,0.0015,1.95
2696,1.222,0.0,0.0,0.0,0.0,1.95
2697,1.222,0.0,0.0,0.0,0.0,1.95
2698,1.2225,0.5,0.1,0.0,0.0015,1.95
2699,1.2225,0.5,0.1,0.0,0.0015,1.95
2700,1.222,0.0,0.0,0.0,0.0,1.95
2701,1.222,0.0,0.0,0.0,0.0,1.95
2702,1.2225,0.5,0.1,0.0,0.0015,1.95
2703,1.2225,0.5,0.1,0.0,0.0015,1.95
2704,1.222,0.0,0.0,0.0,0.0,1.95
2705,1.222,0.0,0.0,0.0,0.0,1.95
2706,1.222,0.0,0.0,0.0,0.0,1.95
2707,1.222,0.0,0.0,0.0,0.0,1.95
2708,1.2225,0.5,0.1,0.0,0.0015,1.95
2709,1.222,0.0,0.0,0.0,0.0,1.95
2710,1.222,0.0,0.0,0.0,0.0,1.95
2711,1.2225,0.5,0.1,0.0,0.0015,1.95
2712,1.222,0.0,0.0,0.0,0.0,1.95
2713,1.2225,0.5,0.1,0.0,0.0015,1.95
2714,1.222,0.0,0.0,0.0,0.0,1.95
2715,1.2225,0.5,0.1,0.0,0.0015,1.95
2716,1.2225,0.5,0.1,0.0,0.0015,1.95
2717,1.2225,0.5,0.1,0.0,0.0015,1.95
2718,1.222,0.0,0.0,0.0,0.0,1.95
2719,1.222,0.0,0.0,0.0,0.0,1.95
2720,1.222,0.0,0.0,0.0,0.0,1.95
2721,1.222,0.0,0.0,0.0,0.0,1.95
2722,1.222,0.0,0.0,0.0,0.0,1.95
2723,1.222,0.0,0.0,0.0,0.0,1.95
2724,1.222,0.0,0.0,0.0,0.0,1.95
2725,1.222,0.0,0.0,0.0,0.0,1.95
2726,1.222,0.0,0.0,0.0,0.0,1.95
2727,1.2225,0.5,0.1,0.0,0.0015,1.95
2728,1.222,0.0,0.0,0.0,0.0,1.95
2729,1.222,0.0,0.0,0.0,0.0,1.95
2730,1.2225,0.5,0.1,0.0,0.0015,1.95
2731,1.222,0.0,0.0,0.0,0.0,1.95
2732,1.2225,0.5,0.1,0.0,0.0015,1.95
2733,1.222,0.0,0.0,0.0,0.0,1.95
2734,1.222,0.0,0.0,0.0,0.0,1.95
2735,1.222,0.0,0.0,0.0,0.0,1.95
2736,1.2225,0.5,0.1,0.0,0.0015,1.95
2737,1.2225,0.5,0.1,0.0,0.0015,1.95
2738,1.222,0.0,0.0,0.0,0.0,1.95
2739,1.2225,0.5,0.1,0.0,0.0015,1.95
2740,1.2225,0.5,0.1,0.0,0.0015,1.95
2741,1.2225,0.5,0.1,0.0,0.0015,1.95
2742,1.222,0.0,0.0,0.0,0.0,1.95
2743,1.222,0.0,0.0,0.0,0.0,1.95
2744,1.222,0.0,0.0,0.0,0.0,1.95
2745,1.222,0.0,0.0,0.0,0.0,1.95
2746,1.222,0.0,0.0,0.0,0.0,1.95
2747,1.222,0.0,0.0,0.0,0.0,1.95
2748,1.2225,0.5,0.1,0.0,0.0015,1.95
2749,1.222,0.0,0.0,0.0,0.0,1.95
2750,1.2225,0.5,0.1,0.0,0.0015,1.95
2751,1.222,0.0,0.0,0.0,0.0,1.95
2752,1.2225,0.5,0.1,0.0,0.0015,1.95
2753,1.2225,0.5,0.1,0.0,0.0015,1.95
2754,1.222,0.0,0.0,0.0,0.0,1.95
2755,1.222,0.0,0.0,0.0,0.0,1.95
2756,1.2225,0.5,0.1,0.0,0.0015,1.95
2757,1.222,0.0,0.0,0.0,0.0,1.95
2758,1.222,0.0,0.0,0.0,0.0,1.95
2759,1.222,0.0,0.0,0.0,0.0,1.95
2760,1.222,0.0,0.0,0.0,0.0,1.95
2761,1.222,0.0,0.0,0.0,0.0,1.95
2762,1.2225,0.5,0.1,0.0,0.0015,1.95
2763,1.222,0.0,0.0,0.0,0.0,1.95
2764,1.2225,0.5,0.1,0.0,0.0015,1.95
2765,1.2225,0.5,0.1,0.0,0.0015,1.95
2766,1.222,0.0,0.0,0.0,0.0,1.95
2767,1.222,0.0,0.0,0.0,0.0,1.95
2768,1.2225,0.5,0.1,0.0,0.0015,1.95
2769,1.222,0.0,0.0,0.0,0.0,1.95
2770,1.2225,0.5,0.1,0.0,0.0015,1.95
2771,1.222,0.0,0.0,0.0,0.0,1.95
2772,1.222,0.0,0.0,0.0,0.0,1.95
2773,1.2225,0.5,0.1,0.0,0.0015,1.95
2774,1.2225,0.5,0.1,0.0,0.0015,1.95
2775,1.222,0.0,0.0,0.0,0.0,1.95
2776,1.2225,0.5,0.1,0.0,0.0015,1.95
2777,1.2225,0.5,0.1,0.0,0.0015,1.95
2778,1.2225,0.5,0.1,0.0,0.0015,1.95
2779,1.222,0.0,0.0,0.0,0.0,1.95
2780,1.2225,0.5,0.1,0.0,0.0015,1.95
2781,1.222,0.0,0.0,0.0,0.0,1.95
2782,1.2225,0.5,0.1,0.0,0.0015,1.95
2783,1.2225,0.5,0.1,0.0,0.0015,1.95
2784,1.222,0.0,0.0,0.0,0.0,1.95
2785,1.2225,0.5,0.1,0.0,0.0015,1.95
2786,1.2225,0.5,0.1,0.0,0.0015,1.95
2787,1.2225,0.5,0.1,0.0,0.0015,1.95
2788,1.222,0.0,0.0,0.0,0.0,1.95
2789,1.2225,0.5,0.1,0.0,0.0015,1.95
2790,1.222,0.0,0.0,0.0,0.0,1.95
2791,1.2225,0.5,0.1,0.0,0.0015,1.95
2792,1.2225,0.5,0.1,0.0,0.0015,1.95
2793,1.2225,0.5,0.1,0.0,0.0015,1.95
2794,1.222,0.0,0.0,0.0,0.0,1.95
2795,1.2225,0.5,0.1,0.0,0.0015,1.95
2796,1.222,0.0,0.0,0.0,0.0,1.95
2797,1.2225,0.5,0.1,0.0,0.0015,1.95
2798,1.2225,0.5,0.1,0.0,0.0015,1.95
2799,1.222,0.0,0.0,0.0,0.0,1.95
2800,1.2225,0.5,0.1,0.0,0.0015,1.95
2801,1.222,0.0,0.0,0.0,0.0,1.95
2802,1.2225,0.5,0.1,0.0,0.0015,1.95
2803,1.2225,0.5,0.1,0.0,0.0015,1.95
2804,1.2225,0.5,0.1,0.0,0.0015,1.95
2805,1.222,0.0,0.0,0.0,0.0,1.95
2806,1.222,0.0,0.0,0.0,0.0,1.95
2807,1.222,0.0,0.0,0.0,0.0,1.95
2808,1.2225,0.5,0.1,0.0,0.0015,1.95
2809,1.2225,0.5,0.1,0.0,0.0015,1.95
2810,1.222,0.0,0.0,0.0,0.0,1.95
2811,1.2225,0.5,0.1,0.0,0.0015,1.95
2812,1.2225,0.5,0.1,0.0,0.0015,1.95
2813,1.2225,0.5,0.1,0.0,0.0015,1.95
2814,1.222,0.0,0.0,0.0,0.0,1.95
2815,1.222,0.0,0.0,0.0,0.0,1.95
2816,1.222,0.0,0.0,0.0,0.0,1.95
2817,1.222,0.0,0.0,0.0,0.0,1.95
2818,1.222,0.0,0.0,0.0,0.0,1.95
2819,1.2225,0.5,0.1,0.0,0.0015,1.95
2820,1.222,0.0,0.0,0.0,0.0,1.95
2821,1.222,0.0,0.0,0.0,0.0,1.95
2822,1.222,0.0,0.0,0.0,0.0,1.95
2823,1.2225,0.5,0.1,0.0,0.0015,1.95
2824,1.222,0.0,0.0,0.0,0.0,1.95
2825,1.222,0.0,0.0,0.0,0.0,1.95
2826,1.2225,0.5,0.1,0.0,0.0015,1.95
2827,1.2225,0.5,0.1,0.0,0.0015,1.95
2828,1.222,0.0,0.0,0.0,0.0,1.95
2829,1.2225,0.5,0.1,0.0,0.0015,1.95
2830,1.222,0.0,0.0,0.0,0.0,1.95
2831,1.2225,0.5,0.1,0.0,0.0015,1.95
2832,1.2225,0.5,0.1,0.0,0.0015,1.95
2833,1.2225,0.5,0.1,0.0,0.0015,1.95
2834,1.222,0.0,0.0,0.0,0.0,1.95
2835,1.222,0.0,0.0,0.0,0.0,1.95
2836,1.222,0.0,0.0,0.0,0.0,1.95
2837,1.222,0.0,0.0,0.0,0.0,1.95
2838,1.2225,0.5,0.1,0.0,0.0015,1.95
2839,1.222,0.0,0.0,0.0,0.0,1.95
2840,1.222,0.0,0.0,0.0,0.0,1.95
2841,1.222,0.0,0.0,0.0,0.0,1.95
2842,1.2225,0.5,0.1,0.0,0.0015,1.95
2843,1.222,0.0,0.0,0.0,0.0,1.95
2844,1.2225,0.5,0.1,0.0,0.0015,1.95
2845,1.222,0.0,0.0,0.0,0.0,1.95
2846,1.2225,0.5,0.1,0.0,0.0015,1.95
2847,1.222,0.0,0.0,0.0,0.0,1.95
2848,1.2225,0.5,0.1,0.0,0.0015,1.95
2849,1.2225,0.5,0.1,0.0,0.0015,1.95
2850,1.222,0.0,0.0,0.0,0.0,1.95
2851,1.2225,0.5,0.1,0.0,0.0015,1.95
2852,1.2225,0.5,0.1,0.0,0.0015,1.95
2853,1.222,0.0,0.0,0.0,0.0,1.95
2854,1.2225,0.5,0.1,0.0,0.0015,1.95
2855,1.2225,0.5,0.1,0.0,0.0015,1.95
2856,1.222,0.0,0.0,0.0,0.0,1.95
2857,1.222,0.0,0.0,0.0,0.0,1.95
2858,1.2225,0.5,0.1,0.0,0.0015,1.95
2859,1.2225,0.5,0.1,0.0,0.0015,1.95
2860,1.2225,0.5,0.1,0.0,0.0015,1.95
2861,1.2225,0.5,0.1,0.0,0.0015,1.95
2862,1.2225,0.5,0.1,0.0,0.0015,1.95
2863,1.222,0.0,0.0,0.0,0.0,1.95
2864,1.222,0.0,0.0,0.0,0.0,1.95
2865,1.2225,0.5,0.1,0.0,0.0015,1.95
2866,1.222,0.0,0.0,0.0,0.0,1.95
2867,1.222,0.0,0.0,0.0,0.0,1.95
2868,1.2225,0.5,0.1,0.0,0.0015,1.95
2869,1.222,0.0,0.0,0.0,0.0,1.95
2870,1.2225,0.5,0.1,0.0,0.0015,1.95
2871,1.2225,0.5,0.1,0.0,0.0015,1.95
2872,1.222,0.0,0.0,0.0,0.0,1.95
2873,1.2225,0.5,0.1,0.0,0.0015,1.95
2874,1.2225,0.5,0.1,0.0,0.0015,1.95
2875,1.2225,0.5,0.1,0.0,0.0015,1.95
2876,1.222,0.0,0.0,0.0,0.0,1.95
2877,1.2225,0.5,0.1,0.0,0.0015,1.95
2878,1.222,0.0,0.0,0.0,0.0,1.95
2879,1.2225,0.5,0.1,0.0,0.0015,1.95
2880,1.222,0.0,0.0,0.0,0.0,1.95
2881,1.222,0.0,0.0,0.0,0.0,1.95
2882,1.2225,0.5,0.1,0.0,0.0015,1.95
2883,1.222,0.0,0.0,0.0,0.0,1.95
2884,1.222,0.0,0.0,0.0,0.0,1.95
2885,1.2225,0.5,0.1,0.0,0.0015,1.95
2886,1.222,0.0,0.0,0.0,0.0,1.95
2887,1.222,0.0,0.0,0.0,0.0,1.95
2888,1.2225,0.5,0.1,0.0,0.0015,1.95
2889,1.222,0.0,0.0,0.0,0.0,1.95
2890,1.222,0.0,0.0,0.0,0.0,1.95
2891,1.222,0.0,0.0,0.0,0.0,1.95
2892,1.222,0.0,0.0,0.0,0.0,1.95
2893,1.2225,0.5,0.1,0.0,0.0015,1.95
2894,1.2225,0.5,0.1,0.0,0.0015,1.95
2895,1.222,0.0,0.0,0.0,0.0,1.95
2896,1.2225,0.5,0.1,0.0,0.0015,1.95
2897,1.2225,0.5,0.1,0.0,0.0015,1.95
2898,1.2225,0.5,0.1,0.0,0.0015,1.95
2899,1.2225,0.5,0.1,0.0,0.0015,1.95
2900,1.2225,0.5,0.1,0.0,0.0015,1.95
2901,1.2225,0.5,0.1,0.0,0.0015,1.95
2902,1.2225,0.5,0.1,0.0,0.0015,1.95
2903,1.222,0.0,0.0,0.0,0.0,1.95
2904,1.222,0.0,0.0,0.0,0.0,1.95
2905,1.2225,0.5,0.1,0.0,0.0015,1.95
2906,1.2225,0.5,0.1,0.0,0.0015,1.95
2907,1.2225,0.5,0.1,0.0,0.0015,1.95
2908,1.222,0.0,0.0,0.0,0.0,1.95
2909,1.222,0.0,0.0,0.0,0.0,1.95
2910,1.2225,0.5,0.1,0.0,0.0015,1.95
2911,1.222,0.0,0.0,0.0,0.0,1.95
2912,1.222,0.0,0.0,0.0,0.0,1.95
2913,1.222,0.0,0.0,0.0,0.0,1.95
2914,1.222,0.0,0.0,0.0,0.0,1.95
2915,1.222,0.0,0.0,0.0,0.0,1.95
2916,1.222,0.0,0.0,0.0,0.0,1.95
2917,1.2225,0.5,0.1,0.0,0.0015,1.95
2918,1.222,0.0,0.0,0.0,0.0,1.95
2919,1.222,0.0,0.0,0.0,0.0,1.95
2920,1.2225,0.5,0.1,0.0,0.0015,1.95
2921,1.2225,0.5,0.1,0.0,0.0015,1.95
2922,1.222,0.0,0.0,0.0,0.0,1.95
2923,1.222,0.0,0.0,0.0,0.0,1.95
2924,1.222,0.0,0.0,0.0,0.0,1.95
2925,1.2225,0.5,0.1,0.0,0.0015,1.95
2926,1.2225,0.5,0.1,0.0,0.0015,1.95
2927,1.2225,0.5,0.1,0.0,0.0015,1.95
2928,1.2225,0.5,0.1,0.0,0.0015,1.95
2929,1.222,0.0,0.0,0.0,0.0,1.95
2930,1.2225,0.5,0.1,0.0,0.0015,1.95
2931,1.2225,0.5,0.1,0.0,0.0015,1.95
2932,1.2225,0.5,0.1,0.0,0.0015,1.95
2933,1.2225,0.5,0.1,0.0,0.0015,1.95
2934,1.222,0.0,0.0,0.0,0.0,1.95
2935,1.222,0.0,0.0,0.0,0.0,1.95
2936,1.222,0.0,0.0,0.0,0.0,1.95
2937,1.2225,0.5,0.1,0.0,0.0015,1.95
2938,1.2225,0.5,0.1,0.0,0.0015,1.95
2939,1.2225,0.5,0.1,0.0,0.0015,1.95
2940,1.222,0.0,0.0,0.0,0.0,1.95
2941,1.222,0.0,0.0,0.0,0.0,1.95
2942,1.222,0.0,0.0,0.0,0.0,1.95
2943,1.222,0.0,0.0,0.0,0.0,1.95
2944,1.2225,0.5,0.1,0.0,0.0015,1.95
2945,1.2225,0.5,0.1,0.0,0.0015,1.95
2946,1.222,0.0,0.0,0.0,0.0,1.95
2947,1.222,0.0,0.0,0.0,0.0,1.95
2948,1.2225,0.5,0.1,0.0,0.0015,1.95
2949,1.222,0.0,0.0,0.0,0.0,1.95
2950,1.222,0.0,0.0,0.0,0.0,1.95
2951,1.2225,0.5,0.1,0.0,0.0015,1.95
2952,1.222,0.0,0.0,0.0,0.0,1.95
2953,1.222,0.0,0.0,0.0,0.0,1.95
2954,1.2225,0.5,0.1,0.0,0.0015,1.95
2955,1.222,0.0,0.0,0.0,0.0,1.95
2956,1.222,0.0,0.0,0.0,0.0,1.95
2957,1.2225,0.5,0.1,0.0,0.0015,1.95
2958,1.2225,0.5,0.1,0.0,0.0015,1.95
2959,1.2225,0.5,0.1,0.0,0.0015,1.95
2960,1.2225,0.5,0.1,0.0,0.0015,1.95
2961,1.222,0.0,0.0,0.0,0.0,1.95
2962,1.2225,0.5,0.1,0.0,0.0015,1.95
2963,1.222,0.0,0.0,0.0,0.0,1.95
2964,1.222,0.0,0.0,0.0,0.0,1.95
2965,1.222,0.0,0.0,0.0,0.0,1.95
2966,1.2225,0.5,0.1,0.0,0.0015,1.95
2967,1.222,0.0,0.0,0.0,0.0,1.95
2968,1.2225,0.5,0.1,0.0,0.0015,1.95
2969,1.222,0.0,0.0,0.0,0.0,1.95
2970,1.2225,0.5,0.1,0.0,0.0015,1.95
2971,1.222,0.0,0.0,0.0,0.0,1.95
2972,1.2225,0.5,0.1,0.0,0.0015,1.95
2973,1.2225,0.5,0.1,0.0,0.0015,1.95
2974,1.2225,0.5,0.1,0.0,0.0015,1.95
2975,1.2225,0.5,0.1,0.0,0.0015,1.95
2976,1.222,0.0,0.0,0.0,0.0,1.95
2977,1.2225,0.5,0.1,0.0,0.0015,1.95
1,0.022,0.5,0.1,0.02,0.0025,1.95
2,1.222,0.0,0.0,0.0,0.0,1.95
3,1.222,0.0,0.0,0.0,0.0,1.95
4,1.222,0.0,0.0,0.0,0.0,1.95
5,1.222,0.0,0.0,0.0,0.0,1.95
6,1.222,0.0,0.0,0.0,0.0,1.95
7,0.022,0.5,0.1,0.02,0.0025,1.95
8,1.222,0.0,0.0,0.0,0.0,1.95
9,1.222,0.0,0.0,0.0,0.0,1.95
10,0.022,0.5,0.1,0.02,0.0025,1.95
11,1.222,0.0,0.0,0.0,0.0,1.95
12,0.022,0.5,0.1,0.02,0.0025,1.95
13,0.022,0.5,0.1,0.02,0.0025,1.95
14,0.022,0.5,0.1,0.02,0.0025,1.95
15,1.222,0.0,0.0,0.0,0.0,1.95
16,1.222,0.0,0.0,0.0,0.0,1.95
17,1.222,0.0,0.0,0.0,0.0,1.95
18,0.022,0.5,0.1,0.02,0.0025,1.95
19,1.222,0.0,0.0,0.0,0.0,1.95
20,1.222,0.0,0.0,0.0,0.0,1.95
21,0.022,0.5,0.1,0.02,0.0025,1.95
22,1.222,0.0,0.0,0.0,0.0,1.95
23,0.022,0.5,0.1,0.02,0.0025,1.95
24,1.222,0.0,0.0,0.0,0.0,1.95
25,1.222,0.0,0.0,0.0,0.0,1.95
26,1.222,0.0,0.0,0.0,0.0,1.95
27,0.022,0.5,0.1,0.02,0.0025,1.95
28,1.222,0.0,0.0,0.0,0.0,1.95
29,0.022,0.5,0.1,0.02,0.0025,1.95
30,0.022,0.5,0.1,0.02,0.0025,1.95
31,1.222,0.0,0.0,0.0,0.0,1.95
32,1.222,0.0,0.0,0.0,0.0,1.95
33,0.022,0.5,0.1,0.02,0.0025,1.95
34,1.222,0.0,0.0,0.0,0.0,1.95
35,0.022,0.5,0.1,0.02,0.0025,1.95
36,0.022,0.5,0.1,0.02,0.0025,1.95
37,0.022,0.5,0.1,0.02,0.0025,1.95
38,1.222,0.0,0.0,0.0,0.0,1.95
39,0.022,0.5,0.1,0.02,0.0025,1.95
40,0.022,0.5,0.1,0.02,0.0025,1.95
41,1.222,0.0,0.0,0.0,0.0,1.95
42,1.222,0.0,0.0,0.0,0.0,1.95
43,0.022,0.5,0.1,0.02,0.0025,1.95
44,1.222,0.0,0.0,0.0,0.0,1.95
45,0.022,0.5,0.1,0.02,0.0025,1.95
46,1.222,0.0,0.0,0.0,0.0,1.95
47,0.022,0.5,0.1,0.02,0.0025,1.95
48,1.222,0.0,0.0,0.0,0.0,1.95
49,0.022,0.5,0.1,0.02,0.0025,1.95
50,1.222,0.0,0.0,0.0,0.0,1.95
51,0.022,0.5,0.1,0.02,0.0025,1.95
52,1.222,0.0,0.0,0.0,0.0,1.95
53,0.022,0.5,0.1,0.02,0.0025,1.95
54,0.022,0.5,0.1,0.02,0.0025,1.95
55,0.022,0.5,0.1,0.02,0.0025,1.95
56,0.022,0.5,0.1,0.02,0.0025,1.95
57,1.222,0.0,0.0,0.0,0.0,1.95
58,0.022,0.5,0.1,0.02,0.0025,1.95
59,1.222,0.0,0.0,0.0,0.0,1.95
60,0.022,0.5,0.1,0.02,0.0025,1.95
61,1.222,0.0,0.0,0.0,0.0,1.95
62,1.222,0.0,0.0,0.0,0.0,1.95
63,0.022,0.5,0.1,0.02,0.0025,1.95
64,1.222,0.0,0.0,0.0,0.0,1.95
65,0.022,0.5,0.1,0.02,0.0025,1.95
66,0.022,0.5,0.1,0.02,0.0025,1.95
67,0.022,0.5,0.1,0.02,0.0025,1.95
68,0.022,0.5,0.1,0.02,0.0025,1.95
69,1.222,0.0,0.0,0.0,0.0,1.95
70,1.222,0.0,0.0,0.0,0.0,1.95
71,1.222,0.0,0.0,0.0,0.0,1.95
72,0.022,0.5,0.1,0.02,0.0025,1.95
73,1.222,0.0,0.0,0.0,0.0,1.95
74,0.022,0.5,0.1,0.02,0.0025,1.95
75,1.222,0.0,0.0,0.0,0.0,1.95
76,0.022,0.5,0.1,0.02,0.0025,1.95
77,0.022,0.5,0.1,0.02,0.0025,1.95
78,1.222,0.0,0.0,0.0,0.0,1.95
79,0.022,0.5,0.1,0.02,0.0025,1.95
80,1.222,0.0,0.0,0.0,0.0,1.95
81,1.222,0.0,0.0,0.0,0.0,1.95
82,1.222,0.0,0.0,0.0,0.0,1.95
83,0.022,0.5,0.1,0.02,0.0025,1.95
84,0.022,0.5,0.1,0.02,0.0025,1.95
85,1.222,0.0,0.0,0.0,0.0,1.95
86,0.022,0.5,0.1,0.02,0.0025,1.95
87,1.222,0.0,0.0,0.0,0.0,1.95
88,0.022,0.5,0.1,0.02,0.0025,1.95
89,0.022,0.5,0.1,0.02,0.0025,1.95
90,0.022,0.5,0.1,0.02,0.0025,1.95
91,1.222,0.0,0.0,0.0,0.0,1.95
92,0.022,0.5,0.1,0.02,0.0025,1.95
93,0.022,0.5,0.1,0.02,0.0025,1.95
94,0.022,0.5,0.1,0.02,0.0025,1.95
95,0.022,0.5,0.1,0.02,0.0025,1.95
96,1.222,0.0,0.0,0.0,0.0,1.95
97,0.022,0.5,0.1,0.02,0.0025,1.95
98,1.222,0.0,0.0,0.0,0.0,1.95
99,0.022,0.5,0.1,0.02,0.0025,1.95
100,1.222,0.0,0.0,0.0,0.0,1.95
101,1.222,0.0,0.0,0.0,0.0,1.95
102,1.222,0.0,0.0,0.0,0.0,1.95
103,1.222,0.0,0.0,0.0,0.0,1.95
104,1.222,0.0,0.0,0.0,0.0,1.95
105,0.022,0.5,0.1,0.02,0.0025,1.95
106,1.222,0.0,0.0,0.0,0.0,1.95
107,0.022,0.5,0.1,0.02,0.0025,1.95
108,1.222,0.0,0.0,0.0,0.0,1.95
109,1.222,0.0,0.0,0.0,0.0,1.95
110,1.222,0.0,0.0,0.0,0.0,1.95
111,1.222,0.0,0.0,0.0,0.0,1.95
112,0.022,0.5,0.1,0.02,0.0025,1.95
113,1.222,0.0,0.0,0.0,0.0,1.95
114,1.222,0.0,0.0,0.0,0.0,1.95
115,0.022,0.5,0.1,0.02,0.0025,1.95
116,1.222,0.0,0.0,0.0,0.0,1.95
117,0.022,0.5,0.1,0.02,0.0025,1.95
118,0.022,0.5,0.1,0.02,0.0025,1.95
119,0.022,0.5,0.1,0.02,0.0025,1.95
120,0.022,0.5,0.1,0.02,0.0025,1.95
121,1.222,0.0,0.0,0.0,0.0,1.95
122,1.222,0.0,0.0,0.0,0.0,1.95
123,0.022,0.5,0.1,0.02,0.0025,1.95
124,1.222,0.0,0.0,0.0,0.0,1.95
125,0.022,0.5,0.1,0.02,0.0025,1.95
126,1.222,0.0,0.0,0.0,0.0,1.95
127,1.222,0.0,0.0,0.0,0.0,1.95
128,1.222,0.0,0.0,0.0,0.0,1.95
129,1.222,0.0,0.0,0.0,0.0,1.95
130,1.222,0.0,0.0,0.0,0.0,1.95
131,0.022,0.5,0.1,0.02,0.0025,1.95
132,1.222,0.0,0.0,0.0,0.0,1.95
133,1.222,0.0,0.0,0.0,0.0,1.95
134,1.222,0.0,0.0,0.0,0.0,1.95
135,1.222,0.0,0.0,0.0,0.0,1.95
136,0.022,0.5,0.1,0.02,0.0025,1.95
137,0.022,0.5,0.1,0.02,0.0025,1.95
138,0.022,0.5,0.1,0.02,0.0025,1.95
139,0.022,0.5,0.1,0.02,0.0025,1.95
140,0.022,0.5,0.1,0.02,0.0025,1.95
141,0.022,0.5,0.1,0.02,0.0025,1.95
142,1.222,0.0,0.0,0.0,0.0,1.95
143,1.222,0.0,0.0,0.0,0.0,1.95
144,1.222,0.0,0.0,0.0,0.0,1.95
145,0.022,0.5,0.1,0.02,0.0025,1.95
146,0.022,0.5,0.1,0.02,0.0025,1.95
147,0.022,0.5,0.1,0.02,0.0025,1.95
148,1.222,0.0,0.0,0.0,0.0,1.95
149,0.022,0.5,0.1,0.02,0.0025,1.95
150,0.022,0.5,0.1,0.02,0.0025,1.95
151,0.022,0.5,0.1,0.02,0.0025,1.95
152,0.022,0.5,0.1,0.02,0.0025,1.95
153,0.022,0.5,0.1,0.02,0.0025,1.95
154,1.222,0.0,0.0,0.0,0.0,1.95
155,1.222,0.0,0.0,0.0,0.0,1.95
156,1.2225,0.5,0.1,0.0,0.0015,1.95
157,1.2225,0.5,0.1,0.0,0.0015,1.95
158,1.222,0.0,0.0,0.0,0.0,1.95
159,1.2225,0.5,0.1,0.0,0.0015,1.95
160,1.2225,0.5,0.1,0.0,0.0015,1.95
161,1.2225,0.5,0.1,0.0,0.0015,1.95
162,0.022,0.5,0.1,0.02,0.0025,1.95
163,1.222,0.0,0.0,0.0,0.0,1.95
164,1.2225,0.5,0.1,0.0,0.0015,1.95
165,1.2225,0.5,0.1,0.0,0.0015,1.95
166,1.2225,0.5,0.1,0.0,0.0015,1.95
167,1.2225,0.5,0.1,0.0,0.0015,1.95
168,1.2225,0.5,0.1,0.0,0.0015,1.95
169,1.222,0.0,0.0,0.0,0.0,1.95
170,1.222,0.0,0.0,0.0,0.0,1.95
171,1.222,0.0,0.0,0.0,0.0,1.95
172,1.2225,0.5,0.1,0.0,0.0015,1.95
173,1.2225,0.5,0.1,0.0,0.0015,1.95
174,1.2225,0.5,0.1,0.0,0.0015,1.95
175,1.222,0.0,0.0,0.0,0.0,1.95
176,1.2225,0.5,0.1,0.0,0.0015,1.95
177,1.222,0.0,0.0,0.0,0.0,1.95
178,1.222,0.0,0.0,0.0,0.0,1.95
179,1.222,0.0,0.0,0.0,0.0,1.95
180,1.222,0.0,0.0,0.0,0.0,1.95
181,1.222,0.0,0.0,0.0,0.0,1.95
182,1.222,0.0,0.0,0.0,0.0,1.95
183,1.222,0.0,0.0,0.0,0.0,1.95
184,1.222,0.0,0.0,0.0,0.0,1.95
185,1.2225,0.5,0.1,0.0,0.0015,1.95
186,1.222,0.0,0.0,0.0,0.0,1.95
187,1.2225,0.5,0.1,0.0,0.0015,1.95
188,1.2225,0.5,0.1,0.0,0.0015,1.95
189,1.222,0.0,0.0,0.0,0.0,1.95
190,1.2225,0.5,0.1,0.0,0.0015,1.95
191,1.222,0.0,0.0,0.0,0.0,1.95
192,1.222,0.0,0.0,0.0,0.0,1.95
193,1.222,0.0,0.0,0.0,0.0,1.95
194,1.222,0.0,0.0,0.0,0.0,1.95
195,1.2225,0.5,0.1,0.0,0.0015,1.95
196,1.222,0.0,0.0,0.0,0.0,1.95
197,1.2225,0.5,0.1,0.0,0.0015,1.95
198,1.222,0.0,0.0,0.0,0.0,1.95
199,1.2225,0.5,0.1,0.0,0.0015,1.95
200,1.222,0.0,0.0,0.0,0.0,1.95
201,1.2225,0.5,0.1,0.0,0.0015,1.95
202,1.222,0.0,0.0,0.0,0.0,1.95
203,1.222,0.0,0.0,0.0,0.0,1.95
204,1.2225,0.5,0.1,0.0,0.0015,1.95
205,1.2225,0.5,0.1,0.0,0.0015,1.95
206,1.222,0.0,0.0,0.0,0.0,1.95
207,1.2225,0.5,0.1,0.0,0.0015,1.95
208,1.222,0.0,0.0,0.0,0.0,1.95
209,1.222,0.0,0.0,0.0,0.0,1.95
210,1.222,0.0,0.0,0.0,0.0,1.95
211,1.2225,0.5,0.1,0.0,0.0015,1.95
212,1.2225,0.5,0.1,0.0,0.0015,1.95
213,1.2225,0.5,0.1,0.0,0.0015,1.95
214,1.2225,0.5,0.1,0.0,0.0015,1.95
215,1.2225,0.5,0.1,0.0,0.0015,1.95
216,1.222,0.0,0.0,0.0,0.0,1.95
217,1.222,0.0,0.0,0.0,0.0,1.95
218,1.2225,0.5,0.1,0.0,0.0015,1.95
219,1.222,0.0,0.0,0.0,0.0,1.95
220,1.2225,0.5,0.1,0.0,0.0015,1.95
221,1.2225,0.5,0.1,0.0,0.0015,1.95
222,1.222,0.0,0.0,0.0,0.0,1.95
223,1.2225,0.5,0.1,0.0,0.0015,1.95
224,1.222,0.0,0.0,0.0,0.0,1.95
225,1.222,0.0,0.0,0.0,0.0,1.95
226,1.2225,0.5,0.1,0.0,0.0015,1.95
227,1.2225,0.5,0.1,0.0,0.0015,1.95
228,1.222,0.0,0.0,0.0,0.0,1.95
229,1.222,0.0,0.0,0.0,0.0,1.95
230,1.222,0.0,0.0,0.0,0.0,1.95
231,1.222,0.0,0.0,0.0,0.0,1.95
232,1.222,0.0,0.0,0.0,0.0,1.95
233,1.222,0.0,0.0,0.0,0.0,1.95
234,1.222,0.0,0.0,0.0,0.0,1.95
235,1.2225,0.5,0.1,0.0,0.0015,1.95
236,1.222,0.0,0.0,0.0,0.0,1.95
237,1.222,0.0,0.0,0.0,0.0,1.95
238,1.2225,0.5,0.1,0.0,0.0015,1.95
239,1.2225,0.5,0.1,0.0,0.0015,1.95
240,1.222,0.0,0.0,0.0,0.0,1.95
241,1.222,0.0,0.0,0.0,0.0,1.95
242,1.222,0.0,0.0,0.0,0.0,1.95
243,1.222,0.0,0.0,0.0,0.0,1.95
244,1.2225,0.5,0.1,0.0,0.0015,1.95
245,1.2225,0.5,0.1,0.0,0.0015,1.95
246,1.2225,0.5,0.1,0.0,0.0015,1.95
247,1.2225,0.5,0.1,0.0,0.0015,1.95
248,1.222,0.0,0.0,0.0,0.0,1.95
249,1.2225,0.5,0.1,0.0,0.0015,1.95
250,1.222,0.0,0.0,0.0,0.0,1.95
251,1.2225,0.5,0.1,0.0,0.0015,1.95
252,1.222,0.0,0.0,0.0,0.0,1.95
253,1.2225,0.5,0.1,0.0,0.0015,1.95
254,1.222,0.0,0.0,0.0,0.0,1.95
255,1.222,0.0,0.0,0.0,0.0,1.95
256,1.222,0.0,0.0,0.0,0.0,1.95
257,1.2225,0.5,0.1,0.0,0.0015,1.95
258,1.222,0.0,0.0,0.0,0.0,1.95
259,1.222,0.0,0.0,0.0,0.0,1.95
260,1.222,0.0,0.0,0.0,0.0,1.95
261,1.222,0.0,0.0,0.0,0.0,1.95
262,1.2225,0.5,0.1,0.0,0.0015,1.95
263,1.222,0.0,0.0,0.0,0.0,1.95
264,1.222,0.0,0.0,0.0,0.0,1.95
265,1.222,0.0,0.0,0.0,0.0,1.95
266,1.222,0.0,0.0,0.0,0.0,1.95
267,1.222,0.0,0.0,0.0,0.0,1.95
268,1.222,0.0,0.0,0.0,0.0,1.95
269,1.2225,0.5,0.1,0.0,0.0015,1.95
270,1.222,0.0,0.0,0.0,0.0,1.95
271,1.2225,0.5,0.1,0.0,0.0015,1.95
272,1.2225,0.5,0.1,0.0,0.0015,1.95
273,1.222,0.0,0.0,0.0,0.0,1.95
274,1.222,0.0,0.0,0.0,0.0,1.95
275,1.222,0.0,0.0,0.0,0.0,1.95
276,1.222,0.0,0.0,0.0,0.0,1.95
277,1.2225,0.5,0.1,0.0,0.0015,1.95
278,1.2225,0.5,0.1,0.0,0.0015,1.95
279,1.2225,0.5,0.1,0.0,0.0015,1.95
280,1.2225,0.5,0.1,0.0,0.0015,1.95
281,1.2225,0.5,0.1,0.0,0.0015,1.95
282,1.2225,0.5,0.1,0.0,0.0015,1.95
283,1.222,0.0,0.0,0.0,0.0,1.95
284,1.2225,0.5,0.1,0.0,0.0015,1.95
285,1.2225,0.5,0.1,0.0,0.0015,1.95
286,1.222,0.0,0.0,0.0,0.0,1.95
287,1.222,0.0,0.0,0.0,0.0,1.95
288,1.2225,0.5,0.1,0.0,0.0015,1.95
289,1.222,0.0,0.0,0.0,0.0,1.95
290,1.222,0.0,0.0,0.0,0.0,1.95
291,1.222,0.0,0.0,0.0,0.0,1.95
292,1.2225,0.5,0.1,0.0,0.0015,1.95
293,1.2225,0.5,0.1,0.0,0.0015,1.95
294,1.222,0.0,0.0,0.0,0.0,1.95
295,1.222,0.0,0.0,0.0,0.0,1.95
296,1.2225,0.5,0.1,0.0,0.0015,1.95
297,1.222,0.0,0.0,0.0,0.0,1.95
298,1.2225,0.5,0.1,0.0,0.0015,1.95
299,1.222,0.0,0.0,0.0,0.0,1.95
300,1.2225,0.5,0.1,0.0,0.0015,1.95
301,1.2225,0.5,0.1,0.0,0.0015,1.95
302,1.2225,0.5,0.1,0.0,0.0015,1.95
303,1.222,0.0,0.0,0.0,0.0,1.95
304,1.222,0.0,0.0,0.0,0.0,1.95
305,1.2225,0.5,0.1,0.0,0.0015,1.95
306,1.222,0.0,0.0,0.0,0.0,1.95
307,1.222,0.0,0.0,0.0,0.0,1.95
308,1.2225,0.5,0.1,0.0,0.0015,1.95
309,1.2225,0.5,0.1,0.0,0.0015,1.95
310,1.222,0.0,0.0,0.0,0.0,1.95
311,1.222,0.0,0.0,0.0,0.0,1.95
312,1.2225,0.5,0.1,0.0,0.0015,1.95
313,1.222,0.0,0.0,0.0,0.0,1.95
314,1.2225,0.5,0.1,0.0,0.0015,1.95
315,1.222,0.0,0.0,0.0,0.0,1.95
316,1.2225,0.5,0.1,0.0,0.0015,1.95
317,1.2225,0.5,0.1,0.0,0.0015,1.95
318,1.222,0.0,0.0,0.0,0.0,1.95
319,1.2225,0.5,0.1,0.0,0.0015,1.95
320,1.2225,0.5,0.1,0.0,0.0015,1.95
321,1.2225,0.5,0.1,0.0,0.0015,1.95
322,1.2225,0.5,0.1,0.0,0.0015,1.95
323,1.2225,0.5,0.1,0.0,0.0015,1.95
324,1.2225,0.5,0.1,0.0,0.0015,1.95
325,1.222,0.0,0.0,0.0,0.0,1.95
326,1.222,0.0,0.0,0.0,0.0,1.95
327,1.222,0.0,0.0,0.0,0.0,1.95
328,1.2225,0.5,0.1,0.0,0.0015,1.95
329,1.2225,0.5,0.1,0.0,0.0015,1.95
330,1.222,0.0,0.0,0.0,0.0,1.95
331,1.222,0.0,0.0,0.0,0.0,1.95
332,1.2225,0.5,0.1,0.0,0.0015,1.95
333,1.222,0.0,0.0,0.0,0.0,1.95
334,1.222,0.0,0.0,0.0,0.0,1.95
335,1.2225,0.5,0.1,0.0,0.0015,1.95
336,1.2225,0.5,0.1,0.0,0.0015,1.95
337,1.222,0.0,0.0,0.0,0.0,1.95
338,1.222,0.0,0.0,0.0,0.0,1.95
339,1.2225,0.5,0.1,0.0,0.0015,1.95
340,1.2225,0.5,0.1,0.0,0.0015,1.95
341,1.222,0.0,0.0,0.0,0.0,1.95
342,1.2225,0.5,0.1,0.0,0.0015,1.95
343,1.222,0.0,0.0,0.0,0.0,1.95
344,1.2225,0.5,0.1,0.0,0.0015,1.95
345,1.2225,0.5,0.1,0.0,0.0015,1.95
346,1.222,0.0,0.0,0.0,0.0,1.95
347,1.2225,0.5,0.1,0.0,0.0015,1.95
348,1.222,0.0,0.0,0.0,0.0,1.95
349,1.2225,0.5,0.1,0.0,0.0015,1.95
350,1.2225,0.5,0.1,0.0,0.0015,1.95
351,1.222,0.0,0.0,0.0,0.0,1.95
352,1.2225,0.5,0.1,0.0,0.0015,1.95
353,1.222,0.0,0.0,0.0,0.0,1.95
354,1.222,0.0,0.0,0.0,0.0,1.95
355,1.222,0.0,0.0,0.0,0.0,1.95
356,1.222,0.0,0.0,0.0,0.0,1.95
357,1.2225,0.5,0.1,0.0,0.0015,1.95
358,1.222,0.0,0.0,0.0,0.0,1.95
359,1.2225,0.5,0.1,0.0,0.0015,1.95
360,1.2225,0.5,0.1,0.0,0.0015,1.95
361,1.222,0.0,0.0,0.0,0.0,1.95
362,1.2225,0.5,0.1,0.0,0.0015,1.95
363,1.222,0.0,0.0,0.0,0.0,1.95
364,1.222,0.0,0.0,0.0,0.0,1.95
365,1.222,0.0,0.0,0.0,0.0,1.95
366,1.222,0.0,0.0,0.0,0.0,1.95
367,1.222,0.0,0.0,0.0,0.0,1.95
368,1.222,0.0,0.0,0.0,0.0,1.95
369,1.2225,0.5,0.1,0.0,0.0015,1.95
370,1.2225,0.5,0.1,0.0,0.0015,1.95
371,1.2225,0.5,0.1,0.0,0.0015,1.95
372,1.2225,0.5,0.1,0.0,0.0015,1.95
373,1.222,0.0,0.0,0.0,0.0,1.95
374,1.2225,0.5,0.1,0.0,0.0015,1.95
375,1.2225,0.5,0.1,0.0,0.0015,1.95
376,1.222,0.0,0.0,0.0,0.0,1.95
377,1.2225,0.5,0.1,0.0,0.0015,1.95
378,1.2225,0.5,0.1,0.0,0.0015,1.95
379,1.2225,0.5,0.1,0.0,0.0015,1.95
380,1.222,0.0,0.0,0.0,0.0,1.95
381,1.2225,0.5,0.1,0.0,0.0015,1.95
382,1.222,0.0,0.0,0.0,0.0,1.95
383,1.222,0.0,0.0,0.0,0.0,1.95
384,1.222,0.0,0.0,0.0,0.0,1.95
385,1.222,0.0,0.0,0.0,0.0,1.95
386,1.222,0.0,0.0,0.0,0.0,1.95
387,1.222,0.0,0.0,0.0,0.0,1.95
388,1.2225,0.5,0.1,0.0,0.0015,1.95
389,1.222,0.0,0.0,0.0,0.0,1.95
390,1.2225,0.5,0.1,0.0,0.0015,1.95
391,1.2225,0.5,0.1,0.0,0.0015,1.95
392,1.222,0.0,0.0,0.0,0.0,1.95
393,1.2225,0.5,0.1,0.0,0.0015,1.95
394,1.222,0.0,0.0,0.0,0.0,1.95
395,1.222,0.0,0.0,0.0,0.0,1.95
396,1.2225,0.5,0.1,0.0,0.0015,1.95
397,1.222,0.0,0.0,0.0,0.0,1.95
398,1.2225,0.5,0.1,0.0,0.0015,1.95
399,1.2225,0.5,0.1,0.0,0.0015,1.95
400,1.222,0.0,0.0,0.0,0.0,1.95
401,1.2225,0.5,0.1,0.0,0.0015,1.95
402,1.222,0.0,0.0,0.0,0.0,1.95
403,1.222,0.0,0.0,0.0,0.0,1.95
404,1.222,0.0,0.0,0.0,0.0,1.95
405,1.2225,0.5,0.1,0.0,0.0015,1.95
406,1.222,0.0,0.0,0.0,0.0,1.95
407,1.2225,0.5,0.1,0.0,0.0015,1.95
408,1.222,0.0,0.0,0.0,0.0,1.95
409,1.2225,0.5,0.1,0.0,0.0015,1.95
410,1.222,0.0,0.0,0.0,0.0,1.95
411,1.222,0.0,0.0,0.0,0.0,1.95
412,1.222,0.0,0.0,0.0,0.0,1.95
413,1.222,0.0,0.0,0.0,0.0,1.95
414,1.2225,0.5,0.1,0.0,0.0015,1.95
415,1.2225,0.5,0.1,0.0,0.0015,1.95
416,1.2225,0.5,0.1,0.0,0.0015,1.95
417,1.2225,0.5,0.1,0.0,0.0015,1.95
418,1.222,0.0,0.0,0.0,0.0,1.95
419,1.2225,0.5,0.1,0.0,0.0015,1.95
420,1.222,0.0,0.0,0.0,0.0,1.95
421,1.222,0.0,0.0,0.0,0.0,1.95
422,1.2225,0.5,0.1,0.0,0.0015,1.95
423,1.2225,0.5,0.1,0.0,0.0015,1.95
424,1.222,0.0,0.0,0.0,0.0,1.95
425,1.2225,0.5,0.1,0.0,0.0015,1.95
426,1.2225,0.5,0.1,0.0,0.0015,1.95
427,1.222,0.0,0.0,0.0,0.0,1.95
428,1.222,0.0,0.0,0.0,0.0,1.95
429,1.2225,0.5,0.1,0.0,0.0015,1.95
430,1.2225,0.5,0.1,0.0,0.0015,1.95
431,1.222,0.0,0.0,0.0,0.0,1.95
432,1.222,0.0,0.0,0.0,0.0,1.95
433,1.222,0.0,0.0,0.0,0.0,1.95
434,1.2225,0.5,0.1,0.0,0.0015,1.95
435,1.222,0.0,0.0,0.0,0.0,1.95
436,1.222,0.0,0.0,0.0,0.0,1.95
437,1.2225,0.5,0.1,0.0,0.0015,1.95
438,1.222,0.0,0.0,0.0,0.0,1.95
439,1.2225,0.5,0.1,0.0,0.0015,1.95
440,1.2225,0.5,0.1,0.0,0.0015,1.95
441,1.2225,0.5,0.1,0.0,0.0015,1.95
442,1.222,0.0,0.0,0.0,0.0,1.95
443,1.222,0.0,0.0,0.0,0.0,1.95
444,1.222,0.0,0.0,0.0,0.0,1.95
445,1.222,0.0,0.0,0.0,0.0,1.95
446,1.2225,0.5,0.1,0.0,0.0015,1.95
447,1.222,0.0,0.0,0.0,0.0,1.95
448,1.2225,0.5,0.1,0.0,0.0015,1.95
449,1.2225,0.5,0.1,0.0,0.0015,1.95
450,1.2225,0.5,0.1,0.0,0.0015,1.95
451,1.222,0.0,0.0,0.0,0.0,1.95
452,1.222,0.0,0.0,0.0,0.0,1.95
453,1.2225,0.5,0.1,0.0,0.0015,1.95
454,1.222,0.0,0.0,0.0,0.0,1.95
455,1.2225,0.5,0.1,0.0,0.0015,1.95
456,1.222,0.0,0.0,0.0,0.0,1.95
457,1.2225,0.5,0.1,0.0,0.0015,1.95
458,1.2225,0.5,0.1,0.0,0.0015,1.95
459,1.2225,0.5,0.1,0.0,0.0015,1.95
460,1.222,0.0,0.0,0.0,0.0,1.95
461,1.2225,0.5,0.1,0.0,0.0015,1.95
462,1.222,0.0,0.0,0.0,0.0,1.95
463,1.222,0.0,0.0,0.0,0.0,1.95
464,1.222,0.0,0.0,0.0,0.0,1.95
465,1.222,0.0,0.0,0.0,0.0,1.95
466,1.222,0.0,0.0,0.0,0.0,1.95
467,1.2225,0.5,0.1,0.0,0.0015,1.95
468,1.2225,0.5,0.1,0.0,0.0015,1.95
469,1.222,0.0,0.0,0.0,0.0,1.95
470,1.2225,0.5,0.1,0.0,0.0015,1.95
471,1.222,0.0,0.0,0.0,0.0,1.95
472,1.2225,0.5,0.1,0.0,0.0015,1.95
473,1.2225,0.5,0.1,0.0,0.0015,1.95
474,1.2225,0.5,0.1,0.0,0.0015,1.95
475,1.222,0.0,0.0,0.0,0.0,1.95
476,1.2225,0.5,0.1,0.0,0.0015,1.95
477,1.2225,0.5,0.1,0.0,0.0015,1.95
478,1.222,0.0,0.0,0.0,0.0,1.95
479,1.2225,0.5,0.1,0.0,0.0015,1.95
480,1.222,0.0,0.0,0.0,0.0,1.95
481,1.222,0.0,0.0,0.0,0.0,1.95
482,1.2225,0.5,0.1,0.0,0.0015,1.95
483,1.2225,0.5,0.1,0.0,0.0015,1.95
484,1.2225,0.5,0.1,0.0,0.0015,1.95
485,1.2225,0.5,0.1,0.0,0.0015,1.95
486,1.222,0.0,0.0,0.0,0.0,1.95
487,1.2225,0.5,0.1,0.0,0.0015,1.95
488,1.222,0.0,0.0,0.0,0.0,1.95
489,1.222,0.0,0.0,0.0,0.0,1.95
490,1.2225,0.5,0.1,0.0,0.0015,1.95
491,1.222,0.0,0.0,0.0,0.0,1.95
492,1.2225,0.5,0.1,0.0,0.0015,1.95
493,1.222,0.0,0.0,0.0,0.0,1.95
494,1.2225,0.5,0.1,0.0,0.0015,1.95
495,1.2225,0.5,0.1,0.0,0.0015,1.95
496,1.2225,0.5,0.1,0.0,0.0015,1.95
497,1.2225,0.5,0.1,0.0,0.0015,1.95
498,1.2225,0.5,0.1,0.0,0.0015,1.95
499,1.2225,0.5,0.1,0.0,0.0015,1.95
500,1.222,0.0,0.0,0.0,0.0,1.95
501,1.2225,0.5,0.1,0.0,0.0015,1.95
502,1.2225,0.5,0.1,0.0,0.0015,1.95
503,1.2225,0.5,0.1,0.0,0.0015,1.95
504,1.2225,0.5,0.1,0.0,0.0015,1.95
505,1.2225,0.5,0.1,0.0,0.0015,1.95
506,1.2225,0.5,0.1,0.0,0.0015,1.95
507,1.2225,0.5,0.1,0.0,0.0015,1.95
508,1.2225,0.5,0.1,0.0,0.0015,1.95
509,1.222,0.0,0.0,0.0,0.0,1.95
510,1.2225,0.5,0.1,0.0,0.0015,1.95
511,1.222,0.0,0.0,0.0,0.0,1.95
512,1.2225,0.5,0.1,0.0,0.0015,1.95
513,1.2225,0.5,0.1,0.0,0.0015,1.95
514,1.2225,0.5,0.1,0.0,0.0015,1.95
515,1.222,0.0,0.0,0.0,0.0,1.95
516,1.222,0.0,0.0,0.0,0.0,1.95
517,1.2225,0.5,0.1,0.0,0.0015,1.95
518,1.2225,0.5,0.1,0.0,0.0015,1.95
519,1.222,0.0,0.0,0.0,0.0,1.95
520,1.2225,0.5,0.1,0.0,0.0015,1.95
521,1.222,0.0,0.0,0.0,0.0,1.95
522,1.2225,0.5,0.1,0.0,0.0015,1.95
523,1.222,0.0,0.0,0.0,0.0,1.95
524,1.222,0.0,0.0,0.0,0.0,1.95
525,1.2225,0.5,0.1,0.0,0.0015,1.95
526,1.2225,0.5,0.1,0.0,0.0015,1.95
527,1.222,0.0,0.0,0.0,0.0,1.95
528,1.2225,0.5,0.1,0.0,0.0015,1.95
529,1.222,0.0,0.0,0.0,0.0,1.95
530,1.2225,0.5,0.1,0.0,0.0015,1.95
531,1.2225,0.5,0.1,0.0,0.0015,1.95
532,1.2225,0.5,0.1,0.0,0.0015,1.95
533,1.2225,0.5,0.1,0.0,0.0015,1.95
534,1.2225,0.5,0.1,0.0,0.0015,1.95
535,1.2225,0.5,0.1,0.0,0.0015,1.95
536,1.2225,0.5,0.1,0.0,0.0015,1.95
537,1.2225,0.5,0.1,0.0,0.0015,1.95
538,1.222,0.0,0.0,0.0,0.0,1.95
539,1.2225,0.5,0.1,0.0,0.0015,1.95
540,1.222,0.0,0.0,0.0,0.0,1.95
541,1.222,0.0,0.0,0.0,0.0,1.95
542,1.222,0.0,0.0,0.0,0.0,1.95
543,1.222,0.0,0.0,0.0,0.0,1.95
544,1.222,0.0,0.0,0.0,0.0,1.95
545,1.222,0.0,0.0,0.0,0.0,1.95
546,1.222,0.0,0.0,0.0,0.0,1.95
547,1.2225,0.5,0.1,0.0,0.0015,1.95
548,1.2225,0.5,0.1,0.0,0.0015,1.95
549,1.222,0.0,0.0,0.0,0.0,1.95
550,1.222,0.0,0.0,0.0,0.0,1.95
551,1.222,0.0,0.0,0.0,0.0,1.95
552,1.222,0.0,0.0,0.0,0.0,1.95
553,1.2225,0.5,0.1,0.0,0.0015,1.95
554,1.222,0.0,0.0,0.0,0.0,1.95
555,1.222,0.0,0.0,0.0,0.0,1.95
556,1.2225,0.5,0.1,0.0,0.0015,1.95
557,1.222,0.0,0.0,0.0,0.0,1.95
558,1.222,0.0,0.0,0.0,0.0,1.95
559,1.222,0.0,0.0,0.0,0.0,1.95
560,1.222,0.0,0.0,0.0,0.0,1.95
561,1.222,0.0,0.0,0.0,0.0,1.95
562,1.2225,0.5,0.1,0.0,0.0015,1.95
563,1.2225,0.5,0.1,0.0,0.0015,1.95
564,1.2225,0.5,0.1,0.0,0.0015,1.95
565,1.2225,0.5,0.1,0.0,0.0015,1.95
566,1.222,0.0,0.0,0.0,0.0,1.95
567,1.2225,0.5,0.1,0.0,0.0015,1.95
568,1.2225,0.5,0.1,0.0,0.0015,1.95
569,1.222,0.0,0.0,0.0,0.0,1.95
570,1.2225,0.5,0.1,0.0,0.0015,1.95
571,1.222,0.0,0.0,0.0,0.0,1.95
572,1.2225,0.5,0.1,0.0,0.0015,1.95
573,1.2225,0.5,0.1,0.0,0.0015,1.95
574,1.2225,0.5,0.1,0.0,0.0015,1.95
575,1.222,0.0,0.0,0.0,0.0,1.95
576,1.222,0.0,0.0,0.0,0.0,1.95
577,1.222,0.0,0.0,0.0,0.0,1.95
578,1.2225,0.5,0.1,0.0,0.0015,1.95
579,1.222,0.0,0.0,0.0,0.0,1.95
580,1.2225,0.5,0.1,0.0,0.0015,1.95
581,1.2225,0.5,0.1,0.0,0.0015,1.95
582,1.2225,0.5,0.1,0.0,0.0015,1.95
583,1.222,0.0,0.0,0.0,0.0,1.95
584,1.222,0.0,0.0,0.0,0.0,1.95
585,1.222,0.0,0.0,0.0,0.0,1.95
586,1.2225,0.5,0.1,0.0,0.0015,1.95
587,1.222,0.0,0.0,0.0,0.0,1.95
588,1.2225,0.5,0.1,0.0,0.0015,1.95
589,1.222,0.0,0.0,0.0,0.0,1.95
590,1.222,0.0,0.0,0.0,0.0,1.95
591,1.222,0.0,0.0,0.0,0.0,1.95
592,1.222,0.0,0.0,0.0,0.0,1.95
593,1.2225,0.5,0.1,0.0,0.0015,1.95
594,1.2225,0.5,0.1,0.0,0.0015,1.95
595,1.222,0.0,0.0,0.0,0.0,1.95
596,1.2225,0.5,0.1,0.0,0.0015,1.95
597,1.2225,0.5,0.1,0.0,0.0015,1.95
598,1.222,0.0,0.0,0.0,0.0,1.95
599,1.222,0.0,0.0,0.0,0.0,1.95
600,1.2225,0.5,0.1,0.0,0.0015,1.95
601,1.222,0.0,0.0,0.0,0.0,1.95
602,1.2225,0.5,0.1,0.0,0.0015,1.95
603,1.222,0.0,0.0,0.0,0.0,1.95
604,1.2225,0.5,0.1,0.0,0.0015,1.95
605,1.222,0.0,0.0,0.0,0.0,1.95
606,1.2225,0.5,0.1,0.0,0.0015,1.95
607,1.222,0.0,0.0,0.0,0.0,1.95
608,1.222,0.0,0.0,0.0,0.0,1.95
609,1.222,0.0,0.0,0.0,0.0,1.95
610,1.2225,0.5,0.1,0.0,0.0015,1.95
611,1.222,0.0,0.0,0.0,0.0,1.95
612,1.222,0.0,0.0,0.0,0.0,1.95
613,1.222,0.0,0.0,0.0,0.0,1.95
614,1.2225,0.5,0.1,0.0,0.0015,1.95
615,1.222,0.0,0.0,0.0,0.0,1.95
616,1.222,0.0,0.0,0.0,0.0,1.95
617,1.2225,0.5,0.1,0.0,0.0015,1.95
618,1.222,0.0,0.0,0.0,0.0,1.95
619,1.222,0.0,0.0,0.0,0.0,1.95
620,1.2225,0.5,0.1,0.0,0.0015,1.95
621,1.222,0.0,0.0,0.0,0.0,1.95
622,1.222,0.0,0.0,0.0,0.0,1.95
623,1.2225,0.5,0.1,0.0,0.0015,1.95
624,1.222,0.0,0.0,0.0,0.0,1.95
625,1.2225,0.5,0.1,0.0,0.0015,1.95
626,1.2225,0.5,0.1,0.0,0.0015,1.95
627,1.2225,0.5,0.1,0.0,0.0015,1.95
628,1.222,0.0,0.0,0.0,0.0,1.95
629,1.2225,0.5,0.1,0.0,0.0015,1.95
630,1.2225,0.5,0.1,0.0,0.0015,1.95
631,1.2225,0.5,0.1,0.0,0.0015,1.95
632,1.222,0.0,0.0,0.0,0.0,1.95
633,1.222,0.0,0.0,0.0,0.0,1.95
634,1.2225,0.5,0.1,0.0,0.0015,1.95
635,1.2225,0.5,0.1,0.0,0.0015,1.95
636,1.2225,0.5,0.1,0.0,0.0015,1.95
637,1.222,0.0,0.0,0.0,0.0,1.95
638,1.222,0.0,0.0,0.0,0.0,1.95
639,1.2225,0.5,0.1,0.0,0.0015,1.95
640,1.222,0.0,0.0,0.0,0.0,1.95
641,1.2225,0.5,0.1,0.0,0.0015,1.95
642,1.222,0.0,0.0,0.0,0.0,1.95
643,1.222,0.0,0.0,0.0,0.0,1.95
644,1.222,0.0,0.0,0.0,0.0,1.95
645,1.2225,0.5,0.1,0.0,0.0015,1.95
646,1.222,0.0,0.0,0.0,0.0,1.95
647,1.2225,0.5,0.1,0.0,0.0015,1.95
648,1.2225,0.5,0.1,0.0,0.0015,1.95
649,1.2225,0.5,0.1,0.0,0.0015,1.95
650,1.2225,0.5,0.1,0.0,0.0015,1.95
651,1.222,0.0,0.0,0.0,0.0,1.95
652,1.2225,0.5,0.1,0.0,0.0015,1.95
653,1.2225,0.5,0.1,0.0,0.0015,1.95
654,1.222,0.0,0.0,0.0,0.0,1.95
655,1.2225,0.5,0.1,0.0,0.0015,1.95
656,1.222,0.0,0.0,0.0,0.0,1.95
657,1.222,0.0,0.0,0.0,0.0,1.95
658,1.222,0.0,0.0,0.0,0.0,1.95
659,1.222,0.0,0.0,0.0,0.0,1.95
660,1.222,0.0,0.0,0.0,0.0,1.95
661,1.222,0.0,0.0,0.0,0.0,1.95
662,1.2225,0.5,0.1,0.0,0.0015,1.95
663,1.2225,0.5,0.1,0.0,0.0015,1.95
664,1.2225,0.5,0.1,0.0,0.0015,1.95
665,1.2225,0.5,0.1,0.0,0.0015,1.95
666,1.2225,0.5,0.1,0.0,0.0015,1.95
667,1.2225,0.5,0.1,0.0,0.0015,1.95
668,1.2225,0.5,0.1,0.0,0.0015,1.95
669,1.222,0.0,0.0,0.0,0.0,1.95
670,1.222,0.0,0.0,0.0,0.0,1.95
671,1.2225,0.5,0.1,0.0,0.0015,1.95
672,1.2225,0.5,0.1,0.0,0.0015,1.95
673,1.222,0.0,0.0,0.0,0.0,1.95
674,1.2225,0.5,0.1,0.0,0.0015,1.95
675,1.222,0.0,0.0,0.0,0.0,1.95
676,1.222,0.0,0.0,0.0,0.0,1.95
677,1.2225,0.5,0.1,0.0,0.0015,1.95
678,1.2225,0.5,0.1,0.0,0.0015,1.95
679,1.222,0.0,0.0,0.0,0.0,1.95
680,1.222,0.0,0.0,0.0,0.0,1.95
681,1.2225,0.5,0.1,0.0,0.0015,1.95
682,1.2225,0.5,0.1,0.0,0.0015,1.95
683,1.222,0.0,0.0,0.0,0.0,1.95
684,1.222,0.0,0.0,0.0,0.0,1.95
685,1.222,0.0,0.0,0.0,0.0,1.95
686,1.222,0.0,0.0,0.0,0.0,1.95
687,1.222,0.0,0.0,0.0,0.0,1.95
688,1.2225,0.5,0.1,0.0,0.0015,1.95
689,1.222,0.0,0.0,0.0,0.0,1.95
690,1.2225,0.5,0.1,0.0,0.0015,1.95
691,1.222,0.0,0.0,0.0,0.0,1.95
692,1.222,0.0,0.0,0.0,0.0,1.95
693,1.2225,0.5,0.1,0.0,0.0015,1.95
694,1.222,0.0,0.0,0.0,0.0,1.95
695,1.2225,0.5,0.1,0.0,0.0015,1.95
696,1.222,0.0,0.0,0.0,0.0,1.95
697,1.2225,0.5,0.1,0.0,0.0015,1.95
698,1.2225,0.5,0.1,0.0,0.0015,1.95
699,1.222,0.0,0.0,0.0,0.0,1.95
700,1.2225,0.5,0.1,0.0,0.0015,1.95
701,1.222,0.0,0.0,0.0,0.0,1.95
702,1.2225,0.5,0.1,0.0,0.0015,1.95
703,1.2225,0.5,0.1,0.0,0.0015,1.95
704,1.2225,0.5,0.1,0.0,0.0015,1.95
705,1.2225,0.5,0.1,0.0,0.0015,1.95
706,1.222,0.0,0.0,0.0,0.0,1.95
707,1.222,0.0,0.0,0.0,0.0,1.95
708,1.222,0.0,0.0,0.0,0.0,1.95
709,1.222,0.0,0.0,0.0,0.0,1.95
710,1.2225,0.5,0.1,0.0,0.0015,1.95
711,1.2225,0.5,0.1,0.0,0.0015,1.95
712,1.222,0.0,0.0,0.0,0.0,1.95
713,1.2225,0.5,0.1,0.0,0.0015,1.95
714,1.222,0.0,0.0,0.0,0.0,1.95
715,1.222,0.0,0.0,0.0,0.0,1.95
716,1.222,0.0,0.0,0.0,0.0,1.95
717,1.222,0.0,0.0,0.0,0.0,1.95
718,1.222,0.0,0.0,0.0,0.0,1.95
719,1.2225,0.5,0.1,0.0,0.0015,1.95
720,1.222,0.0,0.0,0.0,0.0,1.95
721,1.222,0.0,0.0,0.0,0.0,1.95
722,1.222,0.0,0.0,0.0,0.0,1.95
723,1.222,0.0,0.0,0.0,0.0,1.95
724,1.222,0.0,0.0,0.0,0.0,1.95
725,1.222,0.0,0.0,0.0,0.0,1.95
726,1.2225,0.5,0.1,0.0,0.0015,1.95
727,1.222,0.0,0.0,0.0,0.0,1.95
728,1.2225,0.5,0.1,0.0,0.0015,1.95
729,1.222,0.0,0.0,0.0,0.0,1.95
730,1.2225,0.5,0.1,0.0,0.0015,1.95
731,1.2225,0.5,0.1,0.0,0.0015,1.95
732,1.222,0.0,0.0,0.0,0.0,1.95
733,1.222,0.0,0.0,0.0,0.0,1.95
734,1.2225,0.5,0.1,0.0,0.0015,1.95
735,1.222,0.0,0.0,0.0,0.0,1.95
736,1.2225,0.5,0.1,0.0,0.0015,1.95
737,1.222,0.0,0.0,0.0,0.0,1.95
738,1.222,0.0,0.0,0.0,0.0,1.95
739,1.2225,0.5,0.1,0.0,0.0015,1.95
740,1.222,0.0,0.0,0.0,0.0,1.95
741,1.2225,0.5,0.1,0.0,0.0015,1.95
742,1.2225,0.5,0.1,0.0,0.0015,1.95
743,1.2225,0.5,0.1,0.0,0.0015,1.95
744,1.222,0.0,0.0,0.0,0.0,1.95
745,1.222,0.0,0.0,0.0,0.0,1.95
746,1.2225,0.5,0.1,0.0,0.0015,1.95
747,1.222,0.0,0.0,0.0,0.0,1.95
748,1.222,0.0,0.0,0.0,0.0,1.95
749,1.222,0.0,0.0,0.0,0.0,1.95
750,1.222,0.0,0.0,0.0,0.0,1.95
751,1.2225,0.5,0.1,0.0,0.0015,1.95
752,1.2225,0.5,0.1,0.0,0.0015,1.95
753,1.222,0.0,0.0,0.0,0.0,1.95
754,1.2225,0.5,0.1,0.0,0.0015,1.95
755,1.222,0.0,0.0,0.0,0.0,1.95
756,1.2225,0.5,0.1,0.0,0.0015,1.95
757,1.222,0.0,0.0,0.0,0.0,1.95
758,1.2225,0.5,0.1,0.0,0.0015,1.95
759,1.2225,0.5,0.1,0.0,0.0015,1.95
760,1.2225,0.5,0.1,0.0,0.0015,1.95
761,1.222,0.0,0.0,0.0,0.0,1.95
762,1.2225,0.5,0.1,0.0,0.0015,1.95
763,1.2225,0.5,0.1,0.0,0.0015,1.95
764,1.2225,0.5,0.1,0.0,0.0015,1.95
765,1.2225,0.5,0.1,0.0,0.0015,1.95
766,1.2225,0.5,0.1,0.0,0.0015,1.95
767,1.222,0.0,0.0,0.0,0.0,1.95
768,1.222,0.0,0.0,0.0,0.0,1.95
769,1.222,0.0,0.0,0.0,0.0,1.95
770,1.2225,0.5,0.1,0.0,0.0015,1.95
771,1.222,0.0,0.0,0.0,0.0,1.95
772,1.222,0.0,0.0,0.0,0.0,1.95
773,1.222,0.0,0.0,0.0,0.0,1.95
774,1.222,0.0,0.0,0.0,0.0,1.95
775,1.2225,0.5,0.1,0.0,0.0015,1.95
776,1.2225,0.5,0.1,0.0,0.0015,1.95
777,1.222,0.0,0.0,0.0,0.0,1.95
778,1.222,0.0,0.0,0.0,0.0,1.95
779,1.2225,0.5,0.1,0.0,0.0015,1.95
780,1.2225,0.5,0.1,0.0,0.0015,1.95
781,1.222,0.0,0.0,0.0,0.0,1.95
782,1.2225,0.5,0.1,0.0,0.0015,1.95
783,1.2225,0.5,0.1,0.0,0.0015,1.95
784,1.2225,0.5,0.1,0.0,0.0015,1.95
785,1.222,0.0,0.0,0.0,0.0,1.95
786,1.222,0.0,0.0,0.0,0.0,1.95
787,1.222,0.0,0.0,0.0,0.0,1.95
788,1.222,0.0,0.0,0.0,0.0,1.95
789,1.2225,0.5,0.1,0.0,0.0015,1.95
790,1.222,0.0,0.0,0.0,0.0,1.95
791,1.222,0.0,0.0,0.0,0.0,1.95
792,1.2225,0.5,0.1,0.0,0.0015,1.95
793,1.2225,0.5,0.1,0.0,0.0015,1.95
794,1.2225,0.5,0.1,0.0,0.0015,1.95
795,1.2225,0.5,0.1,0.0,0.0015,1.95
796,1.222,0.0,0.0,0.0,0.0,1.95
797,1.222,0.0,0.0,0.0,0.0,1.95
798,1.222,0.0,0.0,0.0,0.0,1.95
799,1.2225,0.5,0.1,0.0,0.0015,1.95
800,1.222,0.0,0.0,0.0,0.0,1.95
801,1.222,0.0,0.0,0.0,0.0,1.95
802,1.2225,0.5,0.1,0.0,0.0015,1.95
803,1.222,0.0,0.0,0.0,0.0,1.95
804,1.222,0.0,0.0,0.0,0.0,1.95
805,1.222,0.0,0.0,0.0,0.0,1.95
806,1.2225,0.5,0.1,0.0,0.0015,1.95
807,1.2225,0.5,0.1,0.0,0.0015,1.95
808,1.2225,0.5,0.1,0.0,0.0015,1.95
809,1.2225,0.5,0.1,0.0,0.0015,1.95
810,1.222,0.0,0.0,0.0,0.0,1.95
811,1.222,0.0,0.0,0.0,0.0,1.95
812,1.222,0.0,0.0,0.0,0.0,1.95
813,1.222,0.0,0.0,0.0,0.0,1.95
814,1.2225,0.5,0.1,0.0,0.0015,1.95
815,1.222,0.0,0.0,0.0,0.0,1.95
816,1.2225,0.5,0.1,0.0,0.0015,1.95
817,1.222,0.0,0.0,0.0,0.0,1.95
818,1.222,0.0,0.0,0.0,0.0,1.95
819,1.222,0.0,0.0,0.0,0.0,1.95
820,1.222,0.0,0.0,0.0,0.0,1.95
821,1.2225,0.5,0.1,0.0,0.0015,1.95
822,1.2225,0.5,0.1,0.0,0.0015,1.95
823,1.2225,0.5,0.1,0.0,0.0015,1.95
824,1.222,0.0,0.0,0.0,0.0,1.95
825,1.222,0.0,0.0,0.0,0.0,1.95
826,1.2225,0.5,0.1,0.0,0.0015,1.95
827,1.2225,0.5,0.1,0.0,0.0015,1.95
828,1.222,0.0,0.0,0.0,0.0,1.95
829,1.2225,0.5,0.1,0.0,0.0015,1.95
830,1.2225,0.5,0.1,0.0,0.0015,1.95
831,1.222,0.0,0.0,0.0,0.0,1.95
832,1.222,0.0,0.0,0.0,0.0,1.95
833,1.222,0.0,0.0,0.0,0.0,1.95
834,1.2225,0.5,0.1,0.0,0.0015,1.95
835,1.222,0.0,0.0,0.0,0.0,1.95
836,1.2225,0.5,0.1,0.0,0.0015,1.95
837,1.222,0.0,0.0,0.0,0.0,1.95
838,1.222,0.0,0.0,0.0,0.0,1.95
839,1.222,0.0,0.0,0.0,0.0,1.95
840,1.222,0.0,0.0,0.0,0.0,1.95
841,1.222,0.0,0.0,0.0,0.0,1.95
842,1.2225,0.5,0.1,0.0,0.0015,1.95
843,1.2225,0.5,0.1,0.0,0.0015,1.95
844,1.222,0.0,0.0,0.0,0.0,1.95
845,1.2225,0.5,0.1,0.0,0.0015,1.95
846,1.222,0.0,0.0,0.0,0.0,1.95
847,1.2225,0.5,0.1,0.0,0.0015,1.95
848,1.222,0.0,0.0,0.0,0.0,1.95
849,1.2225,0.5,0.1,0.0,0.0015,1.95
850,1.2225,0.5,0.1,0.0,0.0015,1.95
851,1.222,0.0,0.0,0.0,0.0,1.95
852,1.2225,0.5,0.1,0.0,0.0015,1.95
853,1.2225,0.5,0.1,0.0,0.0015,1.95
854,1.2225,0.5,0.1,0.0,0.0015,1.95
855,1.222,0.0,0.0,0.0,0.0,1.95
856,1.2225,0.5,0.1,0.0,0.0015,1.95
857,1.222,0.0,0.0,0.0,0.0,1.95
858,1.222,0.0,0.0,0.0,0.0,1.95
859,1.2225,0.5,0.1,0.0,0.0015,1.95
860,1.222,0.0,0.0,0.0,0.0,1.95
861,1.222,0.0,0.0,0.0,0.0,1.95
862,1.222,0.0,0.0,0.0,0.0,1.95
863,1.222,0.0,0.0,0.0,0.0,1.95
864,1.2225,0.5,0.1,0.0,0.0015,1.95
865,1.222,0.0,0.0,0.0,0.0,1.95
866,1.2225,0.5,0.1,0.0,0.0015,1.95
867,1.2225,0.5,0.1,0.0,0.0015,1.95
868,1.222,0.0,0.0,0.0,0.0,1.95
869,1.2225,0.5,0.1,0.0,0.0015,1.95
870,1.2225,0.5,0.1,0.0,0.0015,1.95
871,1.2225,0.5,0.1,0.0,0.0015,1.95
872,1.2225,0.5,0.1,0.0,0.0015,1.95
873,1.222,0.0,0.0,0.0,0.0,1.95
874,1.2225,0.5,0.1,0.0,0.0015,1.95
875,1.2225,0.5,0.1,0.0,0.0015,1.95
876,1.222,0.0,0.0,0.0,0.0,1.95
877,1.2225,0.5,0.1,0.0,0.0015,1.95
878,1.222,0.0,0.0,0.0,0.0,1.95
879,1.2225,0.5,0.1,0.0,0.0015,1.95
880,1.2225,0.5,0.1,0.0,0.0015,1.95
881,1.222,0.0,0.0,0.0,0.0,1.95
882,1.222,0.0,0.0,0.0,0.0,1.95
883,1.2225,0.5,0.1,0.0,0.0015,1.95
884,1.2225,0.5,0.1,0.0,0.0015,1.95
885,1.222,0.0,0.0,0.0,0.0,1.95
886,1.222,0.0,0.0,0.0,0.0,1.95
887,1.2225,0.5,0.1,0.0,0.0015,1.95
888,1.222,0.0,0.0,0.0,0.0,1.95
889,1.222,0.0,0.0,0.0,0.0,1.95
890,1.2225,0.5,0.1,0.0,0.0015,1.95
891,1.2225,0.5,0.1,0.0,0.0015,1.95
892,1.2225,0.5,0.1,0.0,0.0015,1.95
893,1.2225,0.5,0.1,0.0,0.0015,1.95
894,1.222,0.0,0.0,0.0,0.0,1.95
895,1.222,0.0,0.0,0.0,0.0,1.95
896,1.2225,0.5,0.1,0.0,0.0015,1.95
897,1.222,0.0,0.0,0.0,0.0,1.95
898,1.222,0.0,0.0,0.0,0.0,1.95
899,1.222,0.0,0.0,0.0,0.0,1.95
900,1.222,0.0,0.0,0.0,0.0,1.95
901,1.2225,0.5,0.1,0.0,0.0015,1.95
902,1.222,0.0,0.0,0.0,0.0,1.95
903,1.222,0.0,0.0,0.0,0.0,1.95
904,1.222,0.0,0.0,0.0,0.0,1.95
905,1.222,0.0,0.0,0.0,0.0,1.95
906,1.2225,0.5,0.1,0.0,0.0015,1.95
907,1.2225,0.5,0.1,0.0,0.0015,1.95
908,1.222,0.0,0.0,0.0,0.0,1.95
909,1.2225,0.5,0.1,0.0,0.0015,1.95
910,1.2225,0.5,0.1,0.0,0.0015,1.95
911,1.222,0.0,0.0,0.0,0.0,1.95
912,1.2225,0.5,0.1,0.0,0.0015,1.95
913,1.222,0.0,0.0,0.0,0.0,1.95
914,1.222,0.0,0.0,0.0,0.0,1.95
915,1.2225,0.5,0.1,0.0,0.0015,1.95
916,1.2225,0.5,0.1,0.0,0.0015,1.95
917,1.222,0.0,0.0,0.0,0.0,1.95
918,1.2225,0.5,0.1,0.0,0.0015,1.95
919,1.2225,0.5,0.1,0.0,0.0015,1.95
920,1.222,0.0,0.0,0.0,0.0,1.95
921,1.2225,0.5,0.1,0.0,0.0015,1.95
922,1.222,0.0,0.0,0.0,0.0,1.95
923,1.2225,0.5,0.1,0.0,0.0015,1.95
924,1.2225,0.5,0.1,0.0,0.0015,1.95
925,1.222,0.0,0.0,0.0,0.0,1.95
926,1.222,0.0,0.0,0.0,0.0,1.95
927,1.2225,0.5,0.1,0.0,0.0015,1.95
928,1.222,0.0,0.0,0.0,0.0,1.95
929,1.222,0.0,0.0,0.0,0.0,1.95
930,1.2225,0.5,0.1,0.0,0.0015,1.95
931,1.222,0.0,0.0,0.0,0.0,1.95
932,1.222,0.0,0.0,0.0,0.0,1.95
933,1.222,0.0,0.0,0.0,0.0,1.95
934,1.222,0.0,0.0,0.0,0.0,1.95
935,1.222,0.0,0.0,0.0,0.0,1.95
936,1.2225,0.5,0.1,0.0,0.0015,1.95
937,1.222,0.0,0.0,0.0,0.0,1.95
938,1.2225,0.5,0.1,0.0,0.0015,1.95
939,1.222,0.0,0.0,0.0,0.0,1.95
940,1.2225,0.5,0.1,0.0,0.0015,1.95
941,1.2225,0.5,0.1,0.0,0.0015,1.95
942,1.222,0.0,0.0,0.0,0.0,1.95
943,1.222,0.0,0.0,0.0,0.0,1.95
944,1.2225,0.5,0.1,0.0,0.0015,1.95
945,1.222,0.0,0.0,0.0,0.0,1.95
946,1.222,0.0,0.0,0.0,0.0,1.95
947,1.222,0.0,0.0,0.0,0.0,1.95
948,1.222,0.0,0.0,0.0,0.0,1.95
949,1.2225,0.5,0.1,0.0,0.0015,1.95
950,1.2225,0.5,0.1,0.0,0.0015,1.95
951,1.2225,0.5,0.1,0.0,0.0015,1.95
952,1.222,0.0,0.0,0.0,0.0,1.95
953,1.2225,0.5,0.1,0.0,0.0015,1.95
954,1.222,0.0,0.0,0.0,0.0,1.95
955,1.222,0.0,0.0,0.0,0.0,1.95
956,1.2225,0.5,0.1,0.0,0.0015,1.95
957,1.222,0.0,0.0,0.0,0.0,1.95
958,1.222,0.0,0.0,0.0,0.0,1.95
959,1.222,0.0,0.0,0.0,0.0,1.95
960,1.222,0.0,0.0,0.0,0.0,1.95
961,1.222,0.0,0.0,0.0,0.0,1.95
962,1.222,0.0,0.0,0.0,0.0,1.95
963,1.222,0.0,0.0,0.0,0.0,1.95
964,1.222,0.0,0.0,0.0,0.0,1.95
965,1.2225,0.5,0.1,0.0,0.0015,1.95
966,1.222,0.0,0.0,0.0,0.0,1.95
967,1.222,0.0,0.0,0.0,0.0,1.95
968,1.222,0.0,0.0,0.0,0.0,1.95
969,1.2225,0.5,0.1,0.0,0.0015,1.95
970,1.2225,0.5,0.1,0.0,0.0015,1.95
971,1.222,0.0,0.0,0.0,0.0,1.95
972,1.2225,0.5,0.1,0.0,0.0015,1.95
973,1.2225,0.5,0.1,0.0,0.0015,1.95
974,1.222,0.0,0.0,0.0,0.0,1.95
975,1.222,0.0,0.0,0.0,0.0,1.95
976,1.2225,0.5,0.1,0.0,0.0015,1.95
977,1.2225,0.5,0.1,0.0,0.0015,1.95
978,1.222,0.0,0.0,0.0,0.0,1.95
979,1.222,0.0,0.0,0.0,0.0,1.95
980,1.2225,0.5,0.1,0.0,0.0015,1.95
981,1.222,0.0,0.0,0.0,0.0,1.95
982,1.2225,0.5,0.1,0.0,0.0015,1.95
983,1.222,0.0,0.0,0.0,0.0,1.95
984,1.222,0.0,0.0,0.0,0.0,1.95
985,1.2225,0.5,0.1,0.0,0.0015,1.95
986,1.222,0.0,0.0,0.0,0.0,1.95
987,1.222,0.0,0.0,0.0,0.0,1.95
988,1.2225,0.5,0.1,0.0,0.0015,1.95
989,1.2225,0.5,0.1,0.0,0.0015,1.95
990,1.2225,0.5,0.1,0.0,0.0015,1.95
991,1.222,0.0,0.0,0.0,0.0,1.95
992,1.222,0.0,0.0,0.0,0.0,1.95
993,1.2225,0.5,0.1,0.0,0.0015,1.95
994,1.222,0.0,0.0,0.0,0.0,1.95
995,1.222,0.0,0.0,0.0,0.0,1.95
996,1.222,0.0,0.0,0.0,0.0,1.95
997,1.2225,0.5,0.1,0.0,0.0015,1.95
998,1.222,0.0,0.0,0.0,0.0,1.95
999,1.2225,0.5,0.1,0.0,0.0015,1.95
1000,1.222,0.0,0.0,0.0,0.0,1.95
1001,1.2225,0.5,0.1,0.0,0.0015,1.95
1002,1.2225,0.5,0.1,0.0,0.0015,1.95
1003,1.222,0.0,0.0,0.0,0.0,1.95
1004,1.222,0.0,0.0,0.0,0.0,1.95
1005,1.2225,0.5,0.1,0.0,0.0015,1.95
1006,1.222,0.0,0.0,0.0,0.0,1.95
1007,1.222,0.0,0.0,0.0,0.0,1.95
1008,1.2225,0.5,0.1,0.0,0.0015,1.95
1009,1.222,0.0,0.0,0.0,0.0,1.95
1010,1.2225,0.5,0.1,0.0,0.0015,1.95
1011,1.2225,0.5,0.1,0.0,0.0015,1.95
1012,1.222,0.0,0.0,0.0,0.0,1.95
1013,1.222,0.0,0.0,0.0,0.0,1.95
1014,1.2225,0.5,0.1,0.0,0.0015,1.95
1015,1.222,0.0,0.0,0.0,0.0,1.95
1016,1.2225,0.5,0.1,0.0,0.0015,1.95
1017,1.222,0.0,0.0,0.0,0.0,1.95
1018,1.222,0.0,0.0,0.0,0.0,1.95
1019,1.222,0.0,0.0,0.0,0.0,1.95
1020,1.2225,0.5,0.1,0.0,0.0015,1.95
1021,1.222,0.0,0.0,0.0,0.0,1.95
1022,1.222,0.0,0.0,0.0,0.0,1.95
1023,1.2225,0.5,0.1,0.0,0.0015,1.95
1024,1.2225,0.5,0.1,0.0,0.0015,1.95
1025,1.222,0.0,0.0,0.0,0.0,1.95
1026,1.222,0.0,0.0,0.0,0.0,1.95
1027,1.2225,0.5,0.1,0.0,0.0015,1.95
1028,1.222,0.0,0.0,0.0,0.0,1.95
1029,1.2225,0.5,0.1,0.0,0.0015,1.95
1030,1.2225,0.5,0.1,0.0,0.0015,1.95
1031,1.2225,0.5,0.1,0.0,0.0015,1.95
1032,1.2225,0.5,0.1,0.0,0.0015,1.95
1033,1.222,0.0,0.0,0.0,0.0,1.95
1034,1.222,0.0,0.0,0.0,0.0,1.95
1035,1.2225,0.5,0.1,0.0,0.0015,1.95
1036,1.2225,0.5,0.1,0.0,0.0015,1.95
1037,1.222,0.0,0.0,0.0,0.0,1.95
1038,1.2225,0.5,0.1,0.0,0.0015,1.95
1039,1.2225,0.5,0.1,0.0,0.0015,1.95
1040,1.2225,0.5,0.1,0.0,0.0015,1.95
1041,1.2225,0.5,0.1,0.0,0.0015,1.95
1042,1.222,0.0,0.0,0.0,0.0,1.95
1043,1.2225,0.5,0.1,0.0,0.0015,1.95
1044,1.222,0.0,0.0,0.0,0.0,1.95
1045,1.222,0.0,0.0,0.0,0.0,1.95
1046,1.222,0.0,0.0,0.0,0.0,1.95
1047,1.222,0.0,0.0,0.0,0.0,1.95
1048,1.2225,0.5,0.1,0.0,0.0015,1.95
1049,1.2225,0.5,0.1,0.0,0.0015,1.95
1050,1.222,0.0,0.0,0.0,0.0,1.95
1051,1.222,0.0,0.0,0.0,0.0,1.95
1052,1.222,0.0,0.0,0.0,0.0,1.95
1053,1.222,0.0,0.0,0.0,0.0,1.95
1054,1.222,0.0,0.0,0.0,0.0,1.95
1055,1.2225,0.5,0.1,0.0,0.0015,1.95
1056,1.2225,0.5,0.1,0.0,0.0015,1.95
1057,1.2225,0.5,0.1,0.0,0.0015,1.95
1058,1.2225,0.5,0.1,0.0,0.0015,1.95
1059,1.2225,0.5,0.1,0.0,0.0015,1.95
1060,1.2225,0.5,0.1,0.0,0.0015,1.95
1061,1.222,0.0,0.0,0.0,0.0,1.95
1062,1.222,0.0,0.0,0.0,0.0,1.95
1063,1.222,0.0,0.0,0.0,0.0,1.95
1064,1.2225,0.5,0.1,0.0,0.0015,1.95
1065,1.2225,0.5,0.1,0.0,0.0015,1.95
1066,1.222,0.0,0.0,0.0,0.0,1.95
1067,1.222,0.0,0.0,0.0,0.0,1.95
1068,1.222,0.0,0.0,0.0,0.0,1.95
1069,1.2225,0.5,0.1,0.0,0.0015,1.95
1070,1.2225,0.5,0.1,0.0,0.0015,1.95
1071,1.2225,0.5,0.1,0.0,0.0015,1.95
1072,1.2225,0.5,0.1,0.0,0.0015,1.95
1073,1.222,0.0,0.0,0.0,0.0,1.95
1074,1.2225,0.5,0.1,0.0,0.0015,1.95
1075,1.222,0.0,0.0,0.0,0.0,1.95
1076,1.2225,0.5,0.1,0.0,0.0015,1.95
1077,1.222,0.0,0.0,0.0,0.0,1.95
1078,1.222,0.0,0.0,0.0,0.0,1.95
1079,1.2225,0.5,0.1,0.0,0.0015,1.95
1080,1.2225,0.5,0.1,0.0,0.0015,1.95
1081,1.222,0.0,0.0,0.0,0.0,1.95
1082,1.222,0.0,0.0,0.0,0.0,1.95
1083,1.2225,0.5,0.1,0.0,0.0015,1.95
1084,1.2225,0.5,0.1,0.0,0.0015,1.95
1085,1.2225,0.5,0.1,0.0,0.0015,1.95
1086,1.2225,0.5,0.1,0.0,0.0015,1.95
1087,1.2225,0.5,0.1,0.0,0.0015,1.95
1088,1.222,0.0,0.0,0.0,0.0,1.95
1089,1.222,0.0,0.0,0.0,0.0,1.95
1090,1.222,0.0,0.0,0.0,0.0,1.95
1091,1.222,0.0,0.0,0.0,0.0,1.95
1092,1.2225,0.5,0.1,0.0,0.0015,1.95
1093,1.222,0.0,0.0,0.0,0.0,1.95
1094,1.222,0.0,0.0,0.0,0.0,1.95
1095,1.222,0.0,0.0,0.0,0.0,1.95
1096,1.2225,0.5,0.1,0.0,0.0015,1.95
1097,1.2225,0.5,0.1,0.0,0.0015,1.95
1098,1.2225,0.5,0.1,0.0,0.0015,1.95
1099,1.2225,0.5,0.1,0.0,0.0015,1.95
1100,1.2225,0.5,0.1,0.0,0.0015,1.95
1101,1.222,0.0,0.0,0.0,0.0,1.95
1102,1.2225,0.5,0.1,0.0,0.0015,1.95
1103,1.222,0.0,0.0,0.0,0.0,1.95
1104,1.222,0.0,0.0,0.0,0.0,1.95
1105,1.222,0.0,0.0,0.0,0.0,1.95
1106,1.222,0.0,0.0,0.0,0.0,1.95
1107,1.222,0.0,0.0,0.0,0.0,1.95
1108,1.222,0.0,0.0,0.0,0.0,1.95
1109,1.222,0.0,0.0,0.0,0.0,1.95
1110,1.222,0.0,0.0,0.0,0.0,1.95
1111,1.2225,0.5,0.1,0.0,0.0015,1.95
1112,1.2225,0.5,0.1,0.0,0.0015,1.95
1113,1.2225,0.5,0.1,0.0,0.0015,1.95
1114,1.222,0.0,0.0,0.0,0.0,1.95
1115,1.2225,0.5,0.1,0.0,0.0015,1.95
1116,1.2225,0.5,0.1,0.0,0.0015,1.95
1117,1.222,0.0,0.0,0.0,0.0,1.95
1118,1.222,0.0,0.0,0.0,0.0,1.95
1119,1.222,0.0,0.0,0.0,0.0,1.95
1120,1.2225,0.5,0.1,0.0,0.0015,1.95
1121,1.2225,0.5,0.1,0.0,0.0015,1.95
1122,1.2225,0.5,0.1,0.0,0.0015,1.95
1123,1.2225,0.5,0.1,0.0,0.0015,1.95
1124,1.222,0.0,0.0,0.0,0.0,1.95
1125,1.2225,0.5,0.1,0.0,0.0015,1.95
1126,1.2225,0.5,0.1,0.0,0.0015,1.95
1127,1.2225,0.5,0.1,0.0,0.0015,1.95
1128,1.222,0.0,0.0,0.0,0.0,1.95
1129,1.2225,0.5,0.1,0.0,0.0015,1.95
1130,1.222,0.0,0.0,0.0,0.0,1.95
1131,1.2225,0.5,0.1,0.0,0.0015,1.95
1132,1.2225,0.5,0.1,0.0,0.0015,1.95
1133,1.222,0.0,0.0,0.0,0.0,1.95
1134,1.2225,0.5,0.1,0.0,0.0015,1.95
1135,1.222,0.0,0.0,0.0,0.0,1.95
1136,1.222,0.0,0.0,0.0,0.0,1.95
1137,1.2225,0.5,0.1,0.0,0.0015,1.95
1138,1.222,0.0,0.0,0.0,0.0,1.95
1139,1.2225,0.5,0.1,0.0,0.0015,1.95
1140,1.2225,0.5,0.1,0.0,0.0015,1.95
1141,1.222,0.0,0.0,0.0,0.0,1.95
1142,1.222,0.0,0.0,0.0,0.0,1.95
1143,1.2225,0.5,0.1,0.0,0.0015,1.95
1144,1.222,0.0,0.0,0.0,0.0,1.95
1145,1.222,0.0,0.0,0.0,0.0,1.95
1146,1.2225,0.5,0.1,0.0,0.0015,1.95
1147,1.222,0.0,0.0,0.0,0.0,1.95
1148,1.2225,0.5,0.1,0.0,0.0015,1.95
1149,1.222,0.0,0.0,0.0,0.0,1.95
1150,1.222,0.0,0.0,0.0,0.0,1.95
1151,1.2225,0.5,0.1,0.0,0.0015,1.95
1152,1.222,0.0,0.0,0.0,0.0,1.95
1153,1.222,0.0,0.0,0.0,0.0,1.95
1154,1.2225,0.5,0.1,0.0,0.0015,1.95
1155,1.2225,0.5,0.1,0.0,0.0015,1.95
1156,1.222,0.0,0.0,0.0,0.0,1.95
1157,1.222,0.0,0.0,0.0,0.0,1.95
1158,1.222,0.0,0.0,0.0,0.0,1.95
1159,1.222,0.0,0.0,0.0,0.0,1.95
1160,1.222,0.0,0.0,0.0,0.0,1.95
1161,1.2225,0.5,0.1,0.0,0.0015,1.95
1162,1.2225,0.5,0.1,0.0,0.0015,1.95
1163,1.2225,0.5,0.1,0.0,0.0015,1.95
1164,1.222,0.0,0.0,0.0,0.0,1.95
1165,1.222,0.0,0.0,0.0,0.0,1.95
1166,1.222,0.0,0.0,0.0,0.0,1.95
1167,1.2225,0.5,0.1,0.0,0.0015,1.95
1168,1.222,0.0,0.0,0.0,0.0,1.95
1169,1.222,0.0,0.0,0.0,0.0,1.95
1170,1.222,0.0,0.0,0.0,0.0,1.95
1171,1.2225,0.5,0.1,0.0,0.0015,1.95
1172,1.222,0.0,0.0,0.0,0.0,1.95
1173,1.222,0.0,0.0,0.0,0.0,1.95
1174,1.222,0.0,0.0,0.0,0.0,1.95
1175,1.222,0.0,0.0,0.0,0.0,1.95
1176,1.222,0.0,0.0,0.0,0.0,1.95
1177,1.222,0.0,0.0,0.0,0.0,1.95
1178,1.222,0.0,0.0,0.0,0.0,1.95
1179,1.2225,0.5,0.1,0.0,0.0015,1.95
1180,1.2225,0.5,0.1,0.0,0.0015,1.95
1181,1.2225,0.5,0.1,0.0,0.0015,1.95
1182,1.2225,0.5,0.1,0.0,0.0015,1.95
1183,1.2225,0.5,0.1,0.0,0.0015,1.95
1184,1.2225,0.5,0.1,0.0,0.0015,1.95
1185,1.222,0.0,0.0,0.0,0.0,1.95
1186,1.222,0.0,0.0,0.0,0.0,1.95
1187,1.2225,0.5,0.1,0.0,0.0015,1.95
1188,1.222,0.0,0.0,0.0,0.0,1.95
1189,1.222,0.0,0.0,0.0,0.0,1.95
1190,1.222,0.0,0.0,0.0,0.0,1.95
1191,1.222,0.0,0.0,0.0,0.0,1.95
1192,1.222,0.0,0.0,0.0,0.0,1.95
1193,1.222,0.0,0.0,0.0,0.0,1.95
1194,1.2225,0.5,0.1,0.0,0.0015,1.95
1195,1.222,0.0,0.0,0.0,0.0,1.95
1196,1.222,0.0,0.0,0.0,0.0,1.95
1197,1.222,0.0,0.0,0.0,0.0,1.95
1198,1.222,0.0,0.0,0.0,0.0,1.95
1199,1.2225,0.5,0.1,0.0,0.0015,1.95
1200,1.2225,0.5,0.1,0.0,0.0015,1.95
1201,1.2225,0.5,0.1,0.0,0.0015,1.95
1202,1.2225,0.5,0.1,0.0,0.0015,1.95
1203,1.222,0.0,0.0,0.0,0.0,1.95
1204,1.222,0.0,0.0,0.0,0.0,1.95
1205,1.2225,0.5,0.1,0.0,0.0015,1.95
1206,1.222,0.0,0.0,0.0,0.0,1.95
1207,1.222,0.0,0.0,0.0,0.0,1.95
1208,1.2225,0.5,0.1,0.0,0.0015,1.95
1209,1.2225,0.5,0.1,0.0,0.0015,1.95
1210,1.2225,0.5,0.1,0.0,0.0015,1.95
1211,1.2225,0.5,0.1,0.0,0.0015,1.95
1212,1.222,0.0,0.0,0.0,0.0,1.95
1213,1.222,0.0,0.0,0.0,0.0,1.95
1214,1.222,0.0,0.0,0.0,0.0,1.95
1215,1.222,0.0,0.0,0.0,0.0,1.95
1216,1.222,0.0,0.0,0.0,0.0,1.95
1217,1.2225,0.5,0.1,0.0,0.0015,1.95
1218,1.2225,0.5,0.1,0.0,0.0015,1.95
1219,1.2225,0.5,0.1,0.0,0.0015,1.95
1220,1.2225,0.5,0.1,0.0,0.0015,1.95
1221,1.222,0.0,0.0,0.0,0.0,1.95
1222,1.222,0.0,0.0,0.0,0.0,1.95
1223,1.2225,0.5,0.1,0.0,0.0015,1.95
1224,1.2225,0.5,0.1,0.0,0.0015,1.95
1225,1.2225,0.5,0.1,0.0,0.0015,1.95
1226,1.2225,0.5,0.1,0.0,0.0015,1.95
1227,1.222,0.0,0.0,0.0,0.0,1.95
1228,1.2225,0.5,0.1,0.0,0.0015,1.95
1229,1.222,0.0,0.0,0.0,0.0,1.95
1230,1.2225,0.5,0.1,0.0,0.0015,1.95
1231,1.2225,0.5,0.1,0.0,0.0015,1.95
1232,1.222,0.0,0.0,0.0,0.0,1.95
1233,1.2225,0.5,0.1,0.0,0.0015,1.95
1234,1.2225,0.5,0.1,0.0,0.0015,1.95
1235,1.2225,0.5,0.1,0.0,0.0015,1.95
1236,1.2225,0.5,0.1,0.0,0.0015,1.95
1237,1.2225,0.5,0.1,0.0,0.0015,1.95
1238,1.2225,0.5,0.1,0.0,0.0015,1.95
1239,1.222,0.0,0.0,0.0,0.0,1.95
1240,1.2225,0.5,0.1,0.0,0.0015,1.95
1241,1.2225,0.5,0.1,0.0,0.0015,1.95
1242,1.2225,0.5,0.1,0.0,0.0015,1.95
1243,1.222,0.0,0.0,0.0,0.0,1.95
1244,1.222,0.0,0.0,0.0,0.0,1.95
1245,1.2225,0.5,0.1,0.0,0.0015,1.95
1246,1.222,0.0,0.0,0.0,0.0,1.95
1247,1.222,0.0,0.0,0.0,0.0,1.95
1248,1.2225,0.5,0.1,0.0,0.0015,1.95
1249,1.2225,0.5,0.1,0.0,0.0015,1.95
1250,1.2225,0.5,0.1,0.0,0.0015,1.95
1251,1.2225,0.5,0.1,0.0,0.0015,1.95
1252,1.2225,0.5,0.1,0.0,0.0015,1.95
1253,1.2225,0.5,0.1,0.0,0.0015,1.95
1254,1.2225,0.5,0.1,0.0,0.0015,1.95
1255,1.2225,0.5,0.1,0.0,0.0015,1.95
1256,1.2225,0.5,0.1,0.0,0.0015,1.95
1257,1.222,0.0,0.0,0.0,0.0,1.95
1258,1.222,0.0,0.0,0.0,0.0,1.95
1259,1.2225,0.5,0.1,0.0,0.0015,1.95
1260,1.2225,0.5,0.1,0.0,0.0015,1.95
1261,1.2225,0.5,0.1,0.0,0.0015,1.95
1262,1.2225,0.5,0.1,0.0,0.0015,1.95
1263,1.2225,0.5,0.1,0.0,0.0015,1.95
1264,1.2225,0.5,0.1,0.0,0.0015,1.95
1265,1.2225,0.5,0.1,0.0,0.0015,1.95
1266,1.2225,0.5,0.1,0.0,0.0015,1.95
1267,1.2225,0.5,0.1,0.0,0.0015,1.95
1268,1.2225,0.5,0.1,0.0,0.0015,1.95
1269,1.222,0.0,0.0,0.0,0.0,1.95
1270,1.222,0.0,0.0,0.0,0.0,1.95
1271,1.222,0.0,0.0,0.0,0.0,1.95
1272,1.2225,0.5,0.1,0.0,0.0015,1.95
1273,1.222,0.0,0.0,0.0,0.0,1.95
1274,1.2225,0.5,0.1,0.0,0.0015,1.95
1275,1.2225,0.5,0.1,0.0,0.0015,1.95
1276,1.222,0.0,0.0,0.0,0.0,1.95
1277,1.2225,0.5,0.1,0.0,0.0015,1.95
1278,1.222,0.0,0.0,0.0,0.0,1.95
1279,1.2225,0.5,0.1,0.0,0.0015,1.95
1280,1.222,0.0,0.0,0.0,0.0,1.95
1281,1.2225,0.5,0.1,0.0,0.0015,1.95
1282,1.222,0.0,0.0,0.0,0.0,1.95
1283,1.2225,0.5,0.1,0.0,0.0015,1.95
1284,1.222,0.0,0.0,0.0,0.0,1.95
1285,1.222,0.0,0.0,0.0,0.0,1.95
1286,1.222,0.0,0.0,0.0,0.0,1.95
1287,1.222,0.0,0.0,0.0,0.0,1.95
1288,1.2225,0.5,0.1,0.0,0.0015,1.95
1289,1.2225,0.5,0.1,0.0,0.0015,1.95
1290,1.2225,0.5,0.1,0.0,0.0015,1.95
1291,1.222,0.0,0.0,0.0,0.0,1.95
1292,1.2225,0.5,0.1,0.0,0.0015,1.95
1293,1.2225,0.5,0.1,0.0,0.0015,1.95
1294,1.222,0.0,0.0,0.0,0.0,1.95
1295,1.2225,0.5,0.1,0.0,0.0015,1.95
1296,1.2225,0.5,0.1,0.0,0.0015,1.95
1297,1.222,0.0,0.0,0.0,0.0,1.95
1298,1.2225,0.5,0.1,0.0,0.0015,1.95
1299,1.2225,0.5,0.1,0.0,0.0015,1.95
1300,1.2225,0.5,0.1,0.0,0.0015,1.95
1301,1.222,0.0,0.0,0.0,0.0,1.95
1302,1.2225,0.5,0.1,0.0,0.0015,1.95
1303,1.2225,0.5,0.1,0.0,0.0015,1.95
1304,1.2225,0.5,0.1,0.0,0.0015,1.95
1305,1.222,0.0,0.0,0.0,0.0,1.95
1306,1.2225,0.5,0.1,0.0,0.0015,1.95
1307,1.2225,0.5,0.1,0.0,0.0015,1.95
1308,1.2225,0.5,0.1,0.0,0.0015,1.95
1309,1.222,0.0,0.0,0.0,0.0,1.95
1310,1.222,0.0,0.0,0.0,0.0,1.95
1311,1.222,0.0,0.0,0.0,0.0,1.95
1312,1.222,0.0,0.0,0.0,0.0,1.95
1313,1.2225,0.5,0.1,0.0,0.0015,1.95
1314,1.222,0.0,0.0,0.0,0.0,1.95
1315,1.222,0.0,0.0,0.0,0.0,1.95
1316,1.2225,0.5,0.1,0.0,0.0015,1.95
1317,1.222,0.0,0.0,0.0,0.0,1.95
1318,1.222,0.0,0.0,0.0,0.0,1.95
1319,1.2225,0.5,0.1,0.0,0.0015,1.95
1320,1.222,0.0,0.0,0.0,0.0,1.95
1321,1.2225,0.5,0.1,0.0,0.0015,1.95
1322,1.222,0.0,0.0,0.0,0.0,1.95
1323,1.222,0.0,0.0,0.0,0.0,1.95
1324,1.222,0.0,0.0,0.0,0.0,1.95
1325,1.2225,0.5,0.1,0.0,0.0015,1.95
1326,1.222,0.0,0.0,0.0,0.0,1.95
1327,1.2225,0.5,0.1,0.0,0.0015,1.95
1328,1.2225,0.5,0.1,0.0,0.0015,1.95
1329,1.222,0.0,0.0,0.0,0.0,1.95
1330,1.2225,0.5,0.1,0.0,0.0015,1.95
1331,1.2225,0.5,0.1,0.0,0.0015,1.95
1332,1.222,0.0,0.0,0.0,0.0,1.95
1333,1.2225,0.5,0.1,0.0,0.0015,1.95
1334,1.2225,0.5,0.1,0.0,0.0015,1.95
1335,1.222,0.0,0.0,0.0,0.0,1.95
1336,1.222,0.0,0.0,0.0,0.0,1.95
1337,1.2225,0.5,0.1,0.0,0.0015,1.95
1338,1.222,0.0,0.0,0.0,0.0,1.95
1339,1.222,0.0,0.0,0.0,0.0,1.95
1340,1.2225,0.5,0.1,0.0,0.0015,1.95
1341,1.2225,0.5,0.1,0.0,0.0015,1.95
1342,1.2225,0.5,0.1,0.0,0.0015,1.95
1343,1.2225,0.5,0.1,0.0,0.0015,1.95
1344,1.222,0.0,0.0,0.0,0.0,1.95
1345,1.222,0.0,0.0,0.0,0.0,1.95
1346,1.2225,0.5,0.1,0.0,0.0015,1.95
1347,1.2225,0.5,0.1,0.0,0.0015,1.95
1348,1.222,0.0,0.0,0.0,0.0,1.95
1349,1.2225,0.5,0.1,0.0,0.0015,1.95
1350,1.2225,0.5,0.1,0.0,0.0015,1.95
1351,1.2225,0.5,0.1,0.0,0.0015,1.95
1352,1.222,0.0,0.0,0.0,0.0,1.95
1353,1.222,0.0,0.0,0.0,0.0,1.95
1354,1.2225,0.5,0.1,0.0,0.0015,1.95
1355,1.222,0.0,0.0,0.0,0.0,1.95
1356,1.2225,0.5,0.1,0.0,0.0015,1.95
1357,1.222,0.0,0.0,0.0,0.0,1.95
1358,1.2225,0.5,0.1,0.0,0.0015,1.95
1359,1.2225,0.5,0.1,0.0,0.0015,1.95
1360,1.222,0.0,0.0,0.0,0.0,1.95
1361,1.222,0.0,0.0,0.0,0.0,1.95
1362,1.222,0.0,0.0,0.0,0.0,1.95
1363,1.222,0.0,0.0,0.0,0.0,1.95
1364,1.2225,0.5,0.1,0.0,0.0015,1.95
1365,1.2225,0.5,0.1,0.0,0.0015,1.95
1366,1.2225,0.5,0.1,0.0,0.0015,1.95
1367,1.2225,0.5,0.1,0.0,0.0015,1.95
1368,1.2225,0.5,0.1,0.0,0.0015,1.95
1369,1.222,0.0,0.0,0.0,0.0,1.95
1370,1.2225,0.5,0.1,0.0,0.0015,1.95
1371,1.222,0.0,0.0,0.0,0.0,1.95
1372,1.2225,0.5,0.1,0.0,0.0015,1.95
1373,1.2225,0.5,0.1,0.0,0.0015,1.95
1374,1.2225,0.5,0.1,0.0,0.0015,1.95
1375,1.222,0.0,0.0,0.0,0.0,1.95
1376,1.2225,0.5,0.1,0.0,0.0015,1.95
1377,1.222,0.0,0.0,0.0,0.0,1.95
1378,1.222,0.0,0.0,0.0,0.0,1.95
1379,1.2225,0.5,0.1,0.0,0.0015,1.95
1380,1.2225,0.5,0.1,0.0,0.0015,1.95
1381,1.2225,0.5,0.1,0.0,0.0015,1.95
1382,1.222,0.0,0.0,0.0,0.0,1.95
1383,1.2225,0.5,0.1,0.0,0.0015,1.95
1384,1.2225,0.5,0.1,0.0,0.0015,1.95
1385,1.2225,0.5,0.1,0.0,0.0015,1.95
1386,1.2225,0.5,0.1,0.0,0.0015,1.95
1387,1.222,0.0,0.0,0.0,0.0,1.95
1388,1.222,0.0,0.0,0.0,0.0,1.95
1389,1.2225,0.5,0.1,0.0,0.0015,1.95
1390,1.2225,0.5,0.1,0.0,0.0015,1.95
1391,1.222,0.0,0.0,0.0,0.0,1.95
1392,1.222,0.0,0.0,0.0,0.0,1.95
1393,1.222,0.0,0.0,0.0,0.0,1.95
1394,1.2225,0.5,0.1,0.0,0.0015,1.95
1395,1.222,0.0,0.0,0.0,0.0,1.95
1396,1.2225,0.5,0.1,0.0,0.0015,1.95
1397,1.2225,0.5,0.1,0.0,0.0015,1.95
1398,1.2225,0.5,0.1,0.0,0.0015,1.95
1399,1.222,0.0,0.0,0.0,0.0,1.95
1400,1.2225,0.5,0.1,0.0,0.0015,1.95
1401,1.2225,0.5,0.1,0.0,0.0015,1.95
1402,1.222,0.0,0.0,0.0,0.0,1.95
1403,1.2225,0.5,0.1,0.0,0.0015,1.95
1404,1.2225,0.5,0.1,0.0,0.0015,1.95
1405,1.2225,0.5,0.1,0.0,0.0015,1.95
1406,1.222,0.0,0.0,0.0,0.0,1.95
1407,1.222,0.0,0.0,0.0,0.0,1.95
1408,1.222,0.0,0.0,0.0,0.0,1.95
1409,1.2225,0.5,0.1,0.0,0.0015,1.95
1410,1.2225,0.5,0.1,0.0,0.0015,1.95
1411,1.2225,0.5,0.1,0.0,0.0015,1.95
1412,1.222,0.0,0.0,0.0,0.0,1.95
1413,1.2225,0.5,0.1,0.0,0.0015,1.95
1414,1.222,0.0,0.0,0.0,0.0,1.95
1415,1.2225,0.5,0.1,0.0,0.0015,1.95
1416,1.2225,0.5,0.1,0.0,0.0015,1.95
1417,1.2225,0.5,0.1,0.0,0.0015,1.95
1418,1.222,0.0,0.0,0.0,0.0,1.95
1419,1.2225,0.5,0.1,0.0,0.0015,1.95
1420,1.222,0.0,0.0,0.0,0.0,1.95
1421,1.222,0.0,0.0,0.0,0.0,1.95
1422,1.222,0.0,0.0,0.0,0.0,1.95
1423,1.2225,0.5,0.1,0.0,0.0015,1.95
1424,1.2225,0.5,0.1,0.0,0.0015,1.95
1425,1.2225,0.5,0.1,0.0,0.0015,1.95
1426,1.2225,0.5,0.1,0.0,0.0015,1.95
1427,1.222,0.0,0.0,0.0,0.0,1.95
1428,1.222,0.0,0.0,0.0,0.0,1.95
1429,1.2225,0.5,0.1,0.0,0.0015,1.95
1430,1.2225,0.5,0.1,0.0,0.0015,1.95
1431,1.2225,0.5,0.1,0.0,0.0015,1.95
1432,1.222,0.0,0.0,0.0,0.0,1.95
1433,1.222,0.0,0.0,0.0,0.0,1.95
1434,1.2225,0.5,0.1,0.0,0.0015,1.95
1435,1.222,0.0,0.0,0.0,0.0,1.95
1436,1.222,0.0,0.0,0.0,0.0,1.95
1437,1.2225,0.5,0.1,0.0,0.0015,1.95
1438,1.222,0.0,0.0,0.0,0.0,1.95
1439,1.2225,0.5,0.1,0.0,0.0015,1.95
1440,1.222,0.0,0.0,0.0,0.0,1.95
1441,1.2225,0.5,0.1,0.0,0.0015,1.95
1442,1.222,0.0,0.0,0.0,0.0,1.95
1443,1.2225,0.5,0.1,0.0,0.0015,1.95
1444,1.2225,0.5,0.1,0.0,0.0015,1.95
1445,1.2225,0.5,0.1,0.0,0.0015,1.95
1446,1.2225,0.5,0.1,0.0,0.0015,1.95
1447,1.222,0.0,0.0,0.0,0.0,1.95
1448,1.222,0.0,0.0,0.0,0.0,1.95
1449,1.222,0.0,0.0,0.0,0.0,1.95
1450,1.222,0.0,0.0,0.0,0.0,1.95
1451,1.222,0.0,0.0,0.0,0.0,1.95
1452,1.2225,0.5,0.1,0.0,0.0015,1.95
1453,1.222,0.0,0.0,0.0,0.0,1.95
1454,1.222,0.0,0.0,0.0,0.0,1.95
1455,1.222,0.0,0.0,0.0,0.0,1.95
1456,1.222,0.0,0.0,0.0,0.0,1.95
1457,1.222,0.0,0.0,0.0,0.0,1.95
1458,1.2225,0.5,0.1,0.0,0.0015,1.95
1459,1.2225,0.5,0.1,0.0,0.0015,1.95
1460,1.2225,0.5,0.1,0.0,0.0015,1.95
1461,1.2225,0.5,0.1,0.0,0.0015,1.95
1462,1.222,0.0,0.0,0.0,0.0,1.95
1463,1.2225,0.5,0.1,0.0,0.0015,1.95
1464,1.222,0.0,0.0,0.0,0.0,1.95
1465,1.222,0.0,0.0,0.0,0.0,1.95
1466,1.2225,0.5,0.1,0.0,0.0015,1.95
1467,1.2225,0.5,0.1,0.0,0.0015,1.95
1468,1.222,0.0,0.0,0.0,0.0,1.95
1469,1.222,0.0,0.0,0.0,0.0,1.95
1470,1.222,0.0,0.0,0.0,0.0,1.95
1471,1.2225,0.5,0.1,0.0,0.0015,1.95
1472,1.222,0.0,0.0,0.0,0.0,1.95
1473,1.2225,0.5,0.1,0.0,0.0015,1.95
1474,1.222,0.0,0.0,0.0,0.0,1.95
1475,1.2225,0.5,0.1,0.0,0.0015,1.95
1476,1.222,0.0,0.0,0.0,0.0,1.95
1477,1.2225,0.5,0.1,0.0,0.0015,1.95
1478,1.222,0.0,0.0,0.0,0.0,1.95
1479,1.2225,0.5,0.1,0.0,0.0015,1.95
1480,1.222,0.0,0.0,0.0,0.0,1.95
1481,1.222,0.0,0.0,0.0,0.0,1.95
1482,1.222,0.0,0.0,0.0,0.0,1.95
1483,1.222,0.0,0.0,0.0,0.0,1.95
1484,1.2225,0.5,0.1,0.0,0.0015,1.95
1485,1.2225,0.5,0.1,0.0,0.0015,1.95
1486,1.2225,0.5,0.1,0.0,0.0015,1.95
1487,1.222,0.0,0.0,0.0,0.0,1.95
1488,1.2225,0.5,0.1,0.0,0.0015,1.95
1489,1.222,0.0,0.0,0.0,0.0,1.95
1490,1.2225,0.5,0.1,0.0,0.0015,1.95
1491,1.2225,0.5,0.1,0.0,0.0015,1.95
1492,1.222,0.0,0.0,0.0,0.0,1.95
1493,1.2225,0.5,0.1,0.0,0.0015,1.95
1494,1.222,0.0,0.0,0.0,0.0,1.95
1495,1.2225,0.5,0.1,0.0,0.0015,1.95
1496,1.222,0.0,0.0,0.0,0.0,1.95
1497,1.2225,0.5,0.1,0.0,0.0015,1.95
1498,1.2225,0.5,0.1,0.0,0.0015,1.95
1499,1.2225,0.5,0.1,0.0,0.0015,1.95
1500,1.2225,0.5,0.1,0.0,0.0015,1.95
1501,1.222,0.0,0.0,0.0,0.0,1.95
1502,1.2225,0.5,0.1,0.0,0.0015,1.95
1503,1.2225,0.5,0.1,0.0,0.0015,1.95
1504,1.2225,0.5,0.1,0.0,0.0015,1.95
1505,1.2225,0.5,0.1,0.0,0.0015,1.95
1506,1.2225,0.5,0.1,0.0,0.0015,1.95
1507,1.2225,0.5,0.1,0.0,0.0015,1.95
1508,1.222,0.0,0.0,0.0,0.0,1.95
1509,1.2225,0.5,0.1,0.0,0.0015,1.95
1510,1.222,0.0,0.0,0.0,0.0,1.95
1511,1.222,0.0,0.0,0.0,0.0,1.95
1512,1.2225,0.5,0.1,0.0,0.0015,1.95
1513,1.222,0.0,0.0,0.0,0.0,1.95
1514,1.222,0.0,0.0,0.0,0.0,1.95
1515,1.2225,0.5,0.1,0.0,0.0015,1.95
1516,1.222,0.0,0.0,0.0,0.0,1.95
1517,1.222,0.0,0.0,0.0,0.0,1.95
1518,1.2225,0.5,0.1,0.0,0.0015,1.95
1519,1.222,0.0,0.0,0.0,0.0,1.95
1520,1.222,0.0,0.0,0.0,0.0,1.95
1521,1.222,0.0,0.0,0.0,0.0,1.95
1522,1.222,0.0,0.0,0.0,0.0,1.95
1523,1.2225,0.5,0.1,0.0,0.0015,1.95
1524,1.2225,0.5,0.1,0.0,0.0015,1.95
1525,1.222,0.0,0.0,0.0,0.0,1.95
1526,1.2225,0.5,0.1,0.0,0.0015,1.95
1527,1.2225,0.5,0.1,0.0,0.0015,1.95
1528,1.2225,0.5,0.1,0.0,0.0015,1.95
1529,1.222,0.0,0.0,0.0,0.0,1.95
1530,1.2225,0.5,0.1,0.0,0.0015,1.95
1531,1.222,0.0,0.0,0.0,0.0,1.95
1532,1.2225,0.5,0.1,0.0,0.0015,1.95
1533,1.2225,0.5,0.1,0.0,0.0015,1.95
1534,1.2225,0.5,0.1,0.0,0.0015,1.95
1535,1.222,0.0,0.0,0.0,0.0,1.95
1536,1.2225,0.5,0.1,0.0,0.0015,1.95
1537,1.2225,0.5,0.1,0.0,0.0015,1.95
1538,1.222,0.0,0.0,0.0,0.0,1.95
1539,1.2225,0.5,0.1,0.0,0.0015,1.95
1540,1.2225,0.5,0.1,0.0,0.0015,1.95
1541,1.222,0.0,0.0,0.0,0.0,1.95
1542,1.222,0.0,0.0,0.0,0.0,1.95
1543,1.222,0.0,0.0,0.0,0.0,1.95
1544,1.222,0.0,0.0,0.0,0.0,1.95
1545,1.2225,0.5,0.1,0.0,0.0015,1.95
1546,1.222,0.0,0.0,0.0,0.0,1.95
1547,1.2225,0.5,0.1,0.0,0.0015,1.95
1548,1.222,0.0,0.0,0.0,0.0,1.95
1549,1.2225,0.5,0.1,0.0,0.0015,1.95
1550,1.2225,0.5,0.1,0.0,0.0015,1.95
1551,1.2225,0.5,0.1,0.0,0.0015,1.95
1552,1.2225,0.5,0.1,0.0,0.0015,1.95
1553,1.2225,0.5,0.1,0.0,0.0015,1.95
1554,1.2225,0.5,0.1,0.0,0.0015,1.95
1555,1.2225,0.5,0.1,0.0,0.0015,1.95
1556,1.222,0.0,0.0,0.0,0.0,1.95
1557,1.2225,0.5,0.1,0.0,0.0015,1.95
1558,1.2225,0.5,0.1,0.0,0.0015,1.95
1559,1.222,0.0,0.0,0.0,0.0,1.95
1560,1.2225,0.5,0.1,0.0,0.0015,1.95
1561,1.2225,0.5,0.1,0.0,0.0015,1.95
1562,1.2225,0.5,0.1,0.0,0.0015,1.95
1563,1.2225,0.5,0.1,0.0,0.0015,1.95
1564,1.2225,0.5,0.1,0.0,0.0015,1.95
1565,1.222,0.0,0.0,0.0,0.0,1.95
1566,1.222,0.0,0.0,0.0,0.0,1.95
1567,1.222,0.0,0.0,0.0,0.0,1.95
1568,1.2225,0.5,0.1,0.0,0.0015,1.95
1569,1.222,0.0,0.0,0.0,0.0,1.95
1570,1.222,0.0,0.0,0.0,0.0,1.95
1571,1.2225,0.5,0.1,0.0,0.0015,1.95
1572,1.222,0.0,0.0,0.0,0.0,1.95
1573,1.2225,0.5,0.1,0.0,0.0015,1.95
1574,1.2225,0.5,0.1,0.0,0.0015,1.95
1575,1.2225,0.5,0.1,0.0,0.0015,1.95
1576,1.2225,0.5,0.1,0.0,0.0015,1.95
1577,1.2225,0.5,0.1,0.0,0.0015,1.95
1578,1.222,0.0,0.0,0.0,0.0,1.95
1579,1.2225,0.5,0.1,0.0,0.0015,1.95
1580,1.2225,0.5,0.1,0.0,0.0015,1.95
1581,1.2225,0.5,0.1,0.0,0.0015,1.95
1582,1.222,0.0,0.0,0.0,0.0,1.95
1583,1.2225,0.5,0.1,0.0,0.0015,1.95
1584,1.2225,0.5,0.1,0.0,0.0015,1.95
1585,1.222,0.0,0.0,0.0,0.0,1.95
1586,1.222,0.0,0.0,0.0,0.0,1.95
1587,1.2225,0.5,0.1,0.0,0.0015,1.95
1588,1.2225,0.5,0.1,0.0,0.0015,1.95
1589,1.222,0.0,0.0,0.0,0.0,1.95
1590,1.2225,0.5,0.1,0.0,0.0015,1.95
1591,1.222,0.0,0.0,0.0,0.0,1.95
1592,1.2225,0.5,0.1,0.0,0.0015,1.95
1593,1.222,0.0,0.0,0.0,0.0,1.95
1594,1.2225,0.5,0.1,0.0,0.0015,1.95
1595,1.2225,0.5,0.1,0.0,0.0015,1.95
1596,1.2225,0.5,0.1,0.0,0.0015,1.95
1597,1.222,0.0,0.0,0.0,0.0,1.95
1598,1.2225,0.5,0.1,0.0,0.0015,1.95
1599,1.2225,0.5,0.1,0.0,0.0015,1.95
1600,1.222,0.0,0.0,0.0,0.0,1.95
1601,1.2225,0.5,0.1,0.0,0.0015,1.95
1602,1.222,0.0,0.0,0.0,0.0,1.95
1603,1.222,0.0,0.0,0.0,0.0,1.95
1604,1.222,0.0,0.0,0.0,0.0,1.95
1605,1.222,0.0,0.0,0.0,0.0,1.95
1606,1.222,0.0,0.0,0.0,0.0,1.95
1607,1.2225,0.5,0.1,0.0,0.0015,1.95
1608,1.2225,0.5,0.1,0.0,0.0015,1.95
1609,1.222,0.0,0.0,0.0,0.0,1.95
1610,1.222,0.0,0.0,0.0,0.0,1.95
1611,1.2225,0.5,0.1,0.0,0.0015,1.95
1612,1.222,0.0,0.0,0.0,0.0,1.95
1613,1.2225,0.5,0.1,0.0,0.0015,1.95
1614,1.2225,0.5,0.1,0.0,0.0015,1.95
1615,1.2225,0.5,0.1,0.0,0.0015,1.95
1616,1.222,0.0,0.0,0.0,0.0,1.95
1617,1.222,0.0,0.0,0.0,0.0,1.95
1618,1.222,0.0,0.0,0.0,0.0,1.95
1619,1.222,0.0,0.0,0.0,0.0,1.95
1620,1.2225,0.5,0.1,0.0,0.0015,1.95
1621,1.222,0.0,0.0,0.0,0.0,1.95
1622,1.222,0.0,0.0,0.0,0.0,1.95
1623,1.2225,0.5,0.1,0.0,0.0015,1.95
1624,1.222,0.0,0.0,0.0,0.0,1.95
1625,1.222,0.0,0.0,0.0,0.0,1.95
1626,1.2225,0.5,0.1,0.0,0.0015,1.95
1627,1.222,0.0,0.0,0.0,0.0,1.95
1628,1.2225,0.5,0.1,0.0,0.0015,1.95
1629,1.2225,0.5,0.1,0.0,0.0015,1.95
1630,1.2225,0.5,0.1,0.0,0.0015,1.95
1631,1.222,0.0,0.0,0.0,0.0,1.95
1632,1.222,0.0,0.0,0.0,0.0,1.95
1633,1.2225,0.5,0.1,0.0,0.0015,1.95
1634,1.222,0.0,0.0,0.0,0.0,1.95
1635,1.222,0.0,0.0,0.0,0.0,1.95
1636,1.222,0.0,0.0,0.0,0.0,1.95
1637,1.2225,0.5,0.1,0.0,0.0015,1.95
1638,1.2225,0.5,0.1,0.0,0.0015,1.95
1639,1.2225,0.5,0.1,0.0,0.0015,1.95
1640,1.222,0.0,0.0,0.0,0.0,1.95
1641,1.2225,0.5,0.1,0.0,0.0015,1.95
1642,1.222,0.0,0.0,0.0,0.0,1.95
1643,1.2225,0.5,0.1,0.0,0.0015,1.95
1644,1.222,0.0,0.0,0.0,0.0,1.95
1645,1.222,0.0,0.0,0.0,0.0,1.95
1646,1.222,0.0,0.0,0.0,0.0,1.95
1647,1.222,0.0,0.0,0.0,0.0,1.95
1648,1.222,0.0,0.0,0.0,0.0,1.95
1649,1.2225,0.5,0.1,0.0,0.0015,1.95
1650,1.2225,0.5,0.1,0.0,0.0015,1.95
1651,1.222,0.0,0.0,0.0,0.0,1.95
1652,1.222,0.0,0.0,0.0,0.0,1.95
1653,1.2225,0.5,0.1,0.0,0.0015,1.95
1654,1.2225,0.5,0.1,0.0,0.0015,1.95
1655,1.2225,0.5,0.1,0.0,0.0015,1.95
1656,1.2225,0.5,0.1,0.0,0.0015,1.95
1657,1.222,0.0,0.0,0.0,0.0,1.95
1658,1.2225,0.5,0.1,0.0,0.0015,1.95
1659,1.2225,0.5,0.1,0.0,0.0015,1.95
1660,1.222,0.0,0.0,0.0,0.0,1.95
1661,1.222,0.0,0.0,0.0,0.0,1.95
1662,1.222,0.0,0.0,0.0,0.0,1.95
1663,1.222,0.0,0.0,0.0,0.0,1.95
1664,1.222,0.0,0.0,0.0,0.0,1.95
1665,1.222,0.0,0.0,0.0,0.0,1.95
1666,1.2225,0.5,0.1,0.0,0.0015,1.95
1667,1.222,0.0,0.0,0.0,0.0,1.95
1668,1.2225,0.5,0.1,0.0,0.0015,1.95
1669,1.222,0.0,0.0,0.0,0.0,1.95
1670,1.2225,0.5,0.1,0.0,0.0015,1.95
1671,1.2225,0.5,0.1,0.0,0.0015,1.95
1672,1.2225,0.5,0.1,0.0,0.0015,1.95
1673,1.222,0.0,0.0,0.0,0.0,1.95
1674,1.222,0.0,0.0,0.0,0.0,1.95
1675,1.2225,0.5,0.1,0.0,0.0015,1.95
1676,1.222,0.0,0.0,0.0,0.0,1.95
1677,1.2225,0.5,0.1,0.0,0.0015,1.95
1678,1.222,0.0,0.0,0.0,0.0,1.95
1679,1.2225,0.5,0.1,0.0,0.0015,1.95
1680,1.2225,0.5,0.1,0.0,0.0015,1.95
1681,1.222,0.0,0.0,0.0,0.0,1.95
1682,1.222,0.0,0.0,0.0,0.0,1.95
1683,1.222,0.0,0.0,0.0,0.0,1.95
1684,1.222,0.0,0.0,0.0,0.0,1.95
1685,1.2225,0.5,0.1,0.0,0.0015,1.95
1686,1.222,0.0,0.0,0.0,0.0,1.95
1687,1.2225,0.5,0.1,0.0,0.0015,1.95
1688,1.222,0.0,0.0,0.0,0.0,1.95
1689,1.2225,0.5,0.1,0.0,0.0015,1.95
1690,1.2225,0.5,0.1,0.0,0.0015,1.95
1691,1.2225,0.5,0.1,0.0,0.0015,1.95
1692,1.222,0.0,0.0,0.0,0.0,1.95
1693,1.2225,0.5,0.1,0.0,0.0015,1.95
1694,1.2225,0.5,0.1,0.0,0.0015,1.95
1695,1.222,0.0,0.0,0.0,0.0,1.95
1696,1.222,0.0,0.0,0.0,0.0,1.95
1697,1.222,0.0,0.0,0.0,0.0,1.95
1698,1.222,0.0,0.0,0.0,0.0,1.95
1699,1.222,0.0,0.0,0.0,0.0,1.95
1700,1.222,0.0,0.0,0.0,0.0,1.95
1701,1.2225,0.5,0.1,0.0,0.0015,1.95
1702,1.222,0.0,0.0,0.0,0.0,1.95
1703,1.2225,0.5,0.1,0.0,0.0015,1.95
1704,1.222,0.0,0.0,0.0,0.0,1.95
1705,1.2225,0.5,0.1,0.0,0.0015,1.95
1706,1.2225,0.5,0.1,0.0,0.0015,1.95
1707,1.2225,0.5,0.1,0.0,0.0015,1.95
1708,1.2225,0.5,0.1,0.0,0.0015,1.95
1709,1.2225,0.5,0.1,0.0,0.0015,1.95
1710,1.2225,0.5,0.1,0.0,0.0015,1.95
1711,1.222,0.0,0.0,0.0,0.0,1.95
1712,1.2225,0.5,0.1,0.0,0.0015,1.95
1713,1.2225,0.5,0.1,0.0,0.0015,1.95
1714,1.222,0.0,0.0,0.0,0.0,1.95
1715,1.222,0.0,0.0,0.0,0.0,1.95
1716,1.222,0.0,0.0,0.0,0.0,1.95
1717,1.2225,0.5,0.1,0.0,0.0015,1.95
1718,1.222,0.0,0.0,0.0,0.0,1.95
1719,1.222,0.0,0.0,0.0,0.0,1.95
1720,1.222,0.0,0.0,0.0,0.0,1.95
1721,1.222,0.0,0.0,0.0,0.0,1.95
1722,1.2225,0.5,0.1,0.0,0.0015,1.95
1723,1.222,0.0,0.0,0.0,0.0,1.95
1724,1.222,0.0,0.0,0.0,0.0,1.95
1725,1.2225,0.5,0.1,0.0,0.0015,1.95
1726,1.222,0.0,0.0,0.0,0.0,1.95
1727,1.2225,0.5,0.1,0.0,0.0015,1.95
1728,1.2225,0.5,0.1,0.0,0.0015,1.95
1729,1.2225,0.5,0.1,0.0,0.0015,1.95
1730,1.2225,0.5,0.1,0.0,0.0015,1.95
1731,1.222,0.0,0.0,0.0,0.0,1.95
1732,1.2225,0.5,0.1,0.0,0.0015,1.95
1733,1.222,0.0,0.0,0.0,0.0,1.95
1734,1.2225,0.5,0.1,0.0,0.0015,1.95
1735,1.2225,0.5,0.1,0.0,0.0015,1.95
1736,1.222,0.0,0.0,0.0,0.0,1.95
1737,1.222,0.0,0.0,0.0,0.0,1.95
1738,1.2225,0.5,0.1,0.0,0.0015,1.95
1739,1.222,0.0,0.0,0.0,0.0,1.95
1740,1.2225,0.5,0.1,0.0,0.0015,1.95
1741,1.2225,0.5,0.1,0.0,0.0015,1.95
1742,1.222,0.0,0.0,0.0,0.0,1.95
1743,1.2225,0.5,0.1,0.0,0.0015,1.95
1744,1.222,0.0,0.0,0.0,0.0,1.95
1745,1.222,0.0,0.0,0.0,0.0,1.95
1746,1.2225,0.5,0.1,0.0,0.0015,1.95
1747,1.222,0.0,0.0,0.0,0.0,1.95
1748,1.222,0.0,0.0,0.0,0.0,1.95
1749,1.222,0.0,0.0,0.0,0.0,1.95
1750,1.222,0.0,0.0,0.0,0.0,1.95
1751,1.2225,0.5,0.1,0.0,0.0015,1.95
1752,1.222,0.0,0.0,0.0,0.0,1.95
1753,1.2225,0.5,0.1,0.0,0.0015,1.95
1754,1.2225,0.5,0.1,0.0,0.0015,1.95
1755,1.222,0.0,0.0,0.0,0.0,1.95
1756,1.222,0.0,0.0,0.0,0.0,1.95
1757,1.222,0.0,0.0,0.0,0.0,1.95
1758,1.222,0.0,0.0,0.0,0.0,1.95
1759,1.2225,0.5,0.1,0.0,0.0015,1.95
1760,1.2225,0.5,0.1,0.0,0.0015,1.95
1761,1.222,0.0,0.0,0.0,0.0,1.95
1762,1.222,0.0,0.0,0.0,0.0,1.95
1763,1.2225,0.5,0.1,0.0,0.0015,1.95
1764,1.2225,0.5,0.1,0.0,0.0015,1.95
1765,1.2225,0.5,0.1,0.0,0.0015,1.95
1766,1.2225,0.5,0.1,0.0,0.0015,1.95
1767,1.2225,0.5,0.1,0.0,0.0015,1.95
1768,1.222,0.0,0.0,0.0,0.0,1.95
1769,1.222,0.0,0.0,0.0,0.0,1.95
1770,1.2225,0.5,0.1,0.0,0.0015,1.95
1771,1.2225,0.5,0.1,0.0,0.0015,1.95
1772,1.2225,0.5,0.1,0.0,0.0015,1.95
1773,1.2225,0.5,0.1,0.0,0.0015,1.95
1774,1.222,0.0,0.0,0.0,0.0,1.95
1775,1.2225,0.5,0.1,0.0,0.0015,1.95
1776,1.222,0.0,0.0,0.0,0.0,1.95
1777,1.222,0.0,0.0,0.0,0.0,1.95
1778,1.2225,0.5,0.1,0.0,0.0015,1.95
1779,1.222,0.0,0.0,0.0,0.0,1.95
1780,1.222,0.0,0.0,0.0,0.0,1.95
1781,1.222,0.0,0.0,0.0,0.0,1.95
1782,1.222,0.0,0.0,0.0,0.0,1.95
1783,1.222,0.0,0.0,0.0,0.0,1.95
1784,1.2225,0.5,0.1,0.0,0.0015,1.95
1785,1.222,0.0,0.0,0.0,0.0,1.95
1786,1.2225,0.5,0.1,0.0,0.0015,1.95
1787,1.2225,0.5,0.1,0.0,0.0015,1.95
1788,1.2225,0.5,0.1,0.0,0.0015,1.95
1789,1.222,0.0,0.0,0.0,0.0,1.95
1790,1.2225,0.5,0.1,0.0,0.0015,1.95
1791,1.222,0.0,0.0,0.0,0.0,1.95
1792,1.222,0.0,0.0,0.0,0.0,1.95
1793,1.222,0.0,0.0,0.0,0.0,1.95
1794,1.222,0.0,0.0,0.0,0.0,1.95
1795,1.2225,0.5,0.1,0.0,0.0015,1.95
1796,1.2225,0.5,0.1,0.0,0.0015,1.95
1797,1.222,0.0,0.0,0.0,0.0,1.95
1798,1.222,0.0,0.0,0.0,0.0,1.95
1799,1.222,0.0,0.0,0.0,0.0,1.95
1800,1.2225,0.5,0.1,0.0,0.0015,1.95
1801,1.2225,0.5,0.1,0.0,0.0015,1.95
1802,1.222,0.0,0.0,0.0,0.0,1.95
1803,1.2225,0.5,0.1,0.0,0.0015,1.95
1804,1.2225,0.5,0.1,0.0,0.0015,1.95
1805,1.222,0.0,0.0,0.0,0.0,1.95
1806,1.2225,0.5,0.1,0.0,0.0015,1.95
1807,1.2225,0.5,0.1,0.0,0.0015,1.95
1808,1.222,0.0,0.0,0.0,0.0,1.95
1809,1.222,0.0,0.0,0.0,0.0,1.95
1810,1.2225,0.5,0.1,0.0,0.0015,1.95
1811,1.2225,0.5,0.1,0.0,0.0015,1.95
1812,1.222,0.0,0.0,0.0,0.0,1.95
1813,1.222,0.0,0.0,0.0,0.0,1.95
1814,1.222,0.0,0.0,0.0,0.0,1.95
1815,1.222,0.0,0.0,0.0,0.0,1.95
1816,1.222,0.0,0.0,0.0,0.0,1.95
1817,1.2225,0.5,0.1,0.0,0.0015,1.95
1818,1.222,0.0,0.0,0.0,0.0,1.95
1819,1.222,0.0,0.0,0.0,0.0,1.95
1820,1.2225,0.5,0.1,0.0,0.0015,1.95
1821,1.2225,0.5,0.1,0.0,0.0015,1.95
1822,1.222,0.0,0.0,0.0,0.0,1.95
1823,1.222,0.0,0.0,0.0,0.0,1.95
1824,1.2225,0.5,0.1,0.0,0.0015,1.95
1825,1.2225,0.5,0.1,0.0,0.0015,1.95
1826,1.222,0.0,0.0,0.0,0.0,1.95
1827,1.222,0.0,0.0,0.0,0.0,1.95
1828,1.2225,0.5,0.1,0.0,0.0015,1.95
1829,1.2225,0.5,0.1,0.0,0.0015,1.95
1830,1.222,0.0,0.0,0.0,0.0,1.95
1831,1.2225,0.5,0.1,0.0,0.0015,1.95
1832,1.2225,0.5,0.1,0.0,0.0015,1.95
1833,1.2225,0.5,0.1,0.0,0.0015,1.95
1834,1.2225,0.5,0.1,0.0,0.0015,1.95
1835,1.222,0.0,0.0,0.0,0.0,1.95
1836,1.222,0.0,0.0,0.0,0.0,1.95
1837,1.2225,0.5,0.1,0.0,0.0015,1.95
1838,1.222,0.0,0.0,0.0,0.0,1.95
1839,1.222,0.0,0.0,0.0,0.0,1.95
1840,1.222,0.0,0.0,0.0,0.0,1.95
1841,1.222,0.0,0.0,0.0,0.0,1.95
1842,1.222,0.0,0.0,0.0,0.0,1.95
1843,1.2225,0.5,0.1,0.0,0.0015,1.95
1844,1.2225,0.5,0.1,0.0,0.0015,1.95
1845,1.222,0.0,0.0,0.0,0.0,1.95
1846,1.222,0.0,0.0,0.0,0.0,1.95
1847,1.2225,0.5,0.1,0.0,0.0015,1.95
1848,1.2225,0.5,0.1,0.0,0.0015,1.95
1849,1.222,0.0,0.0,0.0,0.0,1.95
1850,1.222,0.0,0.0,0.0,0.0,1.95
1851,1.222,0.0,0.0,0.0,0.0,1.95
1852,1.2225,0.5,0.1,0.0,0.0015,1.95
1853,1.222,0.0,0.0,0.0,0.0,1.95
1854,1.222,0.0,0.0,0.0,0.0,1.95
1855,1.222,0.0,0.0,0.0,0.0,1.95
1856,1.222,0.0,0.0,0.0,0.0,1.95
1857,1.2225,0.5,0.1,0.0,0.0015,1.95
1858,1.222,0.0,0.0,0.0,0.0,1.95
1859,1.222,0.0,0.0,0.0,0.0,1.95
1860,1.2225,0.5,0.1,0.0,0.0015,1.95
1861,1.222,0.0,0.0,0.0,0.0,1.95
1862,1.2225,0.5,0.1,0.0,0.0015,1.95
1863,1.2225,0.5,0.1,0.0,0.0015,1.95
1864,1.2225,0.5,0.1,0.0,0.0015,1.95
1865,1.222,0.0,0.0,0.0,0.0,1.95
1866,1.222,0.0,0.0,0.0,0.0,1.95
1867,1.222,0.0,0.0,0.0,0.0,1.95
1868,1.2225,0.5,0.1,0.0,0.0015,1.95
1869,1.222,0.0,0.0,0.0,0.0,1.95
1870,1.2225,0.5,0.1,0.0,0.0015,1.95
1871,1.2225,0.5,0.1,0.0,0.0015,1.95
1872,1.222,0.0,0.0,0.0,0.0,1.95
1873,1.2225,0.5,0.1,0.0,0.0015,1.95
1874,1.222,0.0,0.0,0.0,0.0,1.95
1875,1.222,0.0,0.0,0.0,0.0,1.95
1876,1.222,0.0,0.0,0.0,0.0,1.95
1877,1.2225,0.5,0.1,0.0,0.0015,1.95
1878,1.2225,0.5,0.1,0.0,0.0015,1.95
1879,1.2225,0.5,0.1,0.0,0.0015,1.95
1880,1.2225,0.5,0.1,0.0,0.0015,1.95
1881,1.222,0.0,0.0,0.0,0.0,1.95
1882,1.222,0.0,0.0,0.0,0.0,1.95
1883,1.2225,0.5,0.1,0.0,0.0015,1.95
1884,1.222,0.0,0.0,0.0,0.0,1.95
1885,1.2225,0.5,0.1,0.0,0.0015,1.95
1886,1.222,0.0,0.0,0.0,0.0,1.95
1887,1.2225,0.5,0.1,0.0,0.0015,1.95
1888,1.2225,0.5,0.1,0.0,0.0015,1.95
1889,1.2225,0.5,0.1,0.0,0.0015,1.95
1890,1.222,0.0,0.0,0.0,0.0,1.95
1891,1.2225,0.5,0.1,0.0,0.0015,1.95
1892,1.222,0.0,0.0,0.0,0.0,1.95
1893,1.2225,0.5,0.1,0.0,0.0015,1.95
1894,1.222,0.0,0.0,0.0,0.0,1.95
1895,1.2225,0.5,0.1,0.0,0.0015,1.95
1896,1.222,0.0,0.0,0.0,0.0,1.95
1897,1.2225,0.5,0.1,0.0,0.0015,1.95
1898,1.2225,0.5,0.1,0.0,0.0015,1.95
1899,1.2225,0.5,0.1,0.0,0.0015,1.95
1900,1.2225,0.5,0.1,0.0,0.0015,1.95
1901,1.2225,0.5,0.1,0.0,0.0015,1.95
1902,1.222,0.0,0.0,0.0,0.0,1.95
1903,1.2225,0.5,0.1,0.0,0.0015,1.95
1904,1.222,0.0,0.0,0.0,0.0,1.95
1905,1.222,0.0,0.0,0.0,0.0,1.95
1906,1.2225,0.5,0.1,0.0,0.0015,1.95
1907,1.222,0.0,0.0,0.0,0.0,1.95
1908,1.2225,0.5,0.1,0.0,0.0015,1.95
1909,1.222,0.0,0.0,0.0,0.0,1.95
1910,1.2225,0.5,0.1,0.0,0.0015,1.95
1911,1.222,0.0,0.0,0.0,0.0,1.95
1912,1.222,0.0,0.0,0.0,0.0,1.95
1913,1.222,0.0,0.0,0.0,0.0,1.95
1914,1.2225,0.5,0.1,0.0,0.0015,1.95
1915,1.2225,0.5,0.1,0.0,0.0015,1.95
1916,1.222,0.0,0.0,0.0,0.0,1.95
1917,1.2225,0.5,0.1,0.0,0.0015,1.95
1918,1.2225,0.5,0.1,0.0,0.0015,1.95
1919,1.222,0.0,0.0,0.0,0.0,1.95
1920,1.2225,0.5,0.1,0.0,0.0015,1.95
1921,1.222,0.0,0.0,0.0,0.0,1.95
1922,1.222,0.0,0.0,0.0,0.0,1.95
1923,1.222,0.0,0.0,0.0,0.0,1.95
1924,1.2225,0.5,0.1,0.0,0.0015,1.95
1925,1.222,0.0,0.0,0.0,0.0,1.95
1926,1.222,0.0,0.0,0.0,0.0,1.95
1927,1.2225,0.5,0.1,0.0,0.0015,1.95
1928,1.2225,0.5,0.1,0.0,0.0015,1.95
1929,1.222,0.0,0.0,0.0,0.0,1.95
1930,1.222,0.0,0.0,0.0,0.0,1.95
1931,1.222,0.0,0.0,0.0,0.0,1.95
1932,1.222,0.0,0.0,0.0,0.0,1.95
1933,1.222,0.0,0.0,0.0,0.0,1.95
1934,1.222,0.0,0.0,0.0,0.0,1.95
1935,1.2225,0.5,0.1,0.0,0.0015,1.95
1936,1.2225,0.5,0.1,0.0,0.0015,1.95
1937,1.2225,0.5,0.1,0.0,0.0015,1.95
1938,1.222,0.0,0.0,0.0,0.0,1.95
1939,1.2225,0.5,0.1,0.0,0.0015,1.95
1940,1.222,0.0,0.0,0.0,0.0,1.95
1941,1.222,0.0,0.0,0.0,0.0,1.95
1942,1.2225,0.5,0.1,0.0,0.0015,1.95
1943,1.222,0.0,0.0,0.0,0.0,1.95
1944,1.222,0.0,0.0,0.0,0.0,1.95
1945,1.2225,0.5,0.1,0.0,0.0015,1.95
1946,1.222,0.0,0.0,0.0,0.0,1.95
1947,1.222,0.0,0.0,0.0,0.0,1.95
1948,1.2225,0.5,0.1,0.0,0.0015,1.95
1949,1.222,0.0,0.0,0.0,0.0,1.95
1950,1.2225,0.5,0.1,0.0,0.0015,1.95
1951,1.2225,0.5,0.1,0.0,0.0015,1.95
1952,1.2225,0.5,0.1,0.0,0.0015,1.95
1953,1.222,0.0,0.0,0.0,0.0,1.95
1954,1.2225,0.5,0.1,0.0,0.0015,1.95
1955,1.222,0.0,0.0,0.0,0.0,1.95
1956,1.2225,0.5,0.1,0.0,0.0015,1.95
1957,1.222,0.0,0.0,0.0,0.0,1.95
1958,1.2225,0.5,0.1,0.0,0.0015,1.95
1959,1.222,0.0,0.0,0.0,0.0,1.95
1960,1.2225,0.5,0.1,0.0,0.0015,1.95
1961,1.222,0.0,0.0,0.0,0.0,1.95
1962,1.222,0.0,0.0,0.0,0.0,1.95
1963,1.2225,0.5,0.1,0.0,0.0015,1.95
1964,1.2225,0.5,0.1,0.0,0.0015,1.95
1965,1.2225,0.5,0.1,0.0,0.0015,1.95
1966,1.222,0.0,0.0,0.0,0.0,1.95
1967,1.222,0.0,0.0,0.0,0.0,1.95
1968,1.2225,0.5,0.1,0.0,0.0015,1.95
1969,1.2225,0.5,0.1,0.0,0.0015,1.95
1970,1.2225,0.5,0.1,0.0,0.0015,1.95
1971,1.222,0.0,0.0,0.0,0.0,1.95
1972,1.2225,0.5,0.1,0.0,0.0015,1.95
1973,1.222,0.0,0.0,0.0,0.0,1.95
1974,1.222,0.0,0.0,0.0,0.0,1.95
1975,1.2225,0.5,0.1,0.0,0.0015,1.95
1976,1.222,0.0,0.0,0.0,0.0,1.95
1977,1.222,0.0,0.0,0.0,0.0,1.95
1978,1.2225,0.5,0.1,0.0,0.0015,1.95
1979,1.2225,0.5,0.1,0.0,0.0015,1.95
1980,1.222,0.0,0.0,0.0,0.0,1.95
1981,1.222,0.0,0.0,0.0,0.0,1.95
1982,1.222,0.0,0.0,0.0,0.0,1.95
1983,1.222,0.0,0.0,0.0,0.0,1.95
1984,1.222,0.0,0.0,0.0,0.0,1.95
1985,1.222,0.0,0.0,0.0,0.0,1.95
1986,1.2225,0.5,0.1,0.0,0.0015,1.95
1987,1.222,0.0,0.0,0.0,0.0,1.95
1988,1.222,0.0,0.0,0.0,0.0,1.95
1989,1.2225,0.5,0.1,0.0,0.0015,1.95
1990,1.222,0.0,0.0,0.0,0.0,1.95
1991,1.222,0.0,0.0,0.0,0.0,1.95
1992,1.222,0.0,0.0,0.0,0.0,1.95
1993,1.2225,0.5,0.1,0.0,0.0015,1.95
1994,1.222,0.0,0.0,0.0,0.0,1.95
1995,1.2225,0.5,0.1,0.0,0.0015,1.95
1996,1.2225,0.5,0.1,0.0,0.0015,1.95
1997,1.2225,0.5,0.1,0.0,0.0015,1.95
1998,1.2225,0.5,0.1,0.0,0.0015,1.95
1999,1.2225,0.5,0.1,0.0,0.0015,1.95
2000,1.2225,0.5,0.1,0.0,0.0015,1.95
2001,1.2225,0.5,0.1,0.0,0.0015,1.95
2002,1.2225,0.5,0.1,0.0,0.0015,1.95
2003,1.222,0.0,0.0,0.0,0.0,1.95
2004,1.222,0.0,0.0,0.0,0.0,1.95
2005,1.2225,0.5,0.1,0.0,0.0015,1.95
2006,1.222,0.0,0.0,0.0,0.0,1.95
2007,1.222,0.0,0.0,0.0,0.0,1.95
2008,1.222,0.0,0.0,0.0,0.0,1.95
2009,1.222,0.0,0.0,0.0,0.0,1.95
2010,1.2225,0.5,0.1,0.0,0.0015,1.95
2011,1.2225,0.5,0.1,0.0,0.0015,1.95
2012,1.2225,0.5,0.1,0.0,0.0015,1.95
2013,1.2225,0.5,0.1,0.0,0.0015,1.95
2014,1.2225,0.5,0.1,0.0,0.0015,1.95
2015,1.222,0.0,0.0,0.0,0.0,1.95
2016,1.2225,0.5,0.1,0.0,0.0015,1.95
2017,1.222,0.0,0.0,0.0,0.0,1.95
2018,1.2225,0.5,0.1,0.0,0.0015,1.95
2019,1.2225,0.5,0.1,0.0,0.0015,1.95
2020,1.222,0.0,0.0,0.0,0.0,1.95
2021,1.2225,0.5,0.1,0.0,0.0015,1.95
2022,1.222,0.0,0.0,0.0,0.0,1.95
2023,1.2225,0.5,0.1,0.0,0.0015,1.95
2024,1.2225,0.5,0.1,0.0,0.0015,1.95
2025,1.2225,0.5,0.1,0.0,0.0015,1.95
2026,1.222,0.0,0.0,0.0,0.0,1.95
2027,1.2225,0.5,0.1,0.0,0.0015,1.95
2028,1.2225,0.5,0.1,0.0,0.0015,1.95
2029,1.222,0.0,0.0,0.0,0.0,1.95
2030,1.222,0.0,0.0,0.0,0.0,1.95
2031,1.222,0.0,0.0,0.0,0.0,1.95
2032,1.222,0.0,0.0,0.0,0.0,1.95
2033,1.222,0.0,0.0,0.0,0.0,1.95
2034,1.2225,0.5,0.1,0.0,0.0015,1.95
2035,1.222,0.0,0.0,0.0,0.0,1.95
2036,1.222,0.0,0.0,0.0,0.0,1.95
2037,1.222,0.0,0.0,0.0,0.0,1.95
2038,1.222,0.0,0.0,0.0,0.0,1.95
2039,1.2225,0.5,0.1,0.0,0.0015,1.95
2040,1.2225,0.5,0.1,0.0,0.0015,1.95
2041,1.2225,0.5,0.1,0.0,0.0015,1.95
2042,1.2225,0.5,0.1,0.0,0.0015,1.95
2043,1.2225,0.5,0.1,0.0,0.0015,1.95
2044,1.222,0.0,0.0,0.0,0.0,1.95
2045,1.222,0.0,0.0,0.0,0.0,1.95
2046,1.2225,0.5,0.1,0.0,0.0015,1.95
2047,1.222,0.0,0.0,0.0,0.0,1.95
2048,1.2225,0.5,0.1,0.0,0.0015,1.95
2049,1.2225,0.5,0.1,0.0,0.0015,1.95
2050,1.2225,0.5,0.1,0.0,0.0015,1.95
2051,1.2225,0.5,0.1,0.0,0.0015,1.95
2052,1.2225,0.5,0.1,0.0,0.0015,1.95
2053,1.222,0.0,0.0,0.0,0.0,1.95
2054,1.2225,0.5,0.1,0.0,0.0015,1.95
2055,1.2225,0.5,0.1,0.0,0.0015,1.95
2056,1.222,0.0,0.0,0.0,0.0,1.95
2057,1.2225,0.5,0.1,0.0,0.0015,1.95
2058,1.222,0.0,0.0,0.0,0.0,1.95
2059,1.2225,0.5,0.1,0.0,0.0015,1.95
2060,1.2225,0.5,0.1,0.0,0.0015,1.95
2061,1.222,0.0,0.0,0.0,0.0,1.95
2062,1.2225,0.5,0.1,0.0,0.0015,1.95
2063,1.222,0.0,0.0,0.0,0.0,1.95
2064,1.222,0.0,0.0,0.0,0.0,1.95
2065,1.222,0.0,0.0,0.0,0.0,1.95
2066,1.2225,0.5,0.1,0.0,0.0015,1.95
2067,1.2225,0.5,0.1,0.0,0.0015,1.95
2068,1.222,0.0,0.0,0.0,0.0,1.95
2069,1.2225,0.5,0.1,0.0,0.0015,1.95
2070,1.222,0.0,0.0,0.0,0.0,1.95
2071,1.2225,0.5,0.1,0.0,0.0015,1.95
2072,1.222,0.0,0.0,0.0,0.0,1.95
2073,1.222,0.0,0.0,0.0,0.0,1.95
2074,1.222,0.0,0.0,0.0,0.0,1.95
2075,1.222,0.0,0.0,0.0,0.0,1.95
2076,1.222,0.0,0.0,0.0,0.0,1.95
2077,1.222,0.0,0.0,0.0,0.0,1.95
2078,1.2225,0.5,0.1,0.0,0.0015,1.95
2079,1.222,0.0,0.0,0.0,0.0,1.95
2080,1.2225,0.5,0.1,0.0,0.0015,1.95
2081,1.222,0.0,0.0,0.0,0.0,1.95
2082,1.222,0.0,0.0,0.0,0.0,1.95
2083,1.2225,0.5,0.1,0.0,0.0015,1.95
2084,1.2225,0.5,0.1,0.0,0.0015,1.95
2085,1.2225,0.5,0.1,0.0,0.0015,1.95
2086,1.222,0.0,0.0,0.0,0.0,1.95
2087,1.222,0.0,0.0,0.0,0.0,1.95
2088,1.2225,0.5,0.1,0.0,0.0015,1.95
2089,1.2225,0.5,0.1,0.0,0.0015,1.95
2090,1.2225,0.5,0.1,0.0,0.0015,1.95
2091,1.222,0.0,0.0,0.0,0.0,1.95
2092,1.222,0.0,0.0,0.0,0.0,1.95
2093,1.2225,0.5,0.1,0.0,0.0015,1.95
2094,1.222,0.0,0.0,0.0,0.0,1.95
2095,1.2225,0.5,0.1,0.0,0.0015,1.95
2096,1.222,0.0,0.0,0.0,0.0,1.95
2097,1.222,0.0,0.0,0.0,0.0,1.95
2098,1.222,0.0,0.0,0.0,0.0,1.95
2099,1.222,0.0,0.0,0.0,0.0,1.95
2100,1.222,0.0,0.0,0.0,0.0,1.95
2101,1.222,0.0,0.0,0.0,0.0,1.95
2102,1.2225,0.5,0.1,0.0,0.0015,1.95
2103,1.2225,0.5,0.1,0.0,0.0015,1.95
2104,1.2225,0.5,0.1,0.0,0.0015,1.95
2105,1.2225,0.5,0.1,0.0,0.0015,1.95
2106,1.222,0.0,0.0,0.0,0.0,1.95
2107,1.2225,0.5,0.1,0.0,0.0015,1.95
2108,1.222,0.0,0.0,0.0,0.0,1.95
2109,1.222,0.0,0.0,0.0,0.0,1.95
2110,1.2225,0.5,0.1,0.0,0.0015,1.95
2111,1.222,0.0,0.0,0.0,0.0,1.95
2112,1.2225,0.5,0.1,0.0,0.0015,1.95
2113,1.222,0.0,0.0,0.0,0.0,1.95
2114,1.222,0.0,0.0,0.0,0.0,1.95
2115,1.2225,0.5,0.1,0.0,0.0015,1.95
2116,1.2225,0.5,0.1,0.0,0.0015,1.95
2117,1.2225,0.5,0.1,0.0,0.0015,1.95
2118,1.2225,0.5,0.1,0.0,0.0015,1.95
2119,1.222,0.0,0.0,0.0,0.0,1.95
2120,1.222,0.0,0.0,0.0,0.0,1.95
2121,1.2225,0.5,0.1,0.0,0.0015,1.95
2122,1.222,0.0,0.0,0.0,0.0,1.95
2123,1.222,0.0,0.0,0.0,0.0,1.95
2124,1.2225,0.5,0.1,0.0,0.0015,1.95
2125,1.2225,0.5,0.1,0.0,0.0015,1.95
2126,1.222,0.0,0.0,0.0,0.0,1.95
2127,1.2225,0.5,0.1,0.0,0.0015,1.95
2128,1.2225,0.5,0.1,0.0,0.0015,1.95
2129,1.2225,0.5,0.1,0.0,0.0015,1.95
2130,1.2225,0.5,0.1,0.0,0.0015,1.95
2131,1.2225,0.5,0.1,0.0,0.0015,1.95
2132,1.222,0.0,0.0,0.0,0.0,1.95
2133,1.2225,0.5,0.1,0.0,0.0015,1.95
2134,1.2225,0.5,0.1,0.0,0.0015,1.95
2135,1.2225,0.5,0.1,0.0,0.0015,1.95
2136,1.2225,0.5,0.1,0.0,0.0015,1.95
2137,1.222,0.0,0.0,0.0,0.0,1.95
2138,1.2225,0.5,0.1,0.0,0.0015,1.95
2139,1.2225,0.5,0.1,0.0,0.0015,1.95
2140,1.2225,0.5,0.1,0.0,0.0015,1.95
2141,1.222,0.0,0.0,0.0,0.0,1.95
2142,1.222,0.0,0.0,0.0,0.0,1.95
2143,1.2225,0.5,0.1,0.0,0.0015,1.95
2144,1.2225,0.5,0.1,0.0,0.0015,1.95
2145,1.222,0.0,0.0,0.0,0.0,1.95
2146,1.2225,0.5,0.1,0.0,0.0015,1.95
2147,1.222,0.0,0.0,0.0,0.0,1.95
2148,1.2225,0.5,0.1,0.0,0.0015,1.95
2149,1.222,0.0,0.0,0.0,0.0,1.95
2150,1.2225,0.5,0.1,0.0,0.0015,1.95
2151,1.222,0.0,0.0,0.0,0.0,1.95
2152,1.222,0.0,0.0,0.0,0.0,1.95
2153,1.222,0.0,0.0,0.0,0.0,1.95
2154,1.222,0.0,0.0,0.0,0.0,1.95
2155,1.222,0.0,0.0,0.0,0.0,1.95
2156,1.222,0.0,0.0,0.0,0.0,1.95
2157,1.222,0.0,0.0,0.0,0.0,1.95
2158,1.222,0.0,0.0,0.0,0.0,1.95
2159,1.222,0.0,0.0,0.0,0.0,1.95
2160,1.222,0.0,0.0,0.0,0.0,1.95
2161,1.222,0.0,0.0,0.0,0.0,1.95
2162,1.2225,0.5,0.1,0.0,0.0015,1.95
2163,1.222,0.0,0.0,0.0,0.0,1.95
2164,1.222,0.0,0.0,0.0,0.0,1.95
2165,1.222,0.0,0.0,0.0,0.0,1.95
2166,1.222,0.0,0.0,0.0,0.0,1.95
2167,1.2225,0.5,0.1,0.0,0.0015,1.95
2168,1.222,0.0,0.0,0.0,0.0,1.95
2169,1.222,0.0,0.0,0.0,0.0,1.95
2170,1.2225,0.5,0.1,0.0,0.0015,1.95
2171,1.222,0.0,0.0,0.0,0.0,1.95
2172,1.2225,0.5,0.1,0.0,0.0015,1.95
2173,1.222,0.0,0.0,0.0,0.0,1.95
2174,1.222,0.0,0.0,0.0,0.0,1.95
2175,1.222,0.0,0.0,0.0,0.0,1.95
2176,1.222,0.0,0.0,0.0,0.0,1.95
2177,1.2225,0.5,0.1,0.0,0.0015,1.95
2178,1.222,0.0,0.0,0.0,0.0,1.95
2179,1.2225,0.5,0.1,0.0,0.0015,1.95
2180,1.222,0.0,0.0,0.0,0.0,1.95
2181,1.2225,0.5,0.1,0.0,0.0015,1.95
2182,1.222,0.0,0.0,0.0,0.0,1.95
2183,1.222,0.0,0.0,0.0,0.0,1.95
2184,1.222,0.0,0.0,0.0,0.0,1.95
2185,1.2225,0.5,0.1,0.0,0.0015,1.95
2186,1.2225,0.5,0.1,0.0,0.0015,1.95
2187,1.222,0.0,0.0,0.0,0.0,1.95
2188,1.222,0.0,0.0,0.0,0.0,1.95
2189,1.222,0.0,0.0,0.0,0.0,1.95
2190,1.222,0.0,0.0,0.0,0.0,1.95
2191,1.2225,0.5,0.1,0.0,0.0015,1.95
2192,1.222,0.0,0.0,0.0,0.0,1.95
2193,1.2225,0.5,0.1,0.0,0.0015,1.95
2194,1.2225,0.5,0.1,0.0,0.0015,1.95
2195,1.222,0.0,0.0,0.0,0.0,1.95
2196,1.2225,0.5,0.1,0.0,0.0015,1.95
2197,1.2225,0.5,0.1,0.0,0.0015,1.95
2198,1.2225,0.5,0.1,0.0,0.0015,1.95
2199,1.222,0.0,0.0,0.0,0.0,1.95
2200,1.2225,0.5,0.1,0.0,0.0015,1.95
2201,1.2225,0.5,0.1,0.0,0.0015,1.95
2202,1.2225,0.5,0.1,0.0,0.0015,1.95
2203,1.222,0.0,0.0,0.0,0.0,1.95
2204,1.222,0.0,0.0,0.0,0.0,1.95
2205,1.222,0.0,0.0,0.0,0.0,1.95
2206,1.222,0.0,0.0,0.0,0.0,1.95
2207,1.222,0.0,0.0,0.0,0.0,1.95
2208,1.2225,0.5,0.1,0.0,0.0015,1.95
2209,1.2225,0.5,0.1,0.0,0.0015,1.95
2210,1.222,0.0,0.0,0.0,0.0,1.95
2211,1.2225,0.5,0.1,0.0,0.0015,1.95
2212,1.2225,0.5,0.1,0.0,0.0015,1.95
2213,1.222,0.0,0.0,0.0,0.0,1.95
2214,1.2225,0.5,0.1,0.0,0.0015,1.95
2215,1.222,0.0,0.0,0.0,0.0,1.95
2216,1.222,0.0,0.0,0.0,0.0,1.95
2217,1.2225,0.5,0.1,0.0,0.0015,1.95
2218,1.222,0.0,0.0,0.0,0.0,1.95
2219,1.2225,0.5,0.1,0.0,0.0015,1.95
2220,1.2225,0.5,0.1,0.0,0.0015,1.95
2221,1.2225,0.5,0.1,0.0,0.0015,1.95
2222,1.2225,0.5,0.1,0.0,0.0015,1.95
2223,1.222,0.0,0.0,0.0,0.0,1.95
2224,1.222,0.0,0.0,0.0,0.0,1.95
2225,1.222,0.0,0.0,0.0,0.0,1.95
2226,1.222,0.0,0.0,0.0,0.0,1.95
2227,1.222,0.0,0.0,0.0,0.0,1.95
2228,1.2225,0.5,0.1,0.0,0.0015,1.95
2229,1.222,0.0,0.0,0.0,0.0,1.95
2230,1.222,0.0,0.0,0.0,0.0,1.95
2231,1.222,0.0,0.0,0.0,0.0,1.95
2232,1.222,0.0,0.0,0.0,0.0,1.95
2233,1.222,0.0,0.0,0.0,0.0,1.95
2234,1.2225,0.5,0.1,0.0,0.0015,1.95
2235,1.222,0.0,0.0,0.0,0.0,1.95
2236,1.222,0.0,0.0,0.0,0.0,1.95
2237,1.2225,0.5,0.1,0.0,0.0015,1.95
2238,1.222,0.0,0.0,0.0,0.0,1.95
2239,1.222,0.0,0.0,0.0,0.0,1.95
2240,1.222,0.0,0.0,0.0,0.0,1.95
2241,1.2225,0.5,0.1,0.0,0.0015,1.95
2242,1.2225,0.5,0.1,0.0,0.0015,1.95
2243,1.2225,0.5,0.1,0.0,0.0015,1.95
2244,1.222,0.0,0.0,0.0,0.0,1.95
2245,1.2225,0.5,0.1,0.0,0.0015,1.95
2246,1.222,0.0,0.0,0.0,0.0,1.95
2247,1.2225,0.5,0.1,0.0,0.0015,1.95
2248,1.2225,0.5,0.1,0.0,0.0015,1.95
2249,1.222,0.0,0.0,0.0,0.0,1.95
2250,1.222,0.0,0.0,0.0,0.0,1.95
2251,1.222,0.0,0.0,0.0,0.0,1.95
2252,1.222,0.0,0.0,0.0,0.0,1.95
2253,1.2225,0.5,0.1,0.0,0.0015,1.95
2254,1.222,0.0,0.0,0.0,0.0,1.95
2255,1.222,0.0,0.0,0.0,0.0,1.95
2256,1.222,0.0,0.0,0.0,0.0,1.95
2257,1.222,0.0,0.0,0.0,0.0,1.95
2258,1.222,0.0,0.0,0.0,0.0,1.95
2259,1.2225,0.5,0.1,0.0,0.0015,1.95
2260,1.222,0.0,0.0,0.0,0.0,1.95
2261,1.222,0.0,0.0,0.0,0.0,1.95
2262,1.222,0.0,0.0,0.0,0.0,1.95
2263,1.222,0.0,0.0,0.0,0.0,1.95
2264,1.2225,0.5,0.1,0.0,0.0015,1.95
2265,1.222,0.0,0.0,0.0,0.0,1.95
2266,1.2225,0.5,0.1,0.0,0.0015,1.95
2267,1.2225,0.5,0.1,0.0,0.0015,1.95
2268,1.222,0.0,0.0,0.0,0.0,1.95
2269,1.222,0.0,0.0,0.0,0.0,1.95
2270,1.2225,0.5,0.1,0.0,0.0015,1.95
2271,1.222,0.0,0.0,0.0,0.0,1.95
2272,1.2225,0.5,0.1,0.0,0.0015,1.95
2273,1.222,0.0,0.0,0.0,0.0,1.95
2274,1.222,0.0,0.0,0.0,0.0,1.95
2275,1.222,0.0,0.0,0.0,0.0,1.95
2276,1.222,0.0,0.0,0.0,0.0,1.95
2277,1.2225,0.5,0.1,0.0,0.0015,1.95
2278,1.222,0.0,0.0,0.0,0.0,1.95
2279,1.222,0.0,0.0,0.0,0.0,1.95
2280,1.2225,0.5,0.1,0.0,0.0015,1.95
2281,1.222,0.0,0.0,0.0,0.0,1.95
2282,1.222,0.0,0.0,0.0,0.0,1.95
2283,1.222,0.0,0.0,0.0,0.0,1.95
2284,1.2225,0.5,0.1,0.0,0.0015,1.95
2285,1.2225,0.5,0.1,0.0,0.0015,1.95
2286,1.2225,0.5,0.1,0.0,0.0015,1.95
2287,1.2225,0.5,0.1,0.0,0.0015,1.95
2288,1.222,0.0,0.0,0.0,0.0,1.95
2289,1.222,0.0,0.0,0.0,0.0,1.95
2290,1.222,0.0,0.0,0.0,0.0,1.95
2291,1.222,0.0,0.0,0.0,0.0,1.95
2292,1.222,0.0,0.0,0.0,0.0,1.95
2293,1.222,0.0,0.0,0.0,0.0,1.95
2294,1.2225,0.5,0.1,0.0,0.0015,1.95
2295,1.2225,0.5,0.1,0.0,0.0015,1.95
2296,1.2225,0.5,0.1,0.0,0.0015,1.95
2297,1.222,0.0,0.0,0.0,0.0,1.95
2298,1.2225,0.5,0.1,0.0,0.0015,1.95
2299,1.222,0.0,0.0,0.0,0.0,1.95
2300,1.222,0.0,0.0,0.0,0.0,1.95
2301,1.222,0.0,0.0,0.0,0.0,1.95
2302,1.2225,0.5,0.1,0.0,0.0015,1.95
2303,1.2225,0.5,0.1,0.0,0.0015,1.95
2304,1.222,0.0,0.0,0.0,0.0,1.95
2305,1.222,0.0,0.0,0.0,0.0,1.95
2306,1.2225,0.5,0.1,0.0,0.0015,1.95
2307,1.2225,0.5,0.1,0.0,0.0015,1.95
2308,1.222,0.0,0.0,0.0,0.0,1.95
2309,1.2225,0.5,0.1,0.0,0.0015,1.95
2310,1.2225,0.5,0.1,0.0,0.0015,1.95
2311,1.222,0.0,0.0,0.0,0.0,1.95
2312,1.2225,0.5,0.1,0.0,0.0015,1.95
2313,1.222,0.0,0.0,0.0,0.0,1.95
2314,1.2225,0.5,0.1,0.0,0.0015,1.95
2315,1.2225,0.5,0.1,0.0,0.0015,1.95
2316,1.222,0.0,0.0,0.0,0.0,1.95
2317,1.2225,0.5,0.1,0.0,0.0015,1.95
2318,1.222,0.0,0.0,0.0,0.0,1.95
2319,1.222,0.0,0.0,0.0,0.0,1.95
2320,1.222,0.0,0.0,0.0,0.0,1.95
2321,1.222,0.0,0.0,0.0,0.0,1.95
2322,1.222,0.0,0.0,0.0,0.0,1.95
2323,1.222,0.0,0.0,0.0,0.0,1.95
2324,1.222,0.0,0.0,0.0,0.0,1.95
2325,1.222,0.0,0.0,0.0,0.0,1.95
2326,1.2225,0.5,0.1,0.0,0.0015,1.95
2327,1.2225,0.5,0.1,0.0,0.0015,1.95
2328,1.222,0.0,0.0,0.0,0.0,1.95
2329,1.2225,0.5,0.1,0.0,0.0015,1.95
2330,1.222,0.0,0.0,0.0,0.0,1.95
2331,1.222,0.0,0.0,0.0,0.0,1.95
2332,1.222,0.0,0.0,0.0,0.0,1.95
2333,1.222,0.0,0.0,0.0,0.0,1.95
2334,1.222,0.0,0.0,0.0,0.0,1.95
2335,1.222,0.0,0.0,0.0,0.0,1.95
2336,1.222,0.0,0.0,0.0,0.0,1.95
2337,1.222,0.0,0.0,0.0,0.0,1.95
2338,1.222,0.0,0.0,0.0,0.0,1.95
2339,1.2225,0.5,0.1,0.0,0.0015,1.95
2340,1.222,0.0,0.0,0.0,0.0,1.95
2341,1.222,0.0,0.0,0.0,0.0,1.95
2342,1.2225,0.5,0.1,0.0,0.0015,1.95
2343,1.222,0.0,0.0,0.0,0.0,1.95
2344,1.222,0.0,0.0,0.0,0.0,1.95
2345,1.222,0.0,0.0,0.0,0.0,1.95
2346,1.2225,0.5,0.1,0.0,0.0015,1.95
2347,1.222,0.0,0.0,0.0,0.0,1.95
2348,1.2225,0.5,0.1,0.0,0.0015,1.95
2349,1.222,0.0,0.0,0.0,0.0,1.95
2350,1.2225,0.5,0.1,0.0,0.0015,1.95
2351,1.222,0.0,0.0,0.0,0.0,1.95
2352,1.222,0.0,0.0,0.0,0.0,1.95
2353,1.2225,0.5,0.1,0.0,0.0015,1.95
2354,1.2225,0.5,0.1,0.0,0.0015,1.95
2355,1.222,0.0,0.0,0.0,0.0,1.95
2356,1.2225,0.5,0.1,0.0,0.0015,1.95
2357,1.222,0.0,0.0,0.0,0.0,1.95
2358,1.222,0.0,0.0,0.0,0.0,1.95
2359,1.2225,0.5,0.1,0.0,0.0015,1.95
2360,1.2225,0.5,0.1,0.0,0.0015,1.95
2361,1.222,0.0,0.0,0.0,0.0,1.95
2362,1.222,0.0,0.0,0.0,0.0,1.95
2363,1.222,0.0,0.0,0.0,0.0,1.95
2364,1.222,0.0,0.0,0.0,0.0,1.95
2365,1.2225,0.5,0.1,0.0,0.0015,1.95
2366,1.222,0.0,0.0,0.0,0.0,1.95
2367,1.2225,0.5,0.1,0.0,0.0015,1.95
2368,1.2225,0.5,0.1,0.0,0.0015,1.95
2369,1.2225,0.5,0.1,0.0,0.0015,1.95
2370,1.2225,0.5,0.1,0.0,0.0015,1.95
2371,1.2225,0.5,0.1,0.0,0.0015,1.95
2372,1.222,0.0,0.0,0.0,0.0,1.95
2373,1.222,0.0,0.0,0.0,0.0,1.95
2374,1.2225,0.5,0.1,0.0,0.0015,1.95
2375,1.2225,0.5,0.1,0.0,0.0015,1.95
2376,1.2225,0.5,0.1,0.0,0.0015,1.95
2377,1.222,0.0,0.0,0.0,0.0,1.95
2378,1.2225,0.5,0.1,0.0,0.0015,1.95
2379,1.222,0.0,0.0,0.0,0.0,1.95
2380,1.2225,0.5,0.1,0.0,0.0015,1.95
2381,1.222,0.0,0.0,0.0,0.0,1.95
2382,1.2225,0.5,0.1,0.0,0.0015,1.95
2383,1.222,0.0,0.0,0.0,0.0,1.95
2384,1.222,0.0,0.0,0.0,0.0,1.95
2385,1.2225,0.5,0.1,0.0,0.0015,1.95
2386,1.222,0.0,0.0,0.0,0.0,1.95
2387,1.222,0.0,0.0,0.0,0.0,1.95
2388,1.2225,0.5,0.1,0.0,0.0015,1.95
2389,1.222,0.0,0.0,0.0,0.0,1.95
2390,1.2225,0.5,0.1,0.0,0.0015,1.95
2391,1.2225,0.5,0.1,0.0,0.0015,1.95
2392,1.2225,0.5,0.1,0.0,0.0015,1.95
2393,1.222,0.0,0.0,0.0,0.0,1.95
2394,1.222,0.0,0.0,0.0,0.0,1.95
2395,1.2225,0.5,0.1,0.0,0.0015,1.95
2396,1.222,0.0,0.0,0.0,0.0,1.95
2397,1.222,0.0,0.0,0.0,0.0,1.95
2398,1.222,0.0,0.0,0.0,0.0,1.95
2399,1.2225,0.5,0.1,0.0,0.0015,1.95
2400,1.222,0.0,0.0,0.0,0.0,1.95
2401,1.2225,0.5,0.1,0.0,0.0015,1.95
2402,1.2225,0.5,0.1,0.0,0.0015,1.95
2403,1.2225,0.5,0.1,0.0,0.0015,1.95
2404,1.222,0.0,0.0,0.0,0.0,1.95
2405,1.222,0.0,0.0,0.0,0.0,1.95
2406,1.222,0.0,0.0,0.0,0.0,1.95
2407,1.2225,0.5,0.1,0.0,0.0015,1.95
2408,1.222,0.0,0.0,0.0,0.0,1.95
2409,1.222,0.0,0.0,0.0,0.0,1.95
2410,1.2225,0.5,0.1,0.0,0.0015,1.95
2411,1.222,0.0,0.0,0.0,0.0,1.95
2412,1.2225,0.5,0.1,0.0,0.0015,1.95
2413,1.222,0.0,0.0,0.0,0.0,1.95
2414,1.2225,0.5,0.1,0.0,0.0015,1.95
2415,1.222,0.0,0.0,0.0,0.0,1.95
2416,1.2225,0.5,0.1,0.0,0.0015,1.95
2417,1.2225,0.5,0.1,0.0,0.0015,1.95
2418,1.222,0.0,0.0,0.0,0.0,1.95
2419,1.2225,0.5,0.1,0.0,0.0015,1.95
2420,1.222,0.0,0.0,0.0,0.0,1.95
2421,1.222,0.0,0.0,0.0,0.0,1.95
2422,1.2225,0.5,0.1,0.0,0.0015,1.95
2423,1.222,0.0,0.0,0.0,0.0,1.95
2424,1.222,0.0,0.0,0.0,0.0,1.95
2425,1.222,0.0,0.0,0.0,0.0,1.95
2426,1.2225,0.5,0.1,0.0,0.0015,1.95
2427,1.2225,0.5,0.1,0.0,0.0015,1.95
2428,1.2225,0.5,0.1,0.0,0.0015,1.95
2429,1.2225,0.5,0.1,0.0,0.0015,1.95
2430,1.222,0.0,0.0,0.0,0.0,1.95
2431,1.222,0.0,0.0,0.0,0.0,1.95
2432,1.2225,0.5,0.1,0.0,0.0015,1.95
2433,1.222,0.0,0.0,0.0,0.0,1.95
2434,1.2225,0.5,0.1,0.0,0.0015,1.95
2435,1.2225,0.5,0.1,0.0,0.0015,1.95
2436,1.2225,0.5,0.1,0.0,0.0015,1.95
2437,1.222,0.0,0.0,0.0,0.0,1.95
2438,1.222,0.0,0.0,0.0,0.0,1.95
2439,1.222,0.0,0.0,0.0,0.0,1.95
2440,1.2225,0.5,0.1,0.0,0.0015,1.95
2441,1.222,0.0,0.0,0.0,0.0,1.95
2442,1.2225,0.5,0.1,0.0,0.0015,1.95
2443,1.222,0.0,0.0,0.0,0.0,1.95
2444,1.2225,0.5,0.1,0.0,0.0015,1.95
2445,1.2225,0.5,0.1,0.0,0.0015,1.95
2446,1.222,0.0,0.0,0.0,0.0,1.95
2447,1.222,0.0,0.0,0.0,0.0,1.95
2448,1.222,0.0,0.0,0.0,0.0,1.95
2449,1.222,0.0,0.0,0.0,0.0,1.95
2450,1.2225,0.5,0.1,0.0,0.0015,1.95
2451,1.2225,0.5,0.1,0.0,0.0015,1.95
2452,1.2225,0.5,0.1,0.0,0.0015,1.95
2453,1.2225,0.5,0.1,0.0,0.0015,1.95
2454,1.222,0.0,0.0,0.0,0.0,1.95
2455,1.222,0.0,0.0,0.0,0.0,1.95
2456,1.222,0.0,0.0,0.0,0.0,1.95
2457,1.222,0.0,0.0,0.0,0.0,1.95
2458,1.2225,0.5,0.1,0.0,0.0015,1.95
2459,1.2225,0.5,0.1,0.0,0.0015,1.95
2460,1.2225,0.5,0.1,0.0,0.0015,1.95
2461,1.2225,0.5,0.1,0.0,0.0015,1.95
2462,1.2225,0.5,0.1,0.0,0.0015,1.95
2463,1.2225,0.5,0.1,0.0,0.0015,1.95
2464,1.2225,0.5,0.1,0.0,0.0015,1.95
2465,1.2225,0.5,0.1,0.0,0.0015,1.95
2466,1.2225,0.5,0.1,0.0,0.0015,1.95
2467,1.222,0.0,0.0,0.0,0.0,1.95
2468,1.2225,0.5,0.1,0.0,0.0015,1.95
2469,1.222,0.0,0.0,0.0,0.0,1.95
2470,1.2225,0.5,0.1,0.0,0.0015,1.95
2471,1.222,0.0,0.0,0.0,0.0,1.95
2472,1.2225,0.5,0.1,0.0,0.0015,1.95
2473,1.2225,0.5,0.1,0.0,0.0015,1.95
2474,1.222,0.0,0.0,0.0,0.0,1.95
2475,1.222,0.0,0.0,0.0,0.0,1.95
2476,1.222,0.0,0.0,0.0,0.0,1.95
2477,1.222,0.0,0.0,0.0,0.0,1.95
2478,1.2225,0.5,0.1,0.0,0.0015,1.95
2479,1.2225,0.5,0.1,0.0,0.0015,1.95
2480,1.2225,0.5,0.1,0.0,0.0015,1.95
2481,1.2225,0.5,0.1,0.0,0.0015,1.95
2482,1.2225,0.5,0.1,0.0,0.0015,1.95
2483,1.2225,0.5,0.1,0.0,0.0015,1.95
2484,1.222,0.0,0.0,0.0,0.0,1.95
2485,1.2225,0.5,0.1,0.0,0.0015,1.95
2486,1.222,0.0,0.0,0.0,0.0,1.95
2487,1.222,0.0,0.0,0.0,0.0,1.95
2488,1.222,0.0,0.0,0.0,0.0,1.95
2489,1.2225,0.5,0.1,0.0,0.0015,1.95
2490,1.2225,0.5,0.1,0.0,0.0015,1.95
2491,1.2225,0.5,0.1,0.0,0.0015,1.95
2492,1.2225,0.5,0.1,0.0,0.0015,1.95
2493,1.222,0.0,0.0,0.0,0.0,1.95
2494,1.222,0.0,0.0,0.0,0.0,1.95
2495,1.222,0.0,0.0,0.0,0.0,1.95
2496,1.222,0.0,0.0,0.0,0.0,1.95
2497,1.2225,0.5,0.1,0.0,0.0015,1.95
2498,1.222,0.0,0.0,0.0,0.0,1.95
2499,1.222,0.0,0.0,0.0,0.0,1.95
2500,1.2225,0.5,0.1,0.0,0.0015,1.95
1,1.222,0.0,0.0,0.0,0.0,1.95
2,0.022,0.5,0.1,0.02,0.0025,1.95
3,1.222,0.0,0.0,0.0,0.0,1.95
4,0.022,0.5,0.1,0.02,0.0025,1.95
5,1.222,0.0,0.0,0.0,0.0,1.95
6,0.022,0.5,0.1,0.02,0.0025,1.95
7,1.222,0.0,0.0,0.0,0.0,1.95
8,0.022,0.5,0.1,0.02,0.0025,1.95
9,0.022,0.5,0.1,0.02,0.0025,1.95
10,0.022,0.5,0.1,0.02,0.0025,1.95
11,1.222,0.0,0.0,0.0,0.0,1.95
12,1.222,0.0,0.0,0.0,0.0,1.95
13,0.022,0.5,0.1,0.02,0.0025,1.95
14,0.022,0.5,0.1,0.02,0.0025,1.95
15,1.222,0.0,0.0,0.0,0.0,1.95
16,1.222,0.0,0.0,0.0,0.0,1.95
17,1.222,0.0,0.0,0.0,0.0,1.95
18,1.222,0.0,0.0,0.0,0.0,1.95
19,1.222,0.0,0.0,0.0,0.0,1.95
20,0.022,0.5,0.1,0.02,0.0025,1.95
21,1.222,0.0,0.0,0.0,0.0,1.95
22,1.222,0.0,0.0,0.0,0.0,1.95
23,1.222,0.0,0.0,0.0,0.0,1.95
24,0.022,0.5,0.1,0.02,0.0025,1.95
25,1.222,0.0,0.0,0.0,0.0,1.95
26,1.222,0.0,0.0,0.0,0.0,1.95
27,0.022,0.5,0.1,0.02,0.0025,1.95
28,0.022,0.5,0.1,0.02,0.0025,1.95
29,0.022,0.5,0.1,0.02,0.0025,1.95
30,1.222,0.0,0.0,0.0,0.0,1.95
31,0.022,0.5,0.1,0.02,0.0025,1.95
32,0.022,0.5,0.1,0.02,0.0025,1.95
33,0.022,0.5,0.1,0.02,0.0025,1.95
34,0.022,0.5,0.1,0.02,0.0025,1.95
35,0.022,0.5,0.1,0.02,0.0025,1.95
36,1.222,0.0,0.0,0.0,0.0,1.95
37,0.022,0.5,0.1,0.02,0.0025,1.95
38,0.022,0.5,0.1,0.02,0.0025,1.95
39,1.222,0.0,0.0,0.0,0.0,1.95
40,1.222,0.0,0.0,0.0,0.0,1.95
41,0.022,0.5,0.1,0.02,0.0025,1.95
42,0.022,0.5,0.1,0.02,0.0025,1.95
43,0.022,0.5,0.1,0.02,0.0025,1.95
44,0.022,0.5,0.1,0.02,0.0025,1.95
45,1.222,0.0,0.0,0.0,0.0,1.95
46,1.222,0.0,0.0,0.0,0.0,1.95
47,1.222,0.0,0.0,0.0,0.0,1.95
48,0.022,0.5,0.1,0.02,0.0025,1.95
49,1.222,0.0,0.0,0.0,0.0,1.95
50,1.222,0.0,0.0,0.0,0.0,1.95
51,0.022,0.5,0.1,0.02,0.0025,1.95
52,0.022,0.5,0.1,0.02,0.0025,1.95
53,1.222,0.0,0.0,0.0,0.0,1.95
54,1.222,0.0,0.0,0.0,0.0,1.95
55,0.022,0.5,0.1,0.02,0.0025,1.95
56,1.222,0.0,0.0,0.0,0.0,1.95
57,0.022,0.5,0.1,0.02,0.0025,1.95
58,0.022,0.5,0.1,0.02,0.0025,1.95
59,1.222,0.0,0.0,0.0,0.0,1.95
60,1.222,0.0,0.0,0.0,0.0,1.95
61,0.022,0.5,0.1,0.02,0.0025,1.95
62,0.022,0.5,0.1,0.02,0.0025,1.95
63,0.022,0.5,0.1,0.02,0.0025,1.95
64,0.022,0.5,0.1,0.02,0.0025,1.95
65,0.022,0.5,0.1,0.02,0.0025,1.95
66,1.222,0.0,0.0,0.0,0.0,1.95
67,0.022,0.5,0.1,0.02,0.0025,1.95
68,0.022,0.5,0.1,0.02,0.0025,1.95
69,0.022,0.5,0.1,0.02,0.0025,1.95
70,1.222,0.0,0.0,0.0,0.0,1.95
71,0.022,0.5,0.1,0.02,0.0025,1.95
72,0.022,0.5,0.1,0.02,0.0025,1.95
73,0.022,0.5,0.1,0.02,0.0025,1.95
74,1.222,0.0,0.0,0.0,0.0,1.95
75,1.222,0.0,0.0,0.0,0.0,1.95
76,0.022,0.5,0.1,0.02,0.0025,1.95
77,0.022,0.5,0.1,0.02,0.0025,1.95
78,0.022,0.5,0.1,0.02,0.0025,1.95
79,0.022,0.5,0.1,0.02,0.0025,1.95
80,0.022,0.5,0.1,0.02,0.0025,1.95
81,0.022,0.5,0.1,0.02,0.0025,1.95
82,0.022,0.5,0.1,0.02,0.0025,1.95
83,0.022,0.5,0.1,0.02,0.0025,1.95
84,1.222,0.0,0.0,0.0,0.0,1.95
85,0.022,0.5,0.1,0.02,0.0025,1.95
86,1.222,0.0,0.0,0.0,0.0,1.95
87,0.022,0.5,0.1,0.02,0.0025,1.95
88,1.222,0.0,0.0,0.0,0.0,1.95
89,1.222,0.0,0.0,0.0,0.0,1.95
90,1.222,0.0,0.0,0.0,0.0,1.95
91,0.022,0.5,0.1,0.02,0.0025,1.95
92,0.022,0.5,0.1,0.02,0.0025,1.95
93,1.222,0.0,0.0,0.0,0.0,1.95
94,1.222,0.0,0.0,0.0,0.0,1.95
95,1.222,0.0,0.0,0.0,0.0,1.95
96,0.022,0.5,0.1,0.02,0.0025,1.95
97,0.022,0.5,0.1,0.02,0.0025,1.95
98,1.222,0.0,0.0,0.0,0.0,1.95
99,1.222,0.0,0.0,0.0,0.0,1.95
100,0.022,0.5,0.1,0.02,0.0025,1.95
101,1.222,0.0,0.0,0.0,0.0,1.95
102,1.222,0.0,0.0,0.0,0.0,1.95
103,0.022,0.5,0.1,0.02,0.0025,1.95
104,1.222,0.0,0.0,0.0,0.0,1.95
105,0.022,0.5,0.1,0.02,0.0025,1.95
106,0.022,0.5,0.1,0.02,0.0025,1.95
107,0.022,0.5,0.1,0.02,0.0025,1.95
108,1.222,0.0,0.0,0.0,0.0,1.95
109,0.022,0.5,0.1,0.02,0.0025,1.95
110,0.022,0.5,0.1,0.02,0.0025,1.95
111,0.022,0.5,0.1,0.02,0.0025,1.95
112,1.222,0.0,0.0,0.0,0.0,1.95
113,0.022,0.5,0.1,0.02,0.0025,1.95
114,1.222,0.0,0.0,0.0,0.0,1.95
115,0.022,0.5,0.1,0.02,0.0025,1.95
116,1.222,0.0,0.0,0.0,0.0,1.95
117,1.222,0.0,0.0,0.0,0.0,1.95
118,0.022,0.5,0.1,0.02,0.0025,1.95
119,0.022,0.5,0.1,0.02,0.0025,1.95
120,0.022,0.5,0.1,0.02,0.0025,1.95
121,1.222,0.0,0.0,0.0,0.0,1.95
122,1.222,0.0,0.0,0.0,0.0,1.95
123,0.022,0.5,0.1,0.02,0.0025,1.95
124,1.222,0.0,0.0,0.0,0.0,1.95
125,1.222,0.0,0.0,0.0,0.0,1.95
126,1.222,0.0,0.0,0.0,0.0,1.95
127,1.222,0.0,0.0,0.0,0.0,1.95
128,1.222,0.0,0.0,0.0,0.0,1.95
129,0.022,0.5,0.1,0.02,0.0025,1.95
130,1.222,0.0,0.0,0.0,0.0,1.95
131,0.022,0.5,0.1,0.02,0.0025,1.95
132,1.222,0.0,0.0,0.0,0.0,1.95
133,1.2225,0.5,0.1,0.0,0.0015,1.95
134,1.222,0.0,0.0,0.0,0.0,1.95
135,1.2225,0.5,0.1,0.0,0.0015,1.95
136,0.022,0.5,0.1,0.02,0.0025,1.95
137,1.222,0.0,0.0,0.0,0.0,1.95
138,1.2225,0.5,0.1,0.0,0.0015,1.95
139,1.222,0.0,0.0,0.0,0.0,1.95
140,1.2225,0.5,0.1,0.0,0.0015,1.95
141,1.2225,0.5,0.1,0.0,0.0015,1.95
142,1.222,0.0,0.0,0.0,0.0,1.95
143,1.2225,0.5,0.1,0.0,0.0015,1.95
144,1.2225,0.5,0.1,0.0,0.0015,1.95
145,1.222,0.0,0.0,0.0,0.0,1.95
146,1.222,0.0,0.0,0.0,0.0,1.95
147,1.222,0.0,0.0,0.0,0.0,1.95
148,1.2225,0.5,0.1,0.0,0.0015,1.95
149,1.222,0.0,0.0,0.0,0.0,1.95
150,1.2225,0.5,0.1,0.0,0.0015,1.95
151,1.2225,0.5,0.1,0.0,0.0015,1.95
152,1.222,0.0,0.0,0.0,0.0,1.95
153,1.2225,0.5,0.1,0.0,0.0015,1.95
154,1.2225,0.5,0.1,0.0,0.0015,1.95
155,1.222,0.0,0.0,0.0,0.0,1.95
156,1.2225,0.5,0.1,0.0,0.0015,1.95
157,1.222,0.0,0.0,0.0,0.0,1.95
158,1.222,0.0,0.0,0.0,0.0,1.95
159,1.2225,0.5,0.1,0.0,0.0015,1.95
160,1.222,0.0,0.0,0.0,0.0,1.95
161,1.222,0.0,0.0,0.0,0.0,1.95
162,1.222,0.0,0.0,0.0,0.0,1.95
163,1.2225,0.5,0.1,0.0,0.0015,1.95
164,1.222,0.0,0.0,0.0,0.0,1.95
165,1.2225,0.5,0.1,0.0,0.0015,1.95
166,1.222,0.0,0.0,0.0,0.0,1.95
167,1.2225,0.5,0.1,0.0,0.0015,1.95
168,1.2225,0.5,0.1,0.0,0.0015,1.95
169,1.222,0.0,0.0,0.0,0.0,1.95
170,1.2225,0.5,0.1,0.0,0.0015,1.95
171,1.222,0.0,0.0,0.0,0.0,1.95
172,1.2225,0.5,0.1,0.0,0.0015,1.95
173,1.222,0.0,0.0,0.0,0.0,1.95
174,1.222,0.0,0.0,0.0,0.0,1.95
175,1.222,0.0,0.0,0.0,0.0,1.95
176,1.222,0.0,0.0,0.0,0.0,1.95
177,1.2225,0.5,0.1,0.0,0.0015,1.95
178,1.2225,0.5,0.1,0.0,0.0015,1.95
179,1.2225,0.5,0.1,0.0,0.0015,1.95
180,1.2225,0.5,0.1,0.0,0.0015,1.95
181,1.2225,0.5,0.1,0.0,0.0015,1.95
182,1.2225,0.5,0.1,0.0,0.0015,1.95
183,1.2225,0.5,0.1,0.0,0.0015,1.95
184,1.2225,0.5,0.1,0.0,0.0015,1.95
185,1.2225,0.5,0.1,0.0,0.0015,1.95
186,1.222,0.0,0.0,0.0,0.0,1.95
187,1.2225,0.5,0.1,0.0,0.0015,1.95
188,1.2225,0.5,0.1,0.0,0.0015,1.95
189,1.222,0.0,0.0,0.0,0.0,1.95
190,1.2225,0.5,0.1,0.0,0.0015,1.95
191,1.2225,0.5,0.1,0.0,0.0015,1.95
192,1.2225,0.5,0.1,0.0,0.0015,1.95
193,1.2225,0.5,0.1,0.0,0.0015,1.95
194,1.222,0.0,0.0,0.0,0.0,1.95
195,1.222,0.0,0.0,0.0,0.0,1.95
196,1.2225,0.5,0.1,0.0,0.0015,1.95
197,1.222,0.0,0.0,0.0,0.0,1.95
198,1.222,0.0,0.0,0.0,0.0,1.95
199,1.222,0.0,0.0,0.0,0.0,1.95
200,1.2225,0.5,0.1,0.0,0.0015,1.95
201,1.2225,0.5,0.1,0.0,0.0015,1.95
202,1.222,0.0,0.0,0.0,0.0,1.95
203,1.222,0.0,0.0,0.0,0.0,1.95
204,1.222,0.0,0.0,0.0,0.0,1.95
205,1.222,0.0,0.0,0.0,0.0,1.95
206,1.222,0.0,0.0,0.0,0.0,1.95
207,1.222,0.0,0.0,0.0,0.0,1.95
208,1.222,0.0,0.0,0.0,0.0,1.95
209,1.222,0.0,0.0,0.0,0.0,1.95
210,1.222,0.0,0.0,0.0,0.0,1.95
211,1.2225,0.5,0.1,0.0,0.0015,1.95
212,1.2225,0.5,0.1,0.0,0.0015,1.95
213,1.222,0.0,0.0,0.0,0.0,1.95
214,1.222,0.0,0.0,0.0,0.0,1.95
215,1.2225,0.5,0.1,0.0,0.0015,1.95
216,1.2225,0.5,0.1,0.0,0.0015,1.95
217,1.2225,0.5,0.1,0.0,0.0015,1.95
218,1.222,0.0,0.0,0.0,0.0,1.95
219,1.2225,0.5,0.1,0.0,0.0015,1.95
220,1.2225,0.5,0.1,0.0,0.0015,1.95
221,1.2225,0.5,0.1,0.0,0.0015,1.95
222,1.222,0.0,0.0,0.0,0.0,1.95
223,1.222,0.0,0.0,0.0,0.0,1.95
224,1.222,0.0,0.0,0.0,0.0,1.95
225,1.222,0.0,0.0,0.0,0.0,1.95
226,1.2225,0.5,0.1,0.0,0.0015,1.95
227,1.2225,0.5,0.1,0.0,0.0015,1.95
228,1.2225,0.5,0.1,0.0,0.0015,1.95
229,1.222,0.0,0.0,0.0,0.0,1.95
230,1.2225,0.5,0.1,0.0,0.0015,1.95
231,1.222,0.0,0.0,0.0,0.0,1.95
232,1.222,0.0,0.0,0.0,0.0,1.95
233,1.2225,0.5,0.1,0.0,0.0015,1.95
234,1.2225,0.5,0.1,0.0,0.0015,1.95
235,1.222,0.0,0.0,0.0,0.0,1.95
236,1.222,0.0,0.0,0.0,0.0,1.95
237,1.222,0.0,0.0,0.0,0.0,1.95
238,1.222,0.0,0.0,0.0,0.0,1.95
239,1.2225,0.5,0.1,0.0,0.0015,1.95
240,1.222,0.0,0.0,0.0,0.0,1.95
241,1.2225,0.5,0.1,0.0,0.0015,1.95
242,1.2225,0.5,0.1,0.0,0.0015,1.95
243,1.2225,0.5,0.1,0.0,0.0015,1.95
244,1.2225,0.5,0.1,0.0,0.0015,1.95
245,1.2225,0.5,0.1,0.0,0.0015,1.95
246,1.2225,0.5,0.1,0.0,0.0015,1.95
247,1.222,0.0,0.0,0.0,0.0,1.95
248,1.222,0.0,0.0,0.0,0.0,1.95
249,1.222,0.0,0.0,0.0,0.0,1.95
250,1.222,0.0,0.0,0.0,0.0,1.95
251,1.222,0.0,0.0,0.0,0.0,1.95
252,1.222,0.0,0.0,0.0,0.0,1.95
253,1.222,0.0,0.0,0.0,0.0,1.95
254,1.2225,0.5,0.1,0.0,0.0015,1.95
255,1.222,0.0,0.0,0.0,0.0,1.95
256,1.222,0.0,0.0,0.0,0.0,1.95
257,1.2225,0.5,0.1,0.0,0.0015,1.95
258,1.2225,0.5,0.1,0.0,0.0015,1.95
259,1.2225,0.5,0.1,0.0,0.0015,1.95
260,1.222,0.0,0.0,0.0,0.0,1.95
261,1.2225,0.5,0.1,0.0,0.0015,1.95
262,1.222,0.0,0.0,0.0,0.0,1.95
263,1.2225,0.5,0.1,0.0,0.0015,1.95
264,0.022,0.5,0.1,0.02,0.0025,1.95
265,1.222,0.0,0.0,0.0,0.0,1.95
266,1.222,0.0,0.0,0.0,0.0,1.95
267,1.222,0.0,0.0,0.0,0.0,1.95
268,1.2225,0.5,0.1,0.0,0.0015,1.95
269,1.222,0.0,0.0,0.0,0.0,1.95
270,1.2225,0.5,0.1,0.0,0.0015,1.95
271,1.222,0.0,0.0,0.0,0.0,1.95
272,1.222,0.0,0.0,0.0,0.0,1.95
273,1.222,0.0,0.0,0.0,0.0,1.95
274,1.222,0.0,0.0,0.0,0.0,1.95
275,1.2225,0.5,0.1,0.0,0.0015,1.95
276,1.222,0.0,0.0,0.0,0.0,1.95
277,1.222,0.0,0.0,0.0,0.0,1.95
278,1.222,0.0,0.0,0.0,0.0,1.95
279,1.2225,0.5,0.1,0.0,0.0015,1.95
280,1.2225,0.5,0.1,0.0,0.0015,1.95
281,1.2225,0.5,0.1,0.0,0.0015,1.95
282,1.222,0.0,0.0,0.0,0.0,1.95
283,1.222,0.0,0.0,0.0,0.0,1.95
284,1.2225,0.5,0.1,0.0,0.0015,1.95
285,1.222,0.0,0.0,0.0,0.0,1.95
286,1.222,0.0,0.0,0.0,0.0,1.95
287,1.222,0.0,0.0,0.0,0.0,1.95
288,1.222,0.0,0.0,0.0,0.0,1.95
289,1.222,0.0,0.0,0.0,0.0,1.95
290,1.222,0.0,0.0,0.0,0.0,1.95
291,1.2225,0.5,0.1,0.0,0.0015,1.95
292,1.2225,0.5,0.1,0.0,0.0015,1.95
293,1.222,0.0,0.0,0.0,0.0,1.95
294,1.2225,0.5,0.1,0.0,0.0015,1.95
295,1.2225,0.5,0.1,0.0,0.0015,1.95
296,1.2225,0.5,0.1,0.0,0.0015,1.95
297,1.222,0.0,0.0,0.0,0.0,1.95
298,1.222,0.0,0.0,0.0,0.0,1.95
299,1.2225,0.5,0.1,0.0,0.0015,1.95
300,1.2225,0.5,0.1,0.0,0.0015,1.95
301,1.222,0.0,0.0,0.0,0.0,1.95
302,1.2225,0.5,0.1,0.0,0.0015,1.95
303,1.222,0.0,0.0,0.0,0.0,1.95
304,1.222,0.0,0.0,0.0,0.0,1.95
305,1.222,0.0,0.0,0.0,0.0,1.95
306,1.222,0.0,0.0,0.0,0.0,1.95
307,1.2225,0.5,0.1,0.0,0.0015,1.95
308,1.2225,0.5,0.1,0.0,0.0015,1.95
309,1.2225,0.5,0.1,0.0,0.0015,1.95
310,1.222,0.0,0.0,0.0,0.0,1.95
311,1.222,0.0,0.0,0.0,0.0,1.95
312,1.2225,0.5,0.1,0.0,0.0015,1.95
313,1.2225,0.5,0.1,0.0,0.0015,1.95
314,1.222,0.0,0.0,0.0,0.0,1.95
315,1.2225,0.5,0.1,0.0,0.0015,1.95
316,1.2225,0.5,0.1,0.0,0.0015,1.95
317,1.222,0.0,0.0,0.0,0.0,1.95
318,1.2225,0.5,0.1,0.0,0.0015,1.95
319,1.2225,0.5,0.1,0.0,0.0015,1.95
320,1.2225,0.5,0.1,0.0,0.0015,1.95
321,1.222,0.0,0.0,0.0,0.0,1.95
322,1.2225,0.5,0.1,0.0,0.0015,1.95
323,1.2225,0.5,0.1,0.0,0.0015,1.95
324,1.222,0.0,0.0,0.0,0.0,1.95
325,1.2225,0.5,0.1,0.0,0.0015,1.95
326,1.2225,0.5,0.1,0.0,0.0015,1.95
327,1.2225,0.5,0.1,0.0,0.0015,1.95
328,1.2225,0.5,0.1,0.0,0.0015,1.95
329,1.2225,0.5,0.1,0.0,0.0015,1.95
330,1.2225,0.5,0.1,0.0,0.0015,1.95
331,1.222,0.0,0.0,0.0,0.0,1.95
332,1.2225,0.5,0.1,0.0,0.0015,1.95
333,1.222,0.0,0.0,0.0,0.0,1.95
334,1.222,0.0,0.0,0.0,0.0,1.95
335,1.222,0.0,0.0,0.0,0.0,1.95
336,1.2225,0.5,0.1,0.0,0.0015,1.95
337,1.2225,0.5,0.1,0.0,0.0015,1.95
338,1.222,0.0,0.0,0.0,0.0,1.95
339,1.2225,0.5,0.1,0.0,0.0015,1.95
340,1.2225,0.5,0.1,0.0,0.0015,1.95
341,1.2225,0.5,0.1,0.0,0.0015,1.95
342,1.2225,0.5,0.1,0.0,0.0015,1.95
343,1.2225,0.5,0.1,0.0,0.0015,1.95
344,1.2225,0.5,0.1,0.0,0.0015,1.95
345,1.2225,0.5,0.1,0.0,0.0015,1.95
346,1.2225,0.5,0.1,0.0,0.0015,1.95
347,1.222,0.0,0.0,0.0,0.0,1.95
348,1.2225,0.5,0.1,0.0,0.0015,1.95
349,1.222,0.0,0.0,0.0,0.0,1.95
350,1.222,0.0,0.0,0.0,0.0,1.95
351,1.2225,0.5,0.1,0.0,0.0015,1.95
352,1.2225,0.5,0.1,0.0,0.0015,1.95
353,1.222,0.0,0.0,0.0,0.0,1.95
354,1.2225,0.5,0.1,0.0,0.0015,1.95
355,1.222,0.0,0.0,0.0,0.0,1.95
356,1.222,0.0,0.0,0.0,0.0,1.95
357,1.2225,0.5,0.1,0.0,0.0015,1.95
358,1.2225,0.5,0.1,0.0,0.0015,1.95
359,1.2225,0.5,0.1,0.0,0.0015,1.95
360,1.2225,0.5,0.1,0.0,0.0015,1.95
361,1.2225,0.5,0.1,0.0,0.0015,1.95
362,1.222,0.0,0.0,0.0,0.0,1.95
363,1.2225,0.5,0.1,0.0,0.0015,1.95
364,1.222,0.0,0.0,0.0,0.0,1.95
365,1.222,0.0,0.0,0.0,0.0,1.95
366,1.2225,0.5,0.1,0.0,0.0015,1.95
367,1.2225,0.5,0.1,0.0,0.0015,1.95
368,1.222,0.0,0.0,0.0,0.0,1.95
369,1.222,0.0,0.0,0.0,0.0,1.95
370,1.2225,0.5,0.1,0.0,0.0015,1.95
371,1.222,0.0,0.0,0.0,0.0,1.95
372,1.2225,0.5,0.1,0.0,0.0015,1.95
373,1.222,0.0,0.0,0.0,0.0,1.95
374,1.222,0.0,0.0,0.0,0.0,1.95
375,1.2225,0.5,0.1,0.0,0.0015,1.95
376,1.2225,0.5,0.1,0.0,0.0015,1.95
377,1.222,0.0,0.0,0.0,0.0,1.95
378,1.222,0.0,0.0,0.0,0.0,1.95
379,1.222,0.0,0.0,0.0,0.0,1.95
380,1.2225,0.5,0.1,0.0,0.0015,1.95
381,1.2225,0.5,0.1,0.0,0.0015,1.95
382,1.222,0.0,0.0,0.0,0.0,1.95
383,1.2225,0.5,0.1,0.0,0.0015,1.95
384,1.2225,0.5,0.1,0.0,0.0015,1.95
385,1.222,0.0,0.0,0.0,0.0,1.95
386,1.2225,0.5,0.1,0.0,0.0015,1.95
387,1.222,0.0,0.0,0.0,0.0,1.95
388,1.2225,0.5,0.1,0.0,0.0015,1.95
389,1.2225,0.5,0.1,0.0,0.0015,1.95
390,1.222,0.0,0.0,0.0,0.0,1.95
391,1.2225,0.5,0.1,0.0,0.0015,1.95
392,1.222,0.0,0.0,0.0,0.0,1.95
393,1.222,0.0,0.0,0.0,0.0,1.95
394,1.222,0.0,0.0,0.0,0.0,1.95
395,1.2225,0.5,0.1,0.0,0.0015,1.95
396,1.222,0.0,0.0,0.0,0.0,1.95
397,1.222,0.0,0.0,0.0,0.0,1.95
398,1.222,0.0,0.0,0.0,0.0,1.95
399,1.2225,0.5,0.1,0.0,0.0015,1.95
400,1.222,0.0,0.0,0.0,0.0,1.95
401,1.222,0.0,0.0,0.0,0.0,1.95
402,1.222,0.0,0.0,0.0,0.0,1.95
403,1.2225,0.5,0.1,0.0,0.0015,1.95
404,1.2225,0.5,0.1,0.0,0.0015,1.95
405,1.2225,0.5,0.1,0.0,0.0015,1.95
406,1.222,0.0,0.0,0.0,0.0,1.95
407,1.222,0.0,0.0,0.0,0.0,1.95
408,1.222,0.0,0.0,0.0,0.0,1.95
409,1.2225,0.5,0.1,0.0,0.0015,1.95
410,1.2225,0.5,0.1,0.0,0.0015,1.95
411,1.2225,0.5,0.1,0.0,0.0015,1.95
412,1.222,0.0,0.0,0.0,0.0,1.95
413,1.222,0.0,0.0,0.0,0.0,1.95
414,1.222,0.0,0.0,0.0,0.0,1.95
415,1.222,0.0,0.0,0.0,0.0,1.95
416,1.222,0.0,0.0,0.0,0.0,1.95
417,1.2225,0.5,0.1,0.0,0.0015,1.95
418,1.222,0.0,0.0,0.0,0.0,1.95
419,1.2225,0.5,0.1,0.0,0.0015,1.95
420,1.2225,0.5,0.1,0.0,0.0015,1.95
421,1.2225,0.5,0.1,0.0,0.0015,1.95
422,1.222,0.0,0.0,0.0,0.0,1.95
423,1.222,0.0,0.0,0.0,0.0,1.95
424,1.2225,0.5,0.1,0.0,0.0015,1.95
425,1.222,0.0,0.0,0.0,0.0,1.95
426,1.222,0.0,0.0,0.0,0.0,1.95
427,1.2225,0.5,0.1,0.0,0.0015,1.95
428,1.222,0.0,0.0,0.0,0.0,1.95
429,1.2225,0.5,0.1,0.0,0.0015,1.95
430,1.2225,0.5,0.1,0.0,0.0015,1.95
431,1.222,0.0,0.0,0.0,0.0,1.95
432,1.2225,0.5,0.1,0.0,0.0015,1.95
433,1.222,0.0,0.0,0.0,0.0,1.95
434,1.2225,0.5,0.1,0.0,0.0015,1.95
435,1.222,0.0,0.0,0.0,0.0,1.95
436,1.2225,0.5,0.1,0.0,0.0015,1.95
437,1.222,0.0,0.0,0.0,0.0,1.95
438,1.2225,0.5,0.1,0.0,0.0015,1.95
439,1.2225,0.5,0.1,0.0,0.0015,1.95
440,1.2225,0.5,0.1,0.0,0.0015,1.95
441,1.222,0.0,0.0,0.0,0.0,1.95
442,1.2225,0.5,0.1,0.0,0.0015,1.95
443,1.222,0.0,0.0,0.0,0.0,1.95
444,1.222,0.0,0.0,0.0,0.0,1.95
445,1.222,0.0,0.0,0.0,0.0,1.95
446,1.2225,0.5,0.1,0.0,0.0015,1.95
447,1.2225,0.5,0.1,0.0,0.0015,1.95
448,1.222,0.0,0.0,0.0,0.0,1.95
449,1.2225,0.5,0.1,0.0,0.0015,1.95
450,1.222,0.0,0.0,0.0,0.0,1.95
451,1.2225,0.5,0.1,0.0,0.0015,1.95
452,1.222,0.0,0.0,0.0,0.0,1.95
453,1.2225,0.5,0.1,0.0,0.0015,1.95
454,1.2225,0.5,0.1,0.0,0.0015,1.95
455,1.2225,0.5,0.1,0.0,0.0015,1.95
456,1.2225,0.5,0.1,0.0,0.0015,1.95
457,1.222,0.0,0.0,0.0,0.0,1.95
458,1.222,0.0,0.0,0.0,0.0,1.95
459,1.2225,0.5,0.1,0.0,0.0015,1.95
460,1.222,0.0,0.0,0.0,0.0,1.95
461,1.2225,0.5,0.1,0.0,0.0015,1.95
462,1.2225,0.5,0.1,0.0,0.0015,1.95
463,1.222,0.0,0.0,0.0,0.0,1.95
464,1.2225,0.5,0.1,0.0,0.0015,1.95
465,1.2225,0.5,0.1,0.0,0.0015,1.95
466,1.222,0.0,0.0,0.0,0.0,1.95
467,1.222,0.0,0.0,0.0,0.0,1.95
468,1.2225,0.5,0.1,0.0,0.0015,1.95
469,1.2225,0.5,0.1,0.0,0.0015,1.95
470,1.222,0.0,0.0,0.0,0.0,1.95
471,1.2225,0.5,0.1,0.0,0.0015,1.95
472,1.222,0.0,0.0,0.0,0.0,1.95
473,1.2225,0.5,0.1,0.0,0.0015,1.95
474,1.2225,0.5,0.1,0.0,0.0015,1.95
475,1.222,0.0,0.0,0.0,0.0,1.95
476,1.2225,0.5,0.1,0.0,0.0015,1.95
477,1.2225,0.5,0.1,0.0,0.0015,1.95
478,1.2225,0.5,0.1,0.0,0.0015,1.95
479,1.222,0.0,0.0,0.0,0.0,1.95
480,1.222,0.0,0.0,0.0,0.0,1.95
481,1.2225,0.5,0.1,0.0,0.0015,1.95
482,1.222,0.0,0.0,0.0,0.0,1.95
483,1.2225,0.5,0.1,0.0,0.0015,1.95
484,1.2225,0.5,0.1,0.0,0.0015,1.95
485,1.222,0.0,0.0,0.0,0.0,1.95
486,1.222,0.0,0.0,0.0,0.0,1.95
487,1.222,0.0,0.0,0.0,0.0,1.95
488,1.222,0.0,0.0,0.0,0.0,1.95
489,1.222,0.0,0.0,0.0,0.0,1.95
490,1.222,0.0,0.0,0.0,0.0,1.95
491,1.222,0.0,0.0,0.0,0.0,1.95
492,1.2225,0.5,0.1,0.0,0.0015,1.95
493,1.2225,0.5,0.1,0.0,0.0015,1.95
494,1.2225,0.5,0.1,0.0,0.0015,1.95
495,1.2225,0.5,0.1,0.0,0.0015,1.95
496,1.222,0.0,0.0,0.0,0.0,1.95
497,1.2225,0.5,0.1,0.0,0.0015,1.95
498,1.2225,0.5,0.1,0.0,0.0015,1.95
499,1.2225,0.5,0.1,0.0,0.0015,1.95
500,1.2225,0.5,0.1,0.0,0.0015,1.95
501,1.2225,0.5,0.1,0.0,0.0015,1.95
502,1.2225,0.5,0.1,0.0,0.0015,1.95
503,1.2225,0.5,0.1,0.0,0.0015,1.95
504,1.222,0.0,0.0,0.0,0.0,1.95
505,1.2225,0.5,0.1,0.0,0.0015,1.95
506,1.222,0.0,0.0,0.0,0.0,1.95
507,1.222,0.0,0.0,0.0,0.0,1.95
508,1.2225,0.5,0.1,0.0,0.0015,1.95
509,1.222,0.0,0.0,0.0,0.0,1.95
510,1.222,0.0,0.0,0.0,0.0,1.95
511,1.222,0.0,0.0,0.0,0.0,1.95
512,1.2225,0.5,0.1,0.0,0.0015,1.95
513,1.222,0.0,0.0,0.0,0.0,1.95
514,1.222,0.0,0.0,0.0,0.0,1.95
515,1.2225,0.5,0.1,0.0,0.0015,1.95
516,1.2225,0.5,0.1,0.0,0.0015,1.95
517,1.2225,0.5,0.1,0.0,0.0015,1.95
518,1.2225,0.5,0.1,0.0,0.0015,1.95
519,1.2225,0.5,0.1,0.0,0.0015,1.95
520,1.222,0.0,0.0,0.0,0.0,1.95
521,1.2225,0.5,0.1,0.0,0.0015,1.95
522,1.222,0.0,0.0,0.0,0.0,1.95
523,1.2225,0.5,0.1,0.0,0.0015,1.95
524,1.222,0.0,0.0,0.0,0.0,1.95
525,1.222,0.0,0.0,0.0,0.0,1.95
526,1.222,0.0,0.0,0.0,0.0,1.95
527,1.222,0.0,0.0,0.0,0.0,1.95
528,1.2225,0.5,0.1,0.0,0.0015,1.95
529,1.2225,0.5,0.1,0.0,0.0015,1.95
530,1.222,0.0,0.0,0.0,0.0,1.95
531,1.2225,0.5,0.1,0.0,0.0015,1.95
532,1.2225,0.5,0.1,0.0,0.0015,1.95
533,1.222,0.0,0.0,0.0,0.0,1.95
534,1.2225,0.5,0.1,0.0,0.0015,1.95
535,1.222,0.0,0.0,0.0,0.0,1.95
536,1.222,0.0,0.0,0.0,0.0,1.95
537,1.2225,0.5,0.1,0.0,0.0015,1.95
538,1.222,0.0,0.0,0.0,0.0,1.95
539,1.2225,0.5,0.1,0.0,0.0015,1.95
540,1.2225,0.5,0.1,0.0,0.0015,1.95
541,1.2225,0.5,0.1,0.0,0.0015,1.95
542,1.222,0.0,0.0,0.0,0.0,1.95
543,1.2225,0.5,0.1,0.0,0.0015,1.95
544,1.2225,0.5,0.1,0.0,0.0015,1.95
545,1.2225,0.5,0.1,0.0,0.0015,1.95
546,1.222,0.0,0.0,0.0,0.0,1.95
547,1.2225,0.5,0.1,0.0,0.0015,1.95
548,1.222,0.0,0.0,0.0,0.0,1.95
549,1.222,0.0,0.0,0.0,0.0,1.95
550,1.222,0.0,0.0,0.0,0.0,1.95
551,1.222,0.0,0.0,0.0,0.0,1.95
552,1.222,0.0,0.0,0.0,0.0,1.95
553,1.222,0.0,0.0,0.0,0.0,1.95
554,1.2225,0.5,0.1,0.0,0.0015,1.95
555,1.222,0.0,0.0,0.0,0.0,1.95
556,1.222,0.0,0.0,0.0,0.0,1.95
557,1.222,0.0,0.0,0.0,0.0,1.95
558,1.2225,0.5,0.1,0.0,0.0015,1.95
559,1.2225,0.5,0.1,0.0,0.0015,1.95
560,1.222,0.0,0.0,0.0,0.0,1.95
561,1.2225,0.5,0.1,0.0,0.0015,1.95
562,1.2225,0.5,0.1,0.0,0.0015,1.95
563,1.222,0.0,0.0,0.0,0.0,1.95
564,1.222,0.0,0.0,0.0,0.0,1.95
565,1.222,0.0,0.0,0.0,0.0,1.95
566,1.222,0.0,0.0,0.0,0.0,1.95
567,1.222,0.0,0.0,0.0,0.0,1.95
568,1.222,0.0,0.0,0.0,0.0,1.95
569,1.2225,0.5,0.1,0.0,0.0015,1.95
570,1.222,0.0,0.0,0.0,0.0,1.95
571,1.2225,0.5,0.1,0.0,0.0015,1.95
572,1.222,0.0,0.0,0.0,0.0,1.95
573,1.2225,0.5,0.1,0.0,0.0015,1.95
574,1.2225,0.5,0.1,0.0,0.0015,1.95
575,1.2225,0.5,0.1,0.0,0.0015,1.95
576,1.222,0.0,0.0,0.0,0.0,1.95
577,1.222,0.0,0.0,0.0,0.0,1.95
578,1.2225,0.5,0.1,0.0,0.0015,1.95
579,1.222,0.0,0.0,0.0,0.0,1.95
580,1.2225,0.5,0.1,0.0,0.0015,1.95
581,1.2225,0.5,0.1,0.0,0.0015,1.95
582,1.222,0.0,0.0,0.0,0.0,1.95
583,1.222,0.0,0.0,0.0,0.0,1.95
584,1.222,0.0,0.0,0.0,0.0,1.95
585,1.2225,0.5,0.1,0.0,0.0015,1.95
586,1.2225,0.5,0.1,0.0,0.0015,1.95
587,1.222,0.0,0.0,0.0,0.0,1.95
588,1.2225,0.5,0.1,0.0,0.0015,1.95
589,1.2225,0.5,0.1,0.0,0.0015,1.95
590,1.2225,0.5,0.1,0.0,0.0015,1.95
591,1.222,0.0,0.0,0.0,0.0,1.95
592,1.222,0.0,0.0,0.0,0.0,1.95
593,1.2225,0.5,0.1,0.0,0.0015,1.95
594,1.222,0.0,0.0,0.0,0.0,1.95
595,1.2225,0.5,0.1,0.0,0.0015,1.95
596,1.222,0.0,0.0,0.0,0.0,1.95
597,1.2225,0.5,0.1,0.0,0.0015,1.95
598,1.222,0.0,0.0,0.0,0.0,1.95
599,1.2225,0.5,0.1,0.0,0.0015,1.95
600,1.222,0.0,0.0,0.0,0.0,1.95
601,1.222,0.0,0.0,0.0,0.0,1.95
602,1.2225,0.5,0.1,0.0,0.0015,1.95
603,1.2225,0.5,0.1,0.0,0.0015,1.95
604,1.222,0.0,0.0,0.0,0.0,1.95
605,1.222,0.0,0.0,0.0,0.0,1.95
606,1.2225,0.5,0.1,0.0,0.0015,1.95
607,1.222,0.0,0.0,0.0,0.0,1.95
608,1.222,0.0,0.0,0.0,0.0,1.95
609,1.2225,0.5,0.1,0.0,0.0015,1.95
610,1.222,0.0,0.0,0.0,0.0,1.95
611,1.2225,0.5,0.1,0.0,0.0015,1.95
612,1.2225,0.5,0.1,0.0,0.0015,1.95
613,1.222,0.0,0.0,0.0,0.0,1.95
614,1.2225,0.5,0.1,0.0,0.0015,1.95
615,1.2225,0.5,0.1,0.0,0.0015,1.95
616,1.222,0.0,0.0,0.0,0.0,1.95
617,1.2225,0.5,0.1,0.0,0.0015,1.95
618,1.2225,0.5,0.1,0.0,0.0015,1.95
619,1.222,0.0,0.0,0.0,0.0,1.95
620,1.2225,0.5,0.1,0.0,0.0015,1.95
621,1.2225,0.5,0.1,0.0,0.0015,1.95
622,1.2225,0.5,0.1,0.0,0.0015,1.95
623,1.2225,0.5,0.1,0.0,0.0015,1.95
624,1.222,0.0,0.0,0.0,0.0,1.95
625,1.222,0.0,0.0,0.0,0.0,1.95
626,1.222,0.0,0.0,0.0,0.0,1.95
627,1.2225,0.5,0.1,0.0,0.0015,1.95
628,1.222,0.0,0.0,0.0,0.0,1.95
629,1.2225,0.5,0.1,0.0,0.0015,1.95
630,1.2225,0.5,0.1,0.0,0.0015,1.95
631,1.2225,0.5,0.1,0.0,0.0015,1.95
632,1.222,0.0,0.0,0.0,0.0,1.95
633,1.222,0.0,0.0,0.0,0.0,1.95
634,1.2225,0.5,0.1,0.0,0.0015,1.95
635,1.222,0.0,0.0,0.0,0.0,1.95
636,1.222,0.0,0.0,0.0,0.0,1.95
637,1.2225,0.5,0.1,0.0,0.0015,1.95
638,1.222,0.0,0.0,0.0,0.0,1.95
639,1.2225,0.5,0.1,0.0,0.0015,1.95
640,1.2225,0.5,0.1,0.0,0.0015,1.95
641,1.222,0.0,0.0,0.0,0.0,1.95
642,1.222,0.0,0.0,0.0,0.0,1.95
643,1.2225,0.5,0.1,0.0,0.0015,1.95
644,1.222,0.0,0.0,0.0,0.0,1.95
645,1.2225,0.5,0.1,0.0,0.0015,1.95
646,1.2225,0.5,0.1,0.0,0.0015,1.95
647,1.222,0.0,0.0,0.0,0.0,1.95
648,1.2225,0.5,0.1,0.0,0.0015,1.95
649,1.2225,0.5,0.1,0.0,0.0015,1.95
650,1.222,0.0,0.0,0.0,0.0,1.95
651,1.222,0.0,0.0,0.0,0.0,1.95
652,1.222,0.0,0.0,0.0,0.0,1.95
653,1.2225,0.5,0.1,0.0,0.0015,1.95
654,1.2225,0.5,0.1,0.0,0.0015,1.95
655,1.2225,0.5,0.1,0.0,0.0015,1.95
656,1.222,0.0,0.0,0.0,0.0,1.95
657,1.222,0.0,0.0,0.0,0.0,1.95
658,1.2225,0.5,0.1,0.0,0.0015,1.95
659,1.2225,0.5,0.1,0.0,0.0015,1.95
660,1.2225,0.5,0.1,0.0,0.0015,1.95
661,1.2225,0.5,0.1,0.0,0.0015,1.95
662,1.222,0.0,0.0,0.0,0.0,1.95
663,1.2225,0.5,0.1,0.0,0.0015,1.95
664,1.2225,0.5,0.1,0.0,0.0015,1.95
665,1.222,0.0,0.0,0.0,0.0,1.95
666,1.222,0.0,0.0,0.0,0.0,1.95
667,1.2225,0.5,0.1,0.0,0.0015,1.95
668,1.222,0.0,0.0,0.0,0.0,1.95
669,1.2225,0.5,0.1,0.0,0.0015,1.95
670,1.222,0.0,0.0,0.0,0.0,1.95
671,1.222,0.0,0.0,0.0,0.0,1.95
672,1.222,0.0,0.0,0.0,0.0,1.95
673,1.222,0.0,0.0,0.0,0.0,1.95
674,1.2225,0.5,0.1,0.0,0.0015,1.95
675,1.222,0.0,0.0,0.0,0.0,1.95
676,1.2225,0.5,0.1,0.0,0.0015,1.95
677,1.2225,0.5,0.1,0.0,0.0015,1.95
678,1.222,0.0,0.0,0.0,0.0,1.95
679,1.2225,0.5,0.1,0.0,0.0015,1.95
680,1.2225,0.5,0.1,0.0,0.0015,1.95
681,1.222,0.0,0.0,0.0,0.0,1.95
682,1.2225,0.5,0.1,0.0,0.0015,1.95
683,1.2225,0.5,0.1,0.0,0.0015,1.95
684,1.222,0.0,0.0,0.0,0.0,1.95
685,1.222,0.0,0.0,0.0,0.0,1.95
686,1.222,0.0,0.0,0.0,0.0,1.95
687,1.2225,0.5,0.1,0.0,0.0015,1.95
688,1.222,0.0,0.0,0.0,0.0,1.95
689,1.222,0.0,0.0,0.0,0.0,1.95
690,1.2225,0.5,0.1,0.0,0.0015,1.95
691,1.2225,0.5,0.1,0.0,0.0015,1.95
692,1.2225,0.5,0.1,0.0,0.0015,1.95
693,1.2225,0.5,0.1,0.0,0.0015,1.95
694,1.222,0.0,0.0,0.0,0.0,1.95
695,1.2225,0.5,0.1,0.0,0.0015,1.95
696,1.222,0.0,0.0,0.0,0.0,1.95
697,1.2225,0.5,0.1,0.0,0.0015,1.95
698,1.2225,0.5,0.1,0.0,0.0015,1.95
699,1.2225,0.5,0.1,0.0,0.0015,1.95
700,1.222,0.0,0.0,0.0,0.0,1.95
701,1.222,0.0,0.0,0.0,0.0,1.95
702,1.222,0.0,0.0,0.0,0.0,1.95
703,1.2225,0.5,0.1,0.0,0.0015,1.95
704,1.2225,0.5,0.1,0.0,0.0015,1.95
705,1.2225,0.5,0.1,0.0,0.0015,1.95
706,1.2225,0.5,0.1,0.0,0.0015,1.95
707,1.222,0.0,0.0,0.0,0.0,1.95
708,1.222,0.0,0.0,0.0,0.0,1.95
709,1.222,0.0,0.0,0.0,0.0,1.95
710,1.2225,0.5,0.1,0.0,0.0015,1.95
711,1.222,0.0,0.0,0.0,0.0,1.95
712,1.222,0.0,0.0,0.0,0.0,1.95
713,1.2225,0.5,0.1,0.0,0.0015,1.95
714,1.2225,0.5,0.1,0.0,0.0015,1.95
715,1.222,0.0,0.0,0.0,0.0,1.95
716,1.2225,0.5,0.1,0.0,0.0015,1.95
717,1.222,0.0,0.0,0.0,0.0,1.95
718,1.222,0.0,0.0,0.0,0.0,1.95
719,1.2225,0.5,0.1,0.0,0.0015,1.95
720,1.2225,0.5,0.1,0.0,0.0015,1.95
721,1.222,0.0,0.0,0.0,0.0,1.95
722,1.2225,0.5,0.1,0.0,0.0015,1.95
723,1.2225,0.5,0.1,0.0,0.0015,1.95
724,1.222,0.0,0.0,0.0,0.0,1.95
725,1.222,0.0,0.0,0.0,0.0,1.95
726,1.222,0.0,0.0,0.0,0.0,1.95
727,1.222,0.0,0.0,0.0,0.0,1.95
728,1.2225,0.5,0.1,0.0,0.0015,1.95
729,1.2225,0.5,0.1,0.0,0.0015,1.95
730,1.222,0.0,0.0,0.0,0.0,1.95
731,1.222,0.0,0.0,0.0,0.0,1.95
732,1.2225,0.5,0.1,0.0,0.0015,1.95
733,1.222,0.0,0.0,0.0,0.0,1.95
734,1.222,0.0,0.0,0.0,0.0,1.95
735,1.2225,0.5,0.1,0.0,0.0015,1.95
736,1.222,0.0,0.0,0.0,0.0,1.95
737,1.222,0.0,0.0,0.0,0.0,1.95
738,1.222,0.0,0.0,0.0,0.0,1.95
739,1.222,0.0,0.0,0.0,0.0,1.95
740,1.222,0.0,0.0,0.0,0.0,1.95
741,1.222,0.0,0.0,0.0,0.0,1.95
742,1.2225,0.5,0.1,0.0,0.0015,1.95
743,1.222,0.0,0.0,0.0,0.0,1.95
744,1.222,0.0,0.0,0.0,0.0,1.95
745,1.222,0.0,0.0,0.0,0.0,1.95
746,1.2225,0.5,0.1,0.0,0.0015,1.95
747,1.2225,0.5,0.1,0.0,0.0015,1.95
748,1.2225,0.5,0.1,0.0,0.0015,1.95
749,1.222,0.0,0.0,0.0,0.0,1.95
750,1.222,0.0,0.0,0.0,0.0,1.95
751,1.2225,0.5,0.1,0.0,0.0015,1.95
752,1.2225,0.5,0.1,0.0,0.0015,1.95
753,1.222,0.0,0.0,0.0,0.0,1.95
754,1.2225,0.5,0.1,0.0,0.0015,1.95
755,1.2225,0.5,0.1,0.0,0.0015,1.95
756,1.222,0.0,0.0,0.0,0.0,1.95
757,1.2225,0.5,0.1,0.0,0.0015,1.95
758,1.222,0.0,0.0,0.0,0.0,1.95
759,1.222,0.0,0.0,0.0,0.0,1.95
760,1.2225,0.5,0.1,0.0,0.0015,1.95
761,1.2225,0.5,0.1,0.0,0.0015,1.95
762,1.2225,0.5,0.1,0.0,0.0015,1.95
763,1.222,0.0,0.0,0.0,0.0,1.95
764,1.2225,0.5,0.1,0.0,0.0015,1.95
765,1.2225,0.5,0.1,0.0,0.0015,1.95
766,1.2225,0.5,0.1,0.0,0.0015,1.95
767,1.2225,0.5,0.1,0.0,0.0015,1.95
768,1.222,0.0,0.0,0.0,0.0,1.95
769,1.2225,0.5,0.1,0.0,0.0015,1.95
770,1.222,0.0,0.0,0.0,0.0,1.95
771,1.222,0.0,0.0,0.0,0.0,1.95
772,1.222,0.0,0.0,0.0,0.0,1.95
773,1.222,0.0,0.0,0.0,0.0,1.95
774,1.222,0.0,0.0,0.0,0.0,1.95
775,1.2225,0.5,0.1,0.0,0.0015,1.95
776,1.2225,0.5,0.1,0.0,0.0015,1.95
777,1.222,0.0,0.0,0.0,0.0,1.95
778,1.2225,0.5,0.1,0.0,0.0015,1.95
779,1.2225,0.5,0.1,0.0,0.0015,1.95
780,1.222,0.0,0.0,0.0,0.0,1.95
781,1.2225,0.5,0.1,0.0,0.0015,1.95
782,1.2225,0.5,0.1,0.0,0.0015,1.95
783,1.2225,0.5,0.1,0.0,0.0015,1.95
784,1.222,0.0,0.0,0.0,0.0,1.95
785,1.222,0.0,0.0,0.0,0.0,1.95
786,1.222,0.0,0.0,0.0,0.0,1.95
787,1.2225,0.5,0.1,0.0,0.0015,1.95
788,1.2225,0.5,0.1,0.0,0.0015,1.95
789,1.222,0.0,0.0,0.0,0.0,1.95
790,1.222,0.0,0.0,0.0,0.0,1.95
791,1.222,0.0,0.0,0.0,0.0,1.95
792,1.222,0.0,0.0,0.0,0.0,1.95
793,1.222,0.0,0.0,0.0,0.0,1.95
794,1.222,0.0,0.0,0.0,0.0,1.95
795,1.2225,0.5,0.1,0.0,0.0015,1.95
796,1.222,0.0,0.0,0.0,0.0,1.95
797,1.222,0.0,0.0,0.0,0.0,1.95
798,1.222,0.0,0.0,0.0,0.0,1.95
799,1.2225,0.5,0.1,0.0,0.0015,1.95
800,1.2225,0.5,0.1,0.0,0.0015,1.95
801,1.222,0.0,0.0,0.0,0.0,1.95
802,1.2225,0.5,0.1,0.0,0.0015,1.95
803,1.222,0.0,0.0,0.0,0.0,1.95
804,1.2225,0.5,0.1,0.0,0.0015,1.95
805,1.2225,0.5,0.1,0.0,0.0015,1.95
806,1.2225,0.5,0.1,0.0,0.0015,1.95
807,1.222,0.0,0.0,0.0,0.0,1.95
808,1.2225,0.5,0.1,0.0,0.0015,1.95
809,1.222,0.0,0.0,0.0,0.0,1.95
810,1.2225,0.5,0.1,0.0,0.0015,1.95
811,1.2225,0.5,0.1,0.0,0.0015,1.95
812,1.222,0.0,0.0,0.0,0.0,1.95
813,1.222,0.0,0.0,0.0,0.0,1.95
814,1.2225,0.5,0.1,0.0,0.0015,1.95
815,1.2225,0.5,0.1,0.0,0.0015,1.95
816,1.222,0.0,0.0,0.0,0.0,1.95
817,1.2225,0.5,0.1,0.0,0.0015,1.95
818,1.222,0.0,0.0,0.0,0.0,1.95
819,1.2225,0.5,0.1,0.0,0.0015,1.95
820,1.2225,0.5,0.1,0.0,0.0015,1.95
821,1.2225,0.5,0.1,0.0,0.0015,1.95
822,1.2225,0.5,0.1,0.0,0.0015,1.95
823,1.2225,0.5,0.1,0.0,0.0015,1.95
824,1.2225,0.5,0.1,0.0,0.0015,1.95
825,1.222,0.0,0.0,0.0,0.0,1.95
826,1.222,0.0,0.0,0.0,0.0,1.95
827,1.222,0.0,0.0,0.0,0.0,1.95
828,1.2225,0.5,0.1,0.0,0.0015,1.95
829,1.2225,0.5,0.1,0.0,0.0015,1.95
830,1.2225,0.5,0.1,0.0,0.0015,1.95
831,1.222,0.0,0.0,0.0,0.0,1.95
832,1.222,0.0,0.0,0.0,0.0,1.95
833,1.2225,0.5,0.1,0.0,0.0015,1.95
834,1.222,0.0,0.0,0.0,0.0,1.95
835,1.2225,0.5,0.1,0.0,0.0015,1.95
836,1.222,0.0,0.0,0.0,0.0,1.95
837,1.2225,0.5,0.1,0.0,0.0015,1.95
838,1.222,0.0,0.0,0.0,0.0,1.95
839,1.2225,0.5,0.1,0.0,0.0015,1.95
840,1.2225,0.5,0.1,0.0,0.0015,1.95
841,1.2225,0.5,0.1,0.0,0.0015,1.95
842,1.2225,0.5,0.1,0.0,0.0015,1.95
843,1.222,0.0,0.0,0.0,0.0,1.95
844,1.2225,0.5,0.1,0.0,0.0015,1.95
845,1.222,0.0,0.0,0.0,0.0,1.95
846,1.222,0.0,0.0,0.0,0.0,1.95
847,1.2225,0.5,0.1,0.0,0.0015,1.95
848,1.2225,0.5,0.1,0.0,0.0015,1.95
849,1.2225,0.5,0.1,0.0,0.0015,1.95
850,1.222,0.0,0.0,0.0,0.0,1.95
851,1.222,0.0,0.0,0.0,0.0,1.95
852,1.222,0.0,0.0,0.0,0.0,1.95
853,1.2225,0.5,0.1,0.0,0.0015,1.95
854,1.2225,0.5,0.1,0.0,0.0015,1.95
855,1.2225,0.5,0.1,0.0,0.0015,1.95
856,1.222,0.0,0.0,0.0,0.0,1.95
857,1.2225,0.5,0.1,0.0,0.0015,1.95
858,1.2225,0.5,0.1,0.0,0.0015,1.95
859,1.2225,0.5,0.1,0.0,0.0015,1.95
860,1.222,0.0,0.0,0.0,0.0,1.95
861,1.2225,0.5,0.1,0.0,0.0015,1.95
862,1.2225,0.5,0.1,0.0,0.0015,1.95
863,1.222,0.0,0.0,0.0,0.0,1.95
864,1.2225,0.5,0.1,0.0,0.0015,1.95
865,1.222,0.0,0.0,0.0,0.0,1.95
866,1.222,0.0,0.0,0.0,0.0,1.95
867,1.222,0.0,0.0,0.0,0.0,1.95
868,1.222,0.0,0.0,0.0,0.0,1.95
869,1.2225,0.5,0.1,0.0,0.0015,1.95
870,1.222,0.0,0.0,0.0,0.0,1.95
871,1.222,0.0,0.0,0.0,0.0,1.95
872,1.2225,0.5,0.1,0.0,0.0015,1.95
873,1.222,0.0,0.0,0.0,0.0,1.95
874,1.222,0.0,0.0,0.0,0.0,1.95
875,1.222,0.0,0.0,0.0,0.0,1.95
876,1.2225,0.5,0.1,0.0,0.0015,1.95
877,1.222,0.0,0.0,0.0,0.0,1.95
878,1.222,0.0,0.0,0.0,0.0,1.95
879,1.222,0.0,0.0,0.0,0.0,1.95
880,1.222,0.0,0.0,0.0,0.0,1.95
881,1.2225,0.5,0.1,0.0,0.0015,1.95
882,1.2225,0.5,0.1,0.0,0.0015,1.95
883,1.222,0.0,0.0,0.0,0.0,1.95
884,1.2225,0.5,0.1,0.0,0.0015,1.95
885,1.222,0.0,0.0,0.0,0.0,1.95
886,1.222,0.0,0.0,0.0,0.0,1.95
887,1.222,0.0,0.0,0.0,0.0,1.95
888,1.222,0.0,0.0,0.0,0.0,1.95
889,1.2225,0.5,0.1,0.0,0.0015,1.95
890,1.222,0.0,0.0,0.0,0.0,1.95
891,1.2225,0.5,0.1,0.0,0.0015,1.95
892,1.222,0.0,0.0,0.0,0.0,1.95
893,1.222,0.0,0.0,0.0,0.0,1.95
894,1.2225,0.5,0.1,0.0,0.0015,1.95
895,1.222,0.0,0.0,0.0,0.0,1.95
896,1.2225,0.5,0.1,0.0,0.0015,1.95
897,1.2225,0.5,0.1,0.0,0.0015,1.95
898,1.222,0.0,0.0,0.0,0.0,1.95
899,1.222,0.0,0.0,0.0,0.0,1.95
900,1.2225,0.5,0.1,0.0,0.0015,1.95
901,1.2225,0.5,0.1,0.0,0.0015,1.95
902,1.222,0.0,0.0,0.0,0.0,1.95
903,1.222,0.0,0.0,0.0,0.0,1.95
904,1.2225,0.5,0.1,0.0,0.0015,1.95
905,1.2225,0.5,0.1,0.0,0.0015,1.95
906,1.2225,0.5,0.1,0.0,0.0015,1.95
907,1.222,0.0,0.0,0.0,0.0,1.95
908,1.222,0.0,0.0,0.0,0.0,1.95
909,1.2225,0.5,0.1,0.0,0.0015,1.95
910,1.2225,0.5,0.1,0.0,0.0015,1.95
911,1.222,0.0,0.0,0.0,0.0,1.95
912,1.222,0.0,0.0,0.0,0.0,1.95
913,1.2225,0.5,0.1,0.0,0.0015,1.95
914,1.222,0.0,0.0,0.0,0.0,1.95
915,1.2225,0.5,0.1,0.0,0.0015,1.95
916,1.222,0.0,0.0,0.0,0.0,1.95
917,1.2225,0.5,0.1,0.0,0.0015,1.95
918,1.222,0.0,0.0,0.0,0.0,1.95
919,1.2225,0.5,0.1,0.0,0.0015,1.95
920,1.2225,0.5,0.1,0.0,0.0015,1.95
921,1.2225,0.5,0.1,0.0,0.0015,1.95
922,1.2225,0.5,0.1,0.0,0.0015,1.95
923,1.222,0.0,0.0,0.0,0.0,1.95
924,1.222,0.0,0.0,0.0,0.0,1.95
925,1.222,0.0,0.0,0.0,0.0,1.95
926,1.2225,0.5,0.1,0.0,0.0015,1.95
927,1.222,0.0,0.0,0.0,0.0,1.95
928,1.2225,0.5,0.1,0.0,0.0015,1.95
929,1.222,0.0,0.0,0.0,0.0,1.95
930,1.222,0.0,0.0,0.0,0.0,1.95
931,1.2225,0.5,0.1,0.0,0.0015,1.95
932,1.222,0.0,0.0,0.0,0.0,1.95
933,1.2225,0.5,0.1,0.0,0.0015,1.95
934,1.222,0.0,0.0,0.0,0.0,1.95
935,1.222,0.0,0.0,0.0,0.0,1.95
936,1.2225,0.5,0.1,0.0,0.0015,1.95
937,1.2225,0.5,0.1,0.0,0.0015,1.95
938,1.222,0.0,0.0,0.0,0.0,1.95
939,1.222,0.0,0.0,0.0,0.0,1.95
940,1.2225,0.5,0.1,0.0,0.0015,1.95
941,1.2225,0.5,0.1,0.0,0.0015,1.95
942,1.222,0.0,0.0,0.0,0.0,1.95
943,1.2225,0.5,0.1,0.0,0.0015,1.95
944,1.222,0.0,0.0,0.0,0.0,1.95
945,1.2225,0.5,0.1,0.0,0.0015,1.95
946,1.2225,0.5,0.1,0.0,0.0015,1.95
947,1.222,0.0,0.0,0.0,0.0,1.95
948,1.222,0.0,0.0,0.0,0.0,1.95
949,1.2225,0.5,0.1,0.0,0.0015,1.95
950,1.222,0.0,0.0,0.0,0.0,1.95
951,1.222,0.0,0.0,0.0,0.0,1.95
952,1.2225,0.5,0.1,0.0,0.0015,1.95
953,1.222,0.0,0.0,0.0,0.0,1.95
954,1.222,0.0,0.0,0.0,0.0,1.95
955,1.2225,0.5,0.1,0.0,0.0015,1.95
956,1.222,0.0,0.0,0.0,0.0,1.95
957,1.2225,0.5,0.1,0.0,0.0015,1.95
958,1.222,0.0,0.0,0.0,0.0,1.95
959,1.2225,0.5,0.1,0.0,0.0015,1.95
960,1.222,0.0,0.0,0.0,0.0,1.95
961,1.2225,0.5,0.1,0.0,0.0015,1.95
962,1.2225,0.5,0.1,0.0,0.0015,1.95
963,1.2225,0.5,0.1,0.0,0.0015,1.95
964,1.2225,0.5,0.1,0.0,0.0015,1.95
965,1.222,0.0,0.0,0.0,0.0,1.95
966,1.222,0.0,0.0,0.0,0.0,1.95
967,1.222,0.0,0.0,0.0,0.0,1.95
968,1.2225,0.5,0.1,0.0,0.0015,1.95
969,1.2225,0.5,0.1,0.0,0.0015,1.95
970,1.2225,0.5,0.1,0.0,0.0015,1.95
971,1.2225,0.5,0.1,0.0,0.0015,1.95
972,1.222,0.0,0.0,0.0,0.0,1.95
973,1.222,0.0,0.0,0.0,0.0,1.95
974,1.222,0.0,0.0,0.0,0.0,1.95
975,1.2225,0.5,0.1,0.0,0.0015,1.95
976,1.2225,0.5,0.1,0.0,0.0015,1.95
977,1.2225,0.5,0.1,0.0,0.0015,1.95
978,1.2225,0.5,0.1,0.0,0.0015,1.95
979,1.2225,0.5,0.1,0.0,0.0015,1.95
980,1.222,0.0,0.0,0.0,0.0,1.95
981,1.2225,0.5,0.1,0.0,0.0015,1.95
982,1.222,0.0,0.0,0.0,0.0,1.95
983,1.2225,0.5,0.1,0.0,0.0015,1.95
984,1.222,0.0,0.0,0.0,0.0,1.95
985,1.222,0.0,0.0,0.0,0.0,1.95
986,1.222,0.0,0.0,0.0,0.0,1.95
987,1.222,0.0,0.0,0.0,0.0,1.95
988,1.222,0.0,0.0,0.0,0.0,1.95
989,1.2225,0.5,0.1,0.0,0.0015,1.95
990,1.222,0.0,0.0,0.0,0.0,1.95
991,1.222,0.0,0.0,0.0,0.0,1.95
992,1.222,0.0,0.0,0.0,0.0,1.95
993,1.2225,0.5,0.1,0.0,0.0015,1.95
994,1.2225,0.5,0.1,0.0,0.0015,1.95
995,1.2225,0.5,0.1,0.0,0.0015,1.95
996,1.2225,0.5,0.1,0.0,0.0015,1.95
997,1.222,0.0,0.0,0.0,0.0,1.95
998,1.2225,0.5,0.1,0.0,0.0015,1.95
999,1.2225,0.5,0.1,0.0,0.0015,1.95
1000,1.222,0.0,0.0,0.0,0.0,1.95
1001,1.222,0.0,0.0,0.0,0.0,1.95
1002,1.222,0.0,0.0,0.0,0.0,1.95
1003,1.2225,0.5,0.1,0.0,0.0015,1.95
1004,1.2225,0.5,0.1,0.0,0.0015,1.95
1005,1.2225,0.5,0.1,0.0,0.0015,1.95
1006,1.222,0.0,0.0,0.0,0.0,1.95
1007,1.222,0.0,0.0,0.0,0.0,1.95
1008,1.222,0.0,0.0,0.0,0.0,1.95
1009,1.2225,0.5,0.1,0.0,0.0015,1.95
1010,1.222,0.0,0.0,0.0,0.0,1.95
1011,1.2225,0.5,0.1,0.0,0.0015,1.95
1012,1.2225,0.5,0.1,0.0,0.0015,1.95
1013,1.222,0.0,0.0,0.0,0.0,1.95
1014,1.222,0.0,0.0,0.0,0.0,1.95
1015,1.2225,0.5,0.1,0.0,0.0015,1.95
1016,1.2225,0.5,0.1,0.0,0.0015,1.95
1017,1.222,0.0,0.0,0.0,0.0,1.95
1018,1.2225,0.5,0.1,0.0,0.0015,1.95
1019,1.222,0.0,0.0,0.0,0.0,1.95
1020,1.222,0.0,0.0,0.0,0.0,1.95
1021,1.2225,0.5,0.1,0.0,0.0015,1.95
1022,1.222,0.0,0.0,0.0,0.0,1.95
1023,1.2225,0.5,0.1,0.0,0.0015,1.95
1024,1.2225,0.5,0.1,0.0,0.0015,1.95
1025,1.2225,0.5,0.1,0.0,0.0015,1.95
1026,1.222,0.0,0.0,0.0,0.0,1.95
1027,1.2225,0.5,0.1,0.0,0.0015,1.95
1028,1.222,0.0,0.0,0.0,0.0,1.95
1029,1.2225,0.5,0.1,0.0,0.0015,1.95
1030,1.2225,0.5,0.1,0.0,0.0015,1.95
1031,1.2225,0.5,0.1,0.0,0.0015,1.95
1032,1.2225,0.5,0.1,0.0,0.0015,1.95
1033,1.2225,0.5,0.1,0.0,0.0015,1.95
1034,1.222,0.0,0.0,0.0,0.0,1.95
1035,1.222,0.0,0.0,0.0,0.0,1.95
1036,1.2225,0.5,0.1,0.0,0.0015,1.95
1037,1.2225,0.5,0.1,0.0,0.0015,1.95
1038,1.222,0.0,0.0,0.0,0.0,1.95
1039,1.222,0.0,0.0,0.0,0.0,1.95
1040,1.222,0.0,0.0,0.0,0.0,1.95
1041,1.2225,0.5,0.1,0.0,0.0015,1.95
1042,1.222,0.0,0.0,0.0,0.0,1.95
1043,1.222,0.0,0.0,0.0,0.0,1.95
1044,1.2225,0.5,0.1,0.0,0.0015,1.95
1045,1.222,0.0,0.0,0.0,0.0,1.95
1046,1.222,0.0,0.0,0.0,0.0,1.95
1047,1.2225,0.5,0.1,0.0,0.0015,1.95
1048,1.2225,0.5,0.1,0.0,0.0015,1.95
1049,1.222,0.0,0.0,0.0,0.0,1.95
1050,1.2225,0.5,0.1,0.0,0.0015,1.95
1051,1.2225,0.5,0.1,0.0,0.0015,1.95
1052,1.2225,0.5,0.1,0.0,0.0015,1.95
1053,1.222,0.0,0.0,0.0,0.0,1.95
1054,1.2225,0.5,0.1,0.0,0.0015,1.95
1055,1.222,0.0,0.0,0.0,0.0,1.95
1056,1.2225,0.5,0.1,0.0,0.0015,1.95
1057,1.2225,0.5,0.1,0.0,0.0015,1.95
1058,1.222,0.0,0.0,0.0,0.0,1.95
1059,1.2225,0.5,0.1,0.0,0.0015,1.95
1060,1.2225,0.5,0.1,0.0,0.0015,1.95
1061,1.222,0.0,0.0,0.0,0.0,1.95
1062,1.2225,0.5,0.1,0.0,0.0015,1.95
1063,1.222,0.0,0.0,0.0,0.0,1.95
1064,1.222,0.0,0.0,0.0,0.0,1.95
1065,1.2225,0.5,0.1,0.0,0.0015,1.95
1066,1.222,0.0,0.0,0.0,0.0,1.95
1067,1.222,0.0,0.0,0.0,0.0,1.95
1068,1.222,0.0,0.0,0.0,0.0,1.95
1069,1.2225,0.5,0.1,0.0,0.0015,1.95
1070,1.222,0.0,0.0,0.0,0.0,1.95
1071,1.2225,0.5,0.1,0.0,0.0015,1.95
1072,1.2225,0.5,0.1,0.0,0.0015,1.95
1073,1.222,0.0,0.0,0.0,0.0,1.95
1074,1.222,0.0,0.0,0.0,0.0,1.95
1075,1.2225,0.5,0.1,0.0,0.0015,1.95
1076,1.2225,0.5,0.1,0.0,0.0015,1.95
1077,1.2225,0.5,0.1,0.0,0.0015,1.95
1078,1.222,0.0,0.0,0.0,0.0,1.95
1079,1.222,0.0,0.0,0.0,0.0,1.95
1080,1.222,0.0,0.0,0.0,0.0,1.95
1081,1.2225,0.5,0.1,0.0,0.0015,1.95
1082,1.222,0.0,0.0,0.0,0.0,1.95
1083,1.2225,0.5,0.1,0.0,0.0015,1.95
1084,1.2225,0.5,0.1,0.0,0.0015,1.95
1085,1.222,0.0,0.0,0.0,0.0,1.95
1086,1.222,0.0,0.0,0.0,0.0,1.95
1087,1.2225,0.5,0.1,0.0,0.0015,1.95
1088,1.222,0.0,0.0,0.0,0.0,1.95
1089,1.2225,0.5,0.1,0.0,0.0015,1.95
1090,1.2225,0.5,0.1,0.0,0.0015,1.95
1091,1.222,0.0,0.0,0.0,0.0,1.95
1092,1.2225,0.5,0.1,0.0,0.0015,1.95
1093,1.2225,0.5,0.1,0.0,0.0015,1.95
1094,1.2225,0.5,0.1,0.0,0.0015,1.95
1095,1.222,0.0,0.0,0.0,0.0,1.95
1096,1.222,0.0,0.0,0.0,0.0,1.95
1097,1.222,0.0,0.0,0.0,0.0,1.95
1098,1.222,0.0,0.0,0.0,0.0,1.95
1099,1.222,0.0,0.0,0.0,0.0,1.95
1100,1.2225,0.5,0.1,0.0,0.0015,1.95
1101,1.222,0.0,0.0,0.0,0.0,1.95
1102,1.2225,0.5,0.1,0.0,0.0015,1.95
1103,1.222,0.0,0.0,0.0,0.0,1.95
1104,1.2225,0.5,0.1,0.0,0.0015,1.95
1105,1.222,0.0,0.0,0.0,0.0,1.95
1106,1.2225,0.5,0.1,0.0,0.0015,1.95
1107,1.222,0.0,0.0,0.0,0.0,1.95
1108,1.222,0.0,0.0,0.0,0.0,1.95
1109,1.222,0.0,0.0,0.0,0.0,1.95
1110,1.2225,0.5,0.1,0.0,0.0015,1.95
1111,1.2225,0.5,0.1,0.0,0.0015,1.95
1112,1.222,0.0,0.0,0.0,0.0,1.95
1113,1.2225,0.5,0.1,0.0,0.0015,1.95
1114,1.2225,0.5,0.1,0.0,0.0015,1.95
1115,1.222,0.0,0.0,0.0,0.0,1.95
1116,1.222,0.0,0.0,0.0,0.0,1.95
1117,1.2225,0.5,0.1,0.0,0.0015,1.95
1118,1.2225,0.5,0.1,0.0,0.0015,1.95
1119,1.222,0.0,0.0,0.0,0.0,1.95
1120,1.2225,0.5,0.1,0.0,0.0015,1.95
1121,1.222,0.0,0.0,0.0,0.0,1.95
1122,1.2225,0.5,0.1,0.0,0.0015,1.95
1123,1.2225,0.5,0.1,0.0,0.0015,1.95
1124,1.222,0.0,0.0,0.0,0.0,1.95
1125,1.222,0.0,0.0,0.0,0.0,1.95
1126,1.222,0.0,0.0,0.0,0.0,1.95
1127,1.2225,0.5,0.1,0.0,0.0015,1.95
1128,1.2225,0.5,0.1,0.0,0.0015,1.95
1129,1.222,0.0,0.0,0.0,0.0,1.95
1130,1.222,0.0,0.0,0.0,0.0,1.95
1131,1.222,0.0,0.0,0.0,0.0,1.95
1132,1.2225,0.5,0.1,0.0,0.0015,1.95
1133,1.222,0.0,0.0,0.0,0.0,1.95
1134,1.222,0.0,0.0,0.0,0.0,1.95
1135,1.222,0.0,0.0,0.0,0.0,1.95
1136,1.222,0.0,0.0,0.0,0.0,1.95
1137,1.222,0.0,0.0,0.0,0.0,1.95
1138,1.2225,0.5,0.1,0.0,0.0015,1.95
1139,1.222,0.0,0.0,0.0,0.0,1.95
1140,1.2225,0.5,0.1,0.0,0.0015,1.95
1141,1.222,0.0,0.0,0.0,0.0,1.95
1142,1.2225,0.5,0.1,0.0,0.0015,1.95
1143,1.222,0.0,0.0,0.0,0.0,1.95
1144,1.222,0.0,0.0,0.0,0.0,1.95
1145,1.222,0.0,0.0,0.0,0.0,1.95
1146,1.2225,0.5,0.1,0.0,0.0015,1.95
1147,1.2225,0.5,0.1,0.0,0.0015,1.95
1148,1.2225,0.5,0.1,0.0,0.0015,1.95
1149,1.222,0.0,0.0,0.0,0.0,1.95
1150,1.2225,0.5,0.1,0.0,0.0015,1.95
1151,1.222,0.0,0.0,0.0,0.0,1.95
1152,1.222,0.0,0.0,0.0,0.0,1.95
1153,1.2225,0.5,0.1,0.0,0.0015,1.95
1154,1.222,0.0,0.0,0.0,0.0,1.95
1155,1.2225,0.5,0.1,0.0,0.0015,1.95
1156,1.222,0.0,0.0,0.0,0.0,1.95
1157,1.2225,0.5,0.1,0.0,0.0015,1.95
1158,1.2225,0.5,0.1,0.0,0.0015,1.95
1159,1.222,0.0,0.0,0.0,0.0,1.95
1160,1.2225,0.5,0.1,0.0,0.0015,1.95
1161,1.2225,0.5,0.1,0.0,0.0015,1.95
1162,1.2225,0.5,0.1,0.0,0.0015,1.95
1163,1.2225,0.5,0.1,0.0,0.0015,1.95
1164,1.2225,0.5,0.1,0.0,0.0015,1.95
1165,1.2225,0.5,0.1,0.0,0.0015,1.95
1166,1.2225,0.5,0.1,0.0,0.0015,1.95
1167,1.2225,0.5,0.1,0.0,0.0015,1.95
1168,1.2225,0.5,0.1,0.0,0.0015,1.95
1169,1.2225,0.5,0.1,0.0,0.0015,1.95
1170,1.222,0.0,0.0,0.0,0.0,1.95
1171,1.2225,0.5,0.1,0.0,0.0015,1.95
1172,1.2225,0.5,0.1,0.0,0.0015,1.95
1173,1.2225,0.5,0.1,0.0,0.0015,1.95
1174,1.2225,0.5,0.1,0.0,0.0015,1.95
1175,1.222,0.0,0.0,0.0,0.0,1.95
1176,1.2225,0.5,0.1,0.0,0.0015,1.95
1177,1.2225,0.5,0.1,0.0,0.0015,1.95
1178,1.2225,0.5,0.1,0.0,0.0015,1.95
1179,1.222,0.0,0.0,0.0,0.0,1.95
1180,1.222,0.0,0.0,0.0,0.0,1.95
1181,1.2225,0.5,0.1,0.0,0.0015,1.95
1182,1.222,0.0,0.0,0.0,0.0,1.95
1183,1.2225,0.5,0.1,0.0,0.0015,1.95
1184,1.222,0.0,0.0,0.0,0.0,1.95
1185,1.222,0.0,0.0,0.0,0.0,1.95
1186,1.2225,0.5,0.1,0.0,0.0015,1.95
1187,1.222,0.0,0.0,0.0,0.0,1.95
1188,1.2225,0.5,0.1,0.0,0.0015,1.95
1189,1.222,0.0,0.0,0.0,0.0,1.95
1190,1.2225,0.5,0.1,0.0,0.0015,1.95
1191,1.222,0.0,0.0,0.0,0.0,1.95
1192,1.222,0.0,0.0,0.0,0.0,1.95
1193,1.2225,0.5,0.1,0.0,0.0015,1.95
1194,1.2225,0.5,0.1,0.0,0.0015,1.95
1195,1.222,0.0,0.0,0.0,0.0,1.95
1196,1.2225,0.5,0.1,0.0,0.0015,1.95
1197,1.222,0.0,0.0,0.0,0.0,1.95
1198,1.2225,0.5,0.1,0.0,0.0015,1.95
1199,1.222,0.0,0.0,0.0,0.0,1.95
1200,1.222,0.0,0.0,0.0,0.0,1.95
1201,1.2225,0.5,0.1,0.0,0.0015,1.95
1202,1.222,0.0,0.0,0.0,0.0,1.95
1203,1.222,0.0,0.0,0.0,0.0,1.95
1204,1.222,0.0,0.0,0.0,0.0,1.95
1205,1.222,0.0,0.0,0.0,0.0,1.95
1206,1.222,0.0,0.0,0.0,0.0,1.95
1207,1.2225,0.5,0.1,0.0,0.0015,1.95
1208,1.222,0.0,0.0,0.0,0.0,1.95
1209,1.222,0.0,0.0,0.0,0.0,1.95
1210,1.2225,0.5,0.1,0.0,0.0015,1.95
1211,1.222,0.0,0.0,0.0,0.0,1.95
1212,1.222,0.0,0.0,0.0,0.0,1.95
1213,1.222,0.0,0.0,0.0,0.0,1.95
1214,1.222,0.0,0.0,0.0,0.0,1.95
1215,1.2225,0.5,0.1,0.0,0.0015,1.95
1216,1.222,0.0,0.0,0.0,0.0,1.95
1217,1.222,0.0,0.0,0.0,0.0,1.95
1218,1.2225,0.5,0.1,0.0,0.0015,1.95
1219,1.222,0.0,0.0,0.0,0.0,1.95
1220,1.2225,0.5,0.1,0.0,0.0015,1.95
1221,1.2225,0.5,0.1,0.0,0.0015,1.95
1222,1.2225,0.5,0.1,0.0,0.0015,1.95
1223,1.2225,0.5,0.1,0.0,0.0015,1.95
1224,1.2225,0.5,0.1,0.0,0.0015,1.95
1225,1.222,0.0,0.0,0.0,0.0,1.95
1226,1.2225,0.5,0.1,0.0,0.0015,1.95
1227,1.2225,0.5,0.1,0.0,0.0015,1.95
1228,1.222,0.0,0.0,0.0,0.0,1.95
1229,1.2225,0.5,0.1,0.0,0.0015,1.95
1230,1.2225,0.5,0.1,0.0,0.0015,1.95
1231,1.2225,0.5,0.1,0.0,0.0015,1.95
1232,1.222,0.0,0.0,0.0,0.0,1.95
1233,1.222,0.0,0.0,0.0,0.0,1.95
1234,1.2225,0.5,0.1,0.0,0.0015,1.95
1235,1.2225,0.5,0.1,0.0,0.0015,1.95
1236,1.222,0.0,0.0,0.0,0.0,1.95
1237,1.2225,0.5,0.1,0.0,0.0015,1.95
1238,1.222,0.0,0.0,0.0,0.0,1.95
1239,1.222,0.0,0.0,0.0,0.0,1.95
1240,1.222,0.0,0.0,0.0,0.0,1.95
1241,1.2225,0.5,0.1,0.0,0.0015,1.95
1242,1.222,0.0,0.0,0.0,0.0,1.95
1243,1.2225,0.5,0.1,0.0,0.0015,1.95
1244,1.2225,0.5,0.1,0.0,0.0015,1.95
1245,1.222,0.0,0.0,0.0,0.0,1.95
1246,1.2225,0.5,0.1,0.0,0.0015,1.95
1247,1.222,0.0,0.0,0.0,0.0,1.95
1248,1.222,0.0,0.0,0.0,0.0,1.95
1249,1.222,0.0,0.0,0.0,0.0,1.95
1250,1.222,0.0,0.0,0.0,0.0,1.95
1251,1.222,0.0,0.0,0.0,0.0,1.95
1252,1.222,0.0,0.0,0.0,0.0,1.95
1253,1.2225,0.5,0.1,0.0,0.0015,1.95
1254,1.222,0.0,0.0,0.0,0.0,1.95
1255,1.2225,0.5,0.1,0.0,0.0015,1.95
1256,1.2225,0.5,0.1,0.0,0.0015,1.95
1257,1.2225,0.5,0.1,0.0,0.0015,1.95
1258,1.2225,0.5,0.1,0.0,0.0015,1.95
1259,1.222,0.0,0.0,0.0,0.0,1.95
1260,1.222,0.0,0.0,0.0,0.0,1.95
1261,1.222,0.0,0.0,0.0,0.0,1.95
1262,1.2225,0.5,0.1,0.0,0.0015,1.95
1263,1.2225,0.5,0.1,0.0,0.0015,1.95
1264,1.2225,0.5,0.1,0.0,0.0015,1.95
1265,1.222,0.0,0.0,0.0,0.0,1.95
1266,1.222,0.0,0.0,0.0,0.0,1.95
1267,1.222,0.0,0.0,0.0,0.0,1.95
1268,1.222,0.0,0.0,0.0,0.0,1.95
1269,1.222,0.0,0.0,0.0,0.0,1.95
1270,1.222,0.0,0.0,0.0,0.0,1.95
1271,1.222,0.0,0.0,0.0,0.0,1.95
1272,1.2225,0.5,0.1,0.0,0.0015,1.95
1273,1.2225,0.5,0.1,0.0,0.0015,1.95
1274,1.2225,0.5,0.1,0.0,0.0015,1.95
1275,1.2225,0.5,0.1,0.0,0.0015,1.95
1276,1.2225,0.5,0.1,0.0,0.0015,1.95
1277,1.2225,0.5,0.1,0.0,0.0015,1.95
1278,1.2225,0.5,0.1,0.0,0.0015,1.95
1279,1.222,0.0,0.0,0.0,0.0,1.95
1280,1.222,0.0,0.0,0.0,0.0,1.95
1281,1.222,0.0,0.0,0.0,0.0,1.95
1282,1.2225,0.5,0.1,0.0,0.0015,1.95
1283,1.2225,0.5,0.1,0.0,0.0015,1.95
1284,1.222,0.0,0.0,0.0,0.0,1.95
1285,1.2225,0.5,0.1,0.0,0.0015,1.95
1286,1.222,0.0,0.0,0.0,0.0,1.95
1287,1.222,0.0,0.0,0.0,0.0,1.95
1288,1.222,0.0,0.0,0.0,0.0,1.95
1289,1.2225,0.5,0.1,0.0,0.0015,1.95
1290,1.2225,0.5,0.1,0.0,0.0015,1.95
1291,1.222,0.0,0.0,0.0,0.0,1.95
1292,1.222,0.0,0.0,0.0,0.0,1.95
1293,1.222,0.0,0.0,0.0,0.0,1.95
1294,1.222,0.0,0.0,0.0,0.0,1.95
1295,1.2225,0.5,0.1,0.0,0.0015,1.95
1296,1.222,0.0,0.0,0.0,0.0,1.95
1297,1.2225,0.5,0.1,0.0,0.0015,1.95
1298,1.222,0.0,0.0,0.0,0.0,1.95
1299,1.222,0.0,0.0,0.0,0.0,1.95
1300,1.222,0.0,0.0,0.0,0.0,1.95
1301,1.2225,0.5,0.1,0.0,0.0015,1.95
1302,1.222,0.0,0.0,0.0,0.0,1.95
1303,1.2225,0.5,0.1,0.0,0.0015,1.95
1304,1.2225,0.5,0.1,0.0,0.0015,1.95
1305,1.222,0.0,0.0,0.0,0.0,1.95
1306,1.2225,0.5,0.1,0.0,0.0015,1.95
1307,1.2225,0.5,0.1,0.0,0.0015,1.95
1308,1.2225,0.5,0.1,0.0,0.0015,1.95
1309,1.222,0.0,0.0,0.0,0.0,1.95
1310,1.2225,0.5,0.1,0.0,0.0015,1.95
1311,1.222,0.0,0.0,0.0,0.0,1.95
1312,1.2225,0.5,0.1,0.0,0.0015,1.95
1313,1.2225,0.5,0.1,0.0,0.0015,1.95
1314,1.222,0.0,0.0,0.0,0.0,1.95
1315,1.222,0.0,0.0,0.0,0.0,1.95
1316,1.222,0.0,0.0,0.0,0.0,1.95
1317,1.222,0.0,0.0,0.0,0.0,1.95
1318,1.2225,0.5,0.1,0.0,0.0015,1.95
1319,1.2225,0.5,0.1,0.0,0.0015,1.95
1320,1.222,0.0,0.0,0.0,0.0,1.95
1321,1.222,0.0,0.0,0.0,0.0,1.95
1322,1.2225,0.5,0.1,0.0,0.0015,1.95
1323,1.2225,0.5,0.1,0.0,0.0015,1.95
1324,1.2225,0.5,0.1,0.0,0.0015,1.95
1325,1.2225,0.5,0.1,0.0,0.0015,1.95
1326,1.222,0.0,0.0,0.0,0.0,1.95
1327,1.222,0.0,0.0,0.0,0.0,1.95
1328,1.2225,0.5,0.1,0.0,0.0015,1.95
1329,1.222,0.0,0.0,0.0,0.0,1.95
1330,1.222,0.0,0.0,0.0,0.0,1.95
1331,1.2225,0.5,0.1,0.0,0.0015,1.95
1332,1.222,0.0,0.0,0.0,0.0,1.95
1333,1.222,0.0,0.0,0.0,0.0,1.95
1334,1.222,0.0,0.0,0.0,0.0,1.95
1335,1.2225,0.5,0.1,0.0,0.0015,1.95
1336,1.2225,0.5,0.1,0.0,0.0015,1.95
1337,1.2225,0.5,0.1,0.0,0.0015,1.95
1338,1.2225,0.5,0.1,0.0,0.0015,1.95
1339,1.2225,0.5,0.1,0.0,0.0015,1.95
1340,1.2225,0.5,0.1,0.0,0.0015,1.95
1341,1.222,0.0,0.0,0.0,0.0,1.95
1342,1.222,0.0,0.0,0.0,0.0,1.95
1343,1.222,0.0,0.0,0.0,0.0,1.95
1344,1.2225,0.5,0.1,0.0,0.0015,1.95
1345,1.222,0.0,0.0,0.0,0.0,1.95
1346,1.2225,0.5,0.1,0.0,0.0015,1.95
1347,1.222,0.0,0.0,0.0,0.0,1.95
1348,1.2225,0.5,0.1,0.0,0.0015,1.95
1349,1.2225,0.5,0.1,0.0,0.0015,1.95
1350,1.222,0.0,0.0,0.0,0.0,1.95
1351,1.222,0.0,0.0,0.0,0.0,1.95
1352,1.222,0.0,0.0,0.0,0.0,1.95
1353,1.2225,0.5,0.1,0.0,0.0015,1.95
1354,1.222,0.0,0.0,0.0,0.0,1.95
1355,1.2225,0.5,0.1,0.0,0.0015,1.95
1356,1.2225,0.5,0.1,0.0,0.0015,1.95
1357,1.2225,0.5,0.1,0.0,0.0015,1.95
1358,1.2225,0.5,0.1,0.0,0.0015,1.95
1359,1.222,0.0,0.0,0.0,0.0,1.95
1360,1.222,0.0,0.0,0.0,0.0,1.95
1361,1.222,0.0,0.0,0.0,0.0,1.95
1362,1.2225,0.5,0.1,0.0,0.0015,1.95
1363,1.2225,0.5,0.1,0.0,0.0015,1.95
1364,1.2225,0.5,0.1,0.0,0.0015,1.95
1365,1.222,0.0,0.0,0.0,0.0,1.95
1366,1.222,0.0,0.0,0.0,0.0,1.95
1367,1.222,0.0,0.0,0.0,0.0,1.95
1368,1.222,0.0,0.0,0.0,0.0,1.95
1369,1.2225,0.5,0.1,0.0,0.0015,1.95
1370,1.222,0.0,0.0,0.0,0.0,1.95
1371,1.222,0.0,0.0,0.0,0.0,1.95
1372,1.222,0.0,0.0,0.0,0.0,1.95
1373,1.222,0.0,0.0,0.0,0.0,1.95
1374,1.2225,0.5,0.1,0.0,0.0015,1.95
1375,1.222,0.0,0.0,0.0,0.0,1.95
1376,1.2225,0.5,0.1,0.0,0.0015,1.95
1377,1.222,0.0,0.0,0.0,0.0,1.95
1378,1.222,0.0,0.0,0.0,0.0,1.95
1379,1.2225,0.5,0.1,0.0,0.0015,1.95
1380,1.2225,0.5,0.1,0.0,0.0015,1.95
1381,1.2225,0.5,0.1,0.0,0.0015,1.95
1382,1.222,0.0,0.0,0.0,0.0,1.95
1383,1.2225,0.5,0.1,0.0,0.0015,1.95
1384,1.2225,0.5,0.1,0.0,0.0015,1.95
1385,1.222,0.0,0.0,0.0,0.0,1.95
1386,1.2225,0.5,0.1,0.0,0.0015,1.95
1387,1.2225,0.5,0.1,0.0,0.0015,1.95
1388,1.2225,0.5,0.1,0.0,0.0015,1.95
1389,1.222,0.0,0.0,0.0,0.0,1.95
1390,1.2225,0.5,0.1,0.0,0.0015,1.95
1391,1.2225,0.5,0.1,0.0,0.0015,1.95
1392,1.222,0.0,0.0,0.0,0.0,1.95
1393,1.2225,0.5,0.1,0.0,0.0015,1.95
1394,1.222,0.0,0.0,0.0,0.0,1.95
1395,1.2225,0.5,0.1,0.0,0.0015,1.95
1396,1.2225,0.5,0.1,0.0,0.0015,1.95
1397,1.2225,0.5,0.1,0.0,0.0015,1.95
1398,1.2225,0.5,0.1,0.0,0.0015,1.95
1399,1.222,0.0,0.0,0.0,0.0,1.95
1400,1.222,0.0,0.0,0.0,0.0,1.95
1401,1.2225,0.5,0.1,0.0,0.0015,1.95
1402,1.2225,0.5,0.1,0.0,0.0015,1.95
1403,1.222,0.0,0.0,0.0,0.0,1.95
1404,1.2225,0.5,0.1,0.0,0.0015,1.95
1405,1.222,0.0,0.0,0.0,0.0,1.95
1406,1.2225,0.5,0.1,0.0,0.0015,1.95
1407,1.2225,0.5,0.1,0.0,0.0015,1.95
1408,1.2225,0.5,0.1,0.0,0.0015,1.95
1409,1.2225,0.5,0.1,0.0,0.0015,1.95
1410,1.2225,0.5,0.1,0.0,0.0015,1.95
1411,1.2225,0.5,0.1,0.0,0.0015,1.95
1412,1.222,0.0,0.0,0.0,0.0,1.95
1413,1.222,0.0,0.0,0.0,0.0,1.95
1414,1.222,0.0,0.0,0.0,0.0,1.95
1415,1.222,0.0,0.0,0.0,0.0,1.95
1416,1.222,0.0,0.0,0.0,0.0,1.95
1417,1.2225,0.5,0.1,0.0,0.0015,1.95
1418,1.2225,0.5,0.1,0.0,0.0015,1.95
1419,1.2225,0.5,0.1,0.0,0.0015,1.95
1420,1.222,0.0,0.0,0.0,0.0,1.95
1421,1.222,0.0,0.0,0.0,0.0,1.95
1422,1.222,0.0,0.0,0.0,0.0,1.95
1423,1.222,0.0,0.0,0.0,0.0,1.95
1424,1.2225,0.5,0.1,0.0,0.0015,1.95
1425,1.2225,0.5,0.1,0.0,0.0015,1.95
1426,1.2225,0.5,0.1,0.0,0.0015,1.95
1427,1.2225,0.5,0.1,0.0,0.0015,1.95
1428,1.2225,0.5,0.1,0.0,0.0015,1.95
1429,1.2225,0.5,0.1,0.0,0.0015,1.95
1430,1.222,0.0,0.0,0.0,0.0,1.95
1431,1.2225,0.5,0.1,0.0,0.0015,1.95
1432,1.222,0.0,0.0,0.0,0.0,1.95
1433,1.222,0.0,0.0,0.0,0.0,1.95
1434,1.2225,0.5,0.1,0.0,0.0015,1.95
1435,1.2225,0.5,0.1,0.0,0.0015,1.95
1436,1.2225,0.5,0.1,0.0,0.0015,1.95
1437,1.2225,0.5,0.1,0.0,0.0015,1.95
1438,1.222,0.0,0.0,0.0,0.0,1.95
1439,1.2225,0.5,0.1,0.0,0.0015,1.95
1440,1.222,0.0,0.0,0.0,0.0,1.95
1441,1.222,0.0,0.0,0.0,0.0,1.95
1442,1.222,0.0,0.0,0.0,0.0,1.95
1443,1.2225,0.5,0.1,0.0,0.0015,1.95
1444,1.222,0.0,0.0,0.0,0.0,1.95
1445,1.2225,0.5,0.1,0.0,0.0015,1.95
1446,1.2225,0.5,0.1,0.0,0.0015,1.95
1447,1.222,0.0,0.0,0.0,0.0,1.95
1448,1.222,0.0,0.0,0.0,0.0,1.95
1449,1.222,0.0,0.0,0.0,0.0,1.95
1450,1.222,0.0,0.0,0.0,0.0,1.95
1451,1.222,0.0,0.0,0.0,0.0,1.95
1452,1.222,0.0,0.0,0.0,0.0,1.95
1453,1.2225,0.5,0.1,0.0,0.0015,1.95
1454,1.222,0.0,0.0,0.0,0.0,1.95
1455,1.222,0.0,0.0,0.0,0.0,1.95
1456,1.222,0.0,0.0,0.0,0.0,1.95
1457,1.222,0.0,0.0,0.0,0.0,1.95
1458,1.2225,0.5,0.1,0.0,0.0015,1.95
1459,1.2225,0.5,0.1,0.0,0.0015,1.95
1460,1.222,0.0,0.0,0.0,0.0,1.95
1461,1.222,0.0,0.0,0.0,0.0,1.95
1462,1.222,0.0,0.0,0.0,0.0,1.95
1463,1.2225,0.5,0.1,0.0,0.0015,1.95
1464,1.222,0.0,0.0,0.0,0.0,1.95
1465,1.2225,0.5,0.1,0.0,0.0015,1.95
1466,1.2225,0.5,0.1,0.0,0.0015,1.95
1467,1.2225,0.5,0.1,0.0,0.0015,1.95
1468,1.2225,0.5,0.1,0.0,0.0015,1.95
1469,1.222,0.0,0.0,0.0,0.0,1.95
1470,1.2225,0.5,0.1,0.0,0.0015,1.95
1471,1.222,0.0,0.0,0.0,0.0,1.95
1472,1.222,0.0,0.0,0.0,0.0,1.95
1473,1.2225,0.5,0.1,0.0,0.0015,1.95
1474,1.222,0.0,0.0,0.0,0.0,1.95
1475,1.2225,0.5,0.1,0.0,0.0015,1.95
1476,1.222,0.0,0.0,0.0,0.0,1.95
1477,1.2225,0.5,0.1,0.0,0.0015,1.95
1478,1.222,0.0,0.0,0.0,0.0,1.95
1479,1.222,0.0,0.0,0.0,0.0,1.95
1480,1.222,0.0,0.0,0.0,0.0,1.95
1481,1.222,0.0,0.0,0.0,0.0,1.95
1482,1.222,0.0,0.0,0.0,0.0,1.95
1483,1.2225,0.5,0.1,0.0,0.0015,1.95
1484,1.222,0.0,0.0,0.0,0.0,1.95
1485,1.2225,0.5,0.1,0.0,0.0015,1.95
1486,1.2225,0.5,0.1,0.0,0.0015,1.95
1487,1.222,0.0,0.0,0.0,0.0,1.95
1488,1.2225,0.5,0.1,0.0,0.0015,1.95
1489,1.2225,0.5,0.1,0.0,0.0015,1.95
1490,1.2225,0.5,0.1,0.0,0.0015,1.95
1491,1.2225,0.5,0.1,0.0,0.0015,1.95
1492,1.222,0.0,0.0,0.0,0.0,1.95
1493,1.222,0.0,0.0,0.0,0.0,1.95
1494,1.222,0.0,0.0,0.0,0.0,1.95
1495,1.2225,0.5,0.1,0.0,0.0015,1.95
1496,1.222,0.0,0.0,0.0,0.0,1.95
1497,1.2225,0.5,0.1,0.0,0.0015,1.95
1498,1.2225,0.5,0.1,0.0,0.0015,1.95
1499,1.222,0.0,0.0,0.0,0.0,1.95
1500,1.222,0.0,0.0,0.0,0.0,1.95
1501,1.222,0.0,0.0,0.0,0.0,1.95
1502,1.2225,0.5,0.1,0.0,0.0015,1.95
1503,1.222,0.0,0.0,0.0,0.0,1.95
1504,1.2225,0.5,0.1,0.0,0.0015,1.95
1505,1.2225,0.5,0.1,0.0,0.0015,1.95
1506,1.222,0.0,0.0,0.0,0.0,1.95
1507,1.222,0.0,0.0,0.0,0.0,1.95
1508,1.2225,0.5,0.1,0.0,0.0015,1.95
1509,1.2225,0.5,0.1,0.0,0.0015,1.95
1510,1.2225,0.5,0.1,0.0,0.0015,1.95
1511,1.2225,0.5,0.1,0.0,0.0015,1.95
1512,1.2225,0.5,0.1,0.0,0.0015,1.95
1513,1.2225,0.5,0.1,0.0,0.0015,1.95
1514,1.2225,0.5,0.1,0.0,0.0015,1.95
1515,1.222,0.0,0.0,0.0,0.0,1.95
1516,1.2225,0.5,0.1,0.0,0.0015,1.95
1517,1.222,0.0,0.0,0.0,0.0,1.95
1518,1.222,0.0,0.0,0.0,0.0,1.95
1519,1.2225,0.5,0.1,0.0,0.0015,1.95
1520,1.222,0.0,0.0,0.0,0.0,1.95
1521,1.2225,0.5,0.1,0.0,0.0015,1.95
1522,1.2225,0.5,0.1,0.0,0.0015,1.95
1523,1.222,0.0,0.0,0.0,0.0,1.95
1524,1.222,0.0,0.0,0.0,0.0,1.95
1525,1.222,0.0,0.0,0.0,0.0,1.95
1526,1.222,0.0,0.0,0.0,0.0,1.95
1527,1.222,0.0,0.0,0.0,0.0,1.95
1528,1.2225,0.5,0.1,0.0,0.0015,1.95
1529,1.222,0.0,0.0,0.0,0.0,1.95
1530,1.222,0.0,0.0,0.0,0.0,1.95
1531,1.2225,0.5,0.1,0.0,0.0015,1.95
1532,1.222,0.0,0.0,0.0,0.0,1.95
1533,1.222,0.0,0.0,0.0,0.0,1.95
1534,1.2225,0.5,0.1,0.0,0.0015,1.95
1535,1.222,0.0,0.0,0.0,0.0,1.95
1536,1.222,0.0,0.0,0.0,0.0,1.95
1537,1.2225,0.5,0.1,0.0,0.0015,1.95
1538,1.2225,0.5,0.1,0.0,0.0015,1.95
1539,1.222,0.0,0.0,0.0,0.0,1.95
1540,1.2225,0.5,0.1,0.0,0.0015,1.95
1541,1.2225,0.5,0.1,0.0,0.0015,1.95
1542,1.222,0.0,0.0,0.0,0.0,1.95
1543,1.222,0.0,0.0,0.0,0.0,1.95
1544,1.2225,0.5,0.1,0.0,0.0015,1.95
1545,1.2225,0.5,0.1,0.0,0.0015,1.95
1546,1.2225,0.5,0.1,0.0,0.0015,1.95
1547,1.2225,0.5,0.1,0.0,0.0015,1.95
1548,1.222,0.0,0.0,0.0,0.0,1.95
1549,1.222,0.0,0.0,0.0,0.0,1.95
1550,1.222,0.0,0.0,0.0,0.0,1.95
1551,1.222,0.0,0.0,0.0,0.0,1.95
1552,1.222,0.0,0.0,0.0,0.0,1.95
1553,1.2225,0.5,0.1,0.0,0.0015,1.95
1554,1.222,0.0,0.0,0.0,0.0,1.95
1555,1.222,0.0,0.0,0.0,0.0,1.95
1556,1.222,0.0,0.0,0.0,0.0,1.95
1557,1.2225,0.5,0.1,0.0,0.0015,1.95
1558,1.2225,0.5,0.1,0.0,0.0015,1.95
1559,1.222,0.0,0.0,0.0,0.0,1.95
1560,1.2225,0.5,0.1,0.0,0.0015,1.95
1561,1.2225,0.5,0.1,0.0,0.0015,1.95
1562,1.222,0.0,0.0,0.0,0.0,1.95
1563,1.2225,0.5,0.1,0.0,0.0015,1.95
1564,1.2225,0.5,0.1,0.0,0.0015,1.95
1565,1.222,0.0,0.0,0.0,0.0,1.95
1566,1.2225,0.5,0.1,0.0,0.0015,1.95
1567,1.222,0.0,0.0,0.0,0.0,1.95
1568,1.2225,0.5,0.1,0.0,0.0015,1.95
1569,1.2225,0.5,0.1,0.0,0.0015,1.95
1570,1.222,0.0,0.0,0.0,0.0,1.95
1571,1.2225,0.5,0.1,0.0,0.0015,1.95
1572,1.2225,0.5,0.1,0.0,0.0015,1.95
1573,1.2225,0.5,0.1,0.0,0.0015,1.95
1574,1.2225,0.5,0.1,0.0,0.0015,1.95
1575,1.2225,0.5,0.1,0.0,0.0015,1.95
1576,1.222,0.0,0.0,0.0,0.0,1.95
1577,1.2225,0.5,0.1,0.0,0.0015,1.95
1578,1.2225,0.5,0.1,0.0,0.0015,1.95
1579,1.222,0.0,0.0,0.0,0.0,1.95
1580,1.222,0.0,0.0,0.0,0.0,1.95
1581,1.222,0.0,0.0,0.0,0.0,1.95
1582,1.2225,0.5,0.1,0.0,0.0015,1.95
1583,1.2225,0.5,0.1,0.0,0.0015,1.95
1584,1.2225,0.5,0.1,0.0,0.0015,1.95
1585,1.2225,0.5,0.1,0.0,0.0015,1.95
1586,1.222,0.0,0.0,0.0,0.0,1.95
1587,1.2225,0.5,0.1,0.0,0.0015,1.95
1588,1.222,0.0,0.0,0.0,0.0,1.95
1589,1.222,0.0,0.0,0.0,0.0,1.95
1590,1.222,0.0,0.0,0.0,0.0,1.95
1591,1.2225,0.5,0.1,0.0,0.0015,1.95
1592,1.222,0.0,0.0,0.0,0.0,1.95
1593,1.222,0.0,0.0,0.0,0.0,1.95
1594,1.222,0.0,0.0,0.0,0.0,1.95
1595,1.2225,0.5,0.1,0.0,0.0015,1.95
1596,1.2225,0.5,0.1,0.0,0.0015,1.95
1597,1.222,0.0,0.0,0.0,0.0,1.95
1598,1.222,0.0,0.0,0.0,0.0,1.95
1599,1.2225,0.5,0.1,0.0,0.0015,1.95
1600,1.2225,0.5,0.1,0.0,0.0015,1.95
1601,1.222,0.0,0.0,0.0,0.0,1.95
1602,1.222,0.0,0.0,0.0,0.0,1.95
1603,1.222,0.0,0.0,0.0,0.0,1.95
1604,1.2225,0.5,0.1,0.0,0.0015,1.95
1605,1.222,0.0,0.0,0.0,0.0,1.95
1606,1.2225,0.5,0.1,0.0,0.0015,1.95
1607,1.222,0.0,0.0,0.0,0.0,1.95
1608,1.2225,0.5,0.1,0.0,0.0015,1.95
1609,1.2225,0.5,0.1,0.0,0.0015,1.95
1610,1.2225,0.5,0.1,0.0,0.0015,1.95
1611,1.2225,0.5,0.1,0.0,0.0015,1.95
1612,1.222,0.0,0.0,0.0,0.0,1.95
1613,1.222,0.0,0.0,0.0,0.0,1.95
1614,1.2225,0.5,0.1,0.0,0.0015,1.95
1615,1.2225,0.5,0.1,0.0,0.0015,1.95
1616,1.2225,0.5,0.1,0.0,0.0015,1.95
1617,1.2225,0.5,0.1,0.0,0.0015,1.95
1618,1.2225,0.5,0.1,0.0,0.0015,1.95
1619,1.222,0.0,0.0,0.0,0.0,1.95
1620,1.2225,0.5,0.1,0.0,0.0015,1.95
1621,1.222,0.0,0.0,0.0,0.0,1.95
1622,1.222,0.0,0.0,0.0,0.0,1.95
1623,1.2225,0.5,0.1,0.0,0.0015,1.95
1624,1.222,0.0,0.0,0.0,0.0,1.95
1625,1.2225,0.5,0.1,0.0,0.0015,1.95
1626,1.222,0.0,0.0,0.0,0.0,1.95
1627,1.2225,0.5,0.1,0.0,0.0015,1.95
1628,1.222,0.0,0.0,0.0,0.0,1.95
1629,1.2225,0.5,0.1,0.0,0.0015,1.95
1630,1.222,0.0,0.0,0.0,0.0,1.95
1631,1.222,0.0,0.0,0.0,0.0,1.95
1632,1.222,0.0,0.0,0.0,0.0,1.95
1633,1.222,0.0,0.0,0.0,0.0,1.95
1634,1.2225,0.5,0.1,0.0,0.0015,1.95
1635,1.222,0.0,0.0,0.0,0.0,1.95
1636,1.222,0.0,0.0,0.0,0.0,1.95
1637,1.222,0.0,0.0,0.0,0.0,1.95
1638,1.2225,0.5,0.1,0.0,0.0015,1.95
1639,1.222,0.0,0.0,0.0,0.0,1.95
1640,1.2225,0.5,0.1,0.0,0.0015,1.95
1641,1.222,0.0,0.0,0.0,0.0,1.95
1642,1.222,0.0,0.0,0.0,0.0,1.95
1643,1.222,0.0,0.0,0.0,0.0,1.95
1644,1.222,0.0,0.0,0.0,0.0,1.95
1645,1.222,0.0,0.0,0.0,0.0,1.95
1646,1.222,0.0,0.0,0.0,0.0,1.95
1647,1.2225,0.5,0.1,0.0,0.0015,1.95
1648,1.2225,0.5,0.1,0.0,0.0015,1.95
1649,1.222,0.0,0.0,0.0,0.0,1.95
1650,1.222,0.0,0.0,0.0,0.0,1.95
1651,1.2225,0.5,0.1,0.0,0.0015,1.95
1652,1.222,0.0,0.0,0.0,0.0,1.95
1653,1.222,0.0,0.0,0.0,0.0,1.95
1654,1.222,0.0,0.0,0.0,0.0,1.95
1655,1.222,0.0,0.0,0.0,0.0,1.95
1656,1.2225,0.5,0.1,0.0,0.0015,1.95
1657,1.2225,0.5,0.1,0.0,0.0015,1.95
1658,1.222,0.0,0.0,0.0,0.0,1.95
1659,1.222,0.0,0.0,0.0,0.0,1.95
1660,1.2225,0.5,0.1,0.0,0.0015,1.95
1661,1.222,0.0,0.0,0.0,0.0,1.95
1662,1.222,0.0,0.0,0.0,0.0,1.95
1663,1.222,0.0,0.0,0.0,0.0,1.95
1664,1.2225,0.5,0.1,0.0,0.0015,1.95
1665,1.2225,0.5,0.1,0.0,0.0015,1.95
1666,1.2225,0.5,0.1,0.0,0.0015,1.95
1667,1.2225,0.5,0.1,0.0,0.0015,1.95
1668,1.2225,0.5,0.1,0.0,0.0015,1.95
1669,1.222,0.0,0.0,0.0,0.0,1.95
1670,1.2225,0.5,0.1,0.0,0.0015,1.95
1671,1.2225,0.5,0.1,0.0,0.0015,1.95
1672,1.2225,0.5,0.1,0.0,0.0015,1.95
1673,1.222,0.0,0.0,0.0,0.0,1.95
1674,1.222,0.0,0.0,0.0,0.0,1.95
1675,1.2225,0.5,0.1,0.0,0.0015,1.95
1676,1.222,0.0,0.0,0.0,0.0,1.95
1677,1.222,0.0,0.0,0.0,0.0,1.95
1678,1.222,0.0,0.0,0.0,0.0,1.95
1679,1.2225,0.5,0.1,0.0,0.0015,1.95
1680,1.222,0.0,0.0,0.0,0.0,1.95
1681,1.222,0.0,0.0,0.0,0.0,1.95
1682,1.222,0.0,0.0,0.0,0.0,1.95
1683,1.2225,0.5,0.1,0.0,0.0015,1.95
1684,1.2225,0.5,0.1,0.0,0.0015,1.95
1685,1.222,0.0,0.0,0.0,0.0,1.95
1686,1.222,0.0,0.0,0.0,0.0,1.95
1687,1.222,0.0,0.0,0.0,0.0,1.95
1688,1.2225,0.5,0.1,0.0,0.0015,1.95
1689,1.2225,0.5,0.1,0.0,0.0015,1.95
1690,1.222,0.0,0.0,0.0,0.0,1.95
1691,1.2225,0.5,0.1,0.0,0.0015,1.95
1692,1.222,0.0,0.0,0.0,0.0,1.95
1693,1.2225,0.5,0.1,0.0,0.0015,1.95
1694,1.222,0.0,0.0,0.0,0.0,1.95
1695,1.222,0.0,0.0,0.0,0.0,1.95
1696,1.222,0.0,0.0,0.0,0.0,1.95
1697,1.2225,0.5,0.1,0.0,0.0015,1.95
1698,1.222,0.0,0.0,0.0,0.0,1.95
1699,1.2225,0.5,0.1,0.0,0.0015,1.95
1700,1.222,0.0,0.0,0.0,0.0,1.95
1701,1.222,0.0,0.0,0.0,0.0,1.95
1702,1.222,0.0,0.0,0.0,0.0,1.95
1703,1.2225,0.5,0.1,0.0,0.0015,1.95
1704,1.2225,0.5,0.1,0.0,0.0015,1.95
1705,1.222,0.0,0.0,0.0,0.0,1.95
1706,1.2225,0.5,0.1,0.0,0.0015,1.95
1707,1.2225,0.5,0.1,0.0,0.0015,1.95
1708,1.2225,0.5,0.1,0.0,0.0015,1.95
1709,1.2225,0.5,0.1,0.0,0.0015,1.95
1710,1.222,0.0,0.0,0.0,0.0,1.95
1711,1.222,0.0,0.0,0.0,0.0,1.95
1712,1.222,0.0,0.0,0.0,0.0,1.95
1713,1.222,0.0,0.0,0.0,0.0,1.95
1714,1.222,0.0,0.0,0.0,0.0,1.95
1715,1.2225,0.5,0.1,0.0,0.0015,1.95
1716,1.222,0.0,0.0,0.0,0.0,1.95
1717,1.222,0.0,0.0,0.0,0.0,1.95
1718,1.2225,0.5,0.1,0.0,0.0015,1.95
1719,1.2225,0.5,0.1,0.0,0.0015,1.95
1720,1.222,0.0,0.0,0.0,0.0,1.95
1721,1.2225,0.5,0.1,0.0,0.0015,1.95
1722,1.222,0.0,0.0,0.0,0.0,1.95
1723,1.222,0.0,0.0,0.0,0.0,1.95
1724,1.222,0.0,0.0,0.0,0.0,1.95
1725,1.2225,0.5,0.1,0.0,0.0015,1.95
1726,1.2225,0.5,0.1,0.0,0.0015,1.95
1727,1.2225,0.5,0.1,0.0,0.0015,1.95
1728,1.222,0.0,0.0,0.0,0.0,1.95
1729,1.2225,0.5,0.1,0.0,0.0015,1.95
1730,1.2225,0.5,0.1,0.0,0.0015,1.95
1731,1.222,0.0,0.0,0.0,0.0,1.95
1732,1.2225,0.5,0.1,0.0,0.0015,1.95
1733,1.2225,0.5,0.1,0.0,0.0015,1.95
1734,1.222,0.0,0.0,0.0,0.0,1.95
1735,1.222,0.0,0.0,0.0,0.0,1.95
1736,1.222,0.0,0.0,0.0,0.0,1.95
1737,1.2225,0.5,0.1,0.0,0.0015,1.95
1738,1.222,0.0,0.0,0.0,0.0,1.95
1739,1.222,0.0,0.0,0.0,0.0,1.95
1740,1.222,0.0,0.0,0.0,0.0,1.95
1741,1.222,0.0,0.0,0.0,0.0,1.95
1742,1.2225,0.5,0.1,0.0,0.0015,1.95
1743,1.222,0.0,0.0,0.0,0.0,1.95
1744,1.222,0.0,0.0,0.0,0.0,1.95
1745,1.222,0.0,0.0,0.0,0.0,1.95
1746,1.2225,0.5,0.1,0.0,0.0015,1.95
1747,1.222,0.0,0.0,0.0,0.0,1.95
1748,1.2225,0.5,0.1,0.0,0.0015,1.95
1749,1.222,0.0,0.0,0.0,0.0,1.95
1750,1.2225,0.5,0.1,0.0,0.0015,1.95
1751,1.222,0.0,0.0,0.0,0.0,1.95
1752,1.2225,0.5,0.1,0.0,0.0015,1.95
1753,1.222,0.0,0.0,0.0,0.0,1.95
1754,1.222,0.0,0.0,0.0,0.0,1.95
1755,1.222,0.0,0.0,0.0,0.0,1.95
1756,1.2225,0.5,0.1,0.0,0.0015,1.95
1757,1.222,0.0,0.0,0.0,0.0,1.95
1758,1.2225,0.5,0.1,0.0,0.0015,1.95
1759,1.2225,0.5,0.1,0.0,0.0015,1.95
1760,1.2225,0.5,0.1,0.0,0.0015,1.95
1761,1.222,0.0,0.0,0.0,0.0,1.95
1762,1.222,0.0,0.0,0.0,0.0,1.95
1763,1.222,0.0,0.0,0.0,0.0,1.95
1764,1.2225,0.5,0.1,0.0,0.0015,1.95
1765,1.2225,0.5,0.1,0.0,0.0015,1.95
1766,1.222,0.0,0.0,0.0,0.0,1.95
1767,1.222,0.0,0.0,0.0,0.0,1.95
1768,1.222,0.0,0.0,0.0,0.0,1.95
1769,1.2225,0.5,0.1,0.0,0.0015,1.95
1770,1.2225,0.5,0.1,0.0,0.0015,1.95
1771,1.2225,0.5,0.1,0.0,0.0015,1.95
1772,1.222,0.0,0.0,0.0,0.0,1.95
1773,1.222,0.0,0.0,0.0,0.0,1.95
1774,1.222,0.0,0.0,0.0,0.0,1.95
1775,1.222,0.0,0.0,0.0,0.0,1.95
1776,1.222,0.0,0.0,0.0,0.0,1.95
1777,1.222,0.0,0.0,0.0,0.0,1.95
1778,1.2225,0.5,0.1,0.0,0.0015,1.95
1779,1.222,0.0,0.0,0.0,0.0,1.95
1780,1.2225,0.5,0.1,0.0,0.0015,1.95
1781,1.222,0.0,0.0,0.0,0.0,1.95
1782,1.222,0.0,0.0,0.0,0.0,1.95
1783,1.222,0.0,0.0,0.0,0.0,1.95
1784,1.222,0.0,0.0,0.0,0.0,1.95
1785,1.222,0.0,0.0,0.0,0.0,1.95
1786,1.2225,0.5,0.1,0.0,0.0015,1.95
1787,1.2225,0.5,0.1,0.0,0.0015,1.95
1788,1.222,0.0,0.0,0.0,0.0,1.95
1789,1.222,0.0,0.0,0.0,0.0,1.95
1790,1.222,0.0,0.0,0.0,0.0,1.95
1791,1.2225,0.5,0.1,0.0,0.0015,1.95
1792,1.222,0.0,0.0,0.0,0.0,1.95
1793,1.222,0.0,0.0,0.0,0.0,1.95
1794,1.222,0.0,0.0,0.0,0.0,1.95
1795,1.2225,0.5,0.1,0.0,0.0015,1.95
1796,1.222,0.0,0.0,0.0,0.0,1.95
1797,1.2225,0.5,0.1,0.0,0.0015,1.95
1798,1.2225,0.5,0.1,0.0,0.0015,1.95
1799,1.222,0.0,0.0,0.0,0.0,1.95
1800,1.222,0.0,0.0,0.0,0.0,1.95
1801,1.222,0.0,0.0,0.0,0.0,1.95
1802,1.222,0.0,0.0,0.0,0.0,1.95
1803,1.222,0.0,0.0,0.0,0.0,1.95
1804,1.222,0.0,0.0,0.0,0.0,1.95
1805,1.222,0.0,0.0,0.0,0.0,1.95
1806,1.222,0.0,0.0,0.0,0.0,1.95
1807,1.222,0.0,0.0,0.0,0.0,1.95
1808,1.2225,0.5,0.1,0.0,0.0015,1.95
1809,1.222,0.0,0.0,0.0,0.0,1.95
1810,1.222,0.0,0.0,0.0,0.0,1.95
1811,1.222,0.0,0.0,0.0,0.0,1.95
1812,1.2225,0.5,0.1,0.0,0.0015,1.95
1813,1.2225,0.5,0.1,0.0,0.0015,1.95
1814,1.222,0.0,0.0,0.0,0.0,1.95
1815,1.222,0.0,0.0,0.0,0.0,1.95
1816,1.2225,0.5,0.1,0.0,0.0015,1.95
1817,1.222,0.0,0.0,0.0,0.0,1.95
1818,1.2225,0.5,0.1,0.0,0.0015,1.95
1819,1.222,0.0,0.0,0.0,0.0,1.95
1820,1.222,0.0,0.0,0.0,0.0,1.95
1821,1.2225,0.5,0.1,0.0,0.0015,1.95
1822,1.222,0.0,0.0,0.0,0.0,1.95
1823,1.222,0.0,0.0,0.0,0.0,1.95
1824,1.222,0.0,0.0,0.0,0.0,1.95
1825,1.222,0.0,0.0,0.0,0.0,1.95
1826,1.222,0.0,0.0,0.0,0.0,1.95
1827,1.222,0.0,0.0,0.0,0.0,1.95
1828,1.222,0.0,0.0,0.0,0.0,1.95
1829,1.2225,0.5,0.1,0.0,0.0015,1.95
1830,1.222,0.0,0.0,0.0,0.0,1.95
1831,1.222,0.0,0.0,0.0,0.0,1.95
1832,1.2225,0.5,0.1,0.0,0.0015,1.95
1833,1.222,0.0,0.0,0.0,0.0,1.95
1834,1.222,0.0,0.0,0.0,0.0,1.95
1835,1.222,0.0,0.0,0.0,0.0,1.95
1836,1.222,0.0,0.0,0.0,0.0,1.95
1837,1.222,0.0,0.0,0.0,0.0,1.95
1838,1.2225,0.5,0.1,0.0,0.0015,1.95
1839,1.222,0.0,0.0,0.0,0.0,1.95
1840,1.2225,0.5,0.1,0.0,0.0015,1.95
1841,1.222,0.0,0.0,0.0,0.0,1.95
1842,1.2225,0.5,0.1,0.0,0.0015,1.95
1843,1.2225,0.5,0.1,0.0,0.0015,1.95
1844,1.2225,0.5,0.1,0.0,0.0015,1.95
1845,1.2225,0.5,0.1,0.0,0.0015,1.95
1846,1.222,0.0,0.0,0.0,0.0,1.95
1847,1.222,0.0,0.0,0.0,0.0,1.95
1848,1.222,0.0,0.0,0.0,0.0,1.95
1849,1.2225,0.5,0.1,0.0,0.0015,1.95
1850,1.222,0.0,0.0,0.0,0.0,1.95
1851,1.222,0.0,0.0,0.0,0.0,1.95
1852,1.222,0.0,0.0,0.0,0.0,1.95
1853,1.222,0.0,0.0,0.0,0.0,1.95
1854,1.222,0.0,0.0,0.0,0.0,1.95
1855,1.2225,0.5,0.1,0.0,0.0015,1.95
1856,1.222,0.0,0.0,0.0,0.0,1.95
1857,1.2225,0.5,0.1,0.0,0.0015,1.95
1858,1.2225,0.5,0.1,0.0,0.0015,1.95
1859,1.222,0.0,0.0,0.0,0.0,1.95
1860,1.2225,0.5,0.1,0.0,0.0015,1.95
1861,1.2225,0.5,0.1,0.0,0.0015,1.95
1862,1.222,0.0,0.0,0.0,0.0,1.95
1863,1.222,0.0,0.0,0.0,0.0,1.95
1864,1.222,0.0,0.0,0.0,0.0,1.95
1865,1.2225,0.5,0.1,0.0,0.0015,1.95
1866,1.2225,0.5,0.1,0.0,0.0015,1.95
1867,1.222,0.0,0.0,0.0,0.0,1.95
1868,1.2225,0.5,0.1,0.0,0.0015,1.95
1869,1.222,0.0,0.0,0.0,0.0,1.95
1870,1.2225,0.5,0.1,0.0,0.0015,1.95
1871,1.2225,0.5,0.1,0.0,0.0015,1.95
1872,1.2225,0.5,0.1,0.0,0.0015,1.95
1873,1.2225,0.5,0.1,0.0,0.0015,1.95
1874,1.222,0.0,0.0,0.0,0.0,1.95
1875,1.222,0.0,0.0,0.0,0.0,1.95
1876,1.2225,0.5,0.1,0.0,0.0015,1.95
1877,1.222,0.0,0.0,0.0,0.0,1.95
1878,1.222,0.0,0.0,0.0,0.0,1.95
1879,1.222,0.0,0.0,0.0,0.0,1.95
1880,1.222,0.0,0.0,0.0,0.0,1.95
1881,1.222,0.0,0.0,0.0,0.0,1.95
1882,1.222,0.0,0.0,0.0,0.0,1.95
1883,1.222,0.0,0.0,0.0,0.0,1.95
1884,1.2225,0.5,0.1,0.0,0.0015,1.95
1885,1.2225,0.5,0.1,0.0,0.0015,1.95
1886,1.222,0.0,0.0,0.0,0.0,1.95
1887,1.222,0.0,0.0,0.0,0.0,1.95
1888,1.2225,0.5,0.1,0.0,0.0015,1.95
1889,1.2225,0.5,0.1,0.0,0.0015,1.95
1890,1.2225,0.5,0.1,0.0,0.0015,1.95
1891,1.2225,0.5,0.1,0.0,0.0015,1.95
1892,1.2225,0.5,0.1,0.0,0.0015,1.95
1893,1.222,0.0,0.0,0.0,0.0,1.95
1894,1.222,0.0,0.0,0.0,0.0,1.95
1895,1.2225,0.5,0.1,0.0,0.0015,1.95
1896,1.2225,0.5,0.1,0.0,0.0015,1.95
1897,1.222,0.0,0.0,0.0,0.0,1.95
1898,1.222,0.0,0.0,0.0,0.0,1.95
1899,1.222,0.0,0.0,0.0,0.0,1.95
1900,1.222,0.0,0.0,0.0,0.0,1.95
1901,1.2225,0.5,0.1,0.0,0.0015,1.95
1902,1.222,0.0,0.0,0.0,0.0,1.95
1903,1.2225,0.5,0.1,0.0,0.0015,1.95
1904,1.2225,0.5,0.1,0.0,0.0015,1.95
1905,1.222,0.0,0.0,0.0,0.0,1.95
1906,1.222,0.0,0.0,0.0,0.0,1.95
1907,1.222,0.0,0.0,0.0,0.0,1.95
1908,1.222,0.0,0.0,0.0,0.0,1.95
1909,1.222,0.0,0.0,0.0,0.0,1.95
1910,1.2225,0.5,0.1,0.0,0.0015,1.95
1911,1.2225,0.5,0.1,0.0,0.0015,1.95
1912,1.2225,0.5,0.1,0.0,0.0015,1.95
1913,1.222,0.0,0.0,0.0,0.0,1.95
1914,1.2225,0.5,0.1,0.0,0.0015,1.95
1915,1.222,0.0,0.0,0.0,0.0,1.95
1916,1.2225,0.5,0.1,0.0,0.0015,1.95
1917,1.222,0.0,0.0,0.0,0.0,1.95
1918,1.222,0.0,0.0,0.0,0.0,1.95
1919,1.2225,0.5,0.1,0.0,0.0015,1.95
1920,1.222,0.0,0.0,0.0,0.0,1.95
1921,1.2225,0.5,0.1,0.0,0.0015,1.95
1922,1.2225,0.5,0.1,0.0,0.0015,1.95
1923,1.222,0.0,0.0,0.0,0.0,1.95
1924,1.222,0.0,0.0,0.0,0.0,1.95
1925,1.2225,0.5,0.1,0.0,0.0015,1.95
1926,1.222,0.0,0.0,0.0,0.0,1.95
1927,1.222,0.0,0.0,0.0,0.0,1.95
1928,1.222,0.0,0.0,0.0,0.0,1.95
1929,1.2225,0.5,0.1,0.0,0.0015,1.95
1930,1.2225,0.5,0.1,0.0,0.0015,1.95
1931,1.222,0.0,0.0,0.0,0.0,1.95
1932,1.2225,0.5,0.1,0.0,0.0015,1.95
1933,1.2225,0.5,0.1,0.0,0.0015,1.95
1934,1.222,0.0,0.0,0.0,0.0,1.95
1935,1.2225,0.5,0.1,0.0,0.0015,1.95
1936,1.222,0.0,0.0,0.0,0.0,1.95
1937,1.2225,0.5,0.1,0.0,0.0015,1.95
1938,1.222,0.0,0.0,0.0,0.0,1.95
1939,1.222,0.0,0.0,0.0,0.0,1.95
1940,1.222,0.0,0.0,0.0,0.0,1.95
1941,1.222,0.0,0.0,0.0,0.0,1.95
1942,1.2225,0.5,0.1,0.0,0.0015,1.95
1943,1.222,0.0,0.0,0.0,0.0,1.95
1944,1.2225,0.5,0.1,0.0,0.0015,1.95
1945,1.222,0.0,0.0,0.0,0.0,1.95
1946,1.2225,0.5,0.1,0.0,0.0015,1.95
1947,1.2225,0.5,0.1,0.0,0.0015,1.95
1948,1.2225,0.5,0.1,0.0,0.0015,1.95
1949,1.2225,0.5,0.1,0.0,0.0015,1.95
1950,1.2225,0.5,0.1,0.0,0.0015,1.95
1951,1.2225,0.5,0.1,0.0,0.0015,1.95
1952,1.2225,0.5,0.1,0.0,0.0015,1.95
1953,1.2225,0.5,0.1,0.0,0.0015,1.95
1954,1.2225,0.5,0.1,0.0,0.0015,1.95
1955,1.222,0.0,0.0,0.0,0.0,1.95
1956,1.222,0.0,0.0,0.0,0.0,1.95
1957,1.2225,0.5,0.1,0.0,0.0015,1.95
1958,1.222,0.0,0.0,0.0,0.0,1.95
1959,1.2225,0.5,0.1,0.0,0.0015,1.95
1960,1.222,0.0,0.0,0.0,0.0,1.95
1961,1.2225,0.5,0.1,0.0,0.0015,1.95
1962,1.222,0.0,0.0,0.0,0.0,1.95
1963,1.222,0.0,0.0,0.0,0.0,1.95
1964,1.2225,0.5,0.1,0.0,0.0015,1.95
1965,1.2225,0.5,0.1,0.0,0.0015,1.95
1966,1.222,0.0,0.0,0.0,0.0,1.95
1967,1.2225,0.5,0.1,0.0,0.0015,1.95
1968,1.222,0.0,0.0,0.0,0.0,1.95
1969,1.222,0.0,0.0,0.0,0.0,1.95
1970,1.2225,0.5,0.1,0.0,0.0015,1.95
1971,1.2225,0.5,0.1,0.0,0.0015,1.95
1972,1.2225,0.5,0.1,0.0,0.0015,1.95
1973,1.222,0.0,0.0,0.0,0.0,1.95
1974,1.2225,0.5,0.1,0.0,0.0015,1.95
1975,1.222,0.0,0.0,0.0,0.0,1.95
1976,1.2225,0.5,0.1,0.0,0.0015,1.95
1977,1.222,0.0,0.0,0.0,0.0,1.95
1978,1.222,0.0,0.0,0.0,0.0,1.95
1979,1.222,0.0,0.0,0.0,0.0,1.95
1980,1.2225,0.5,0.1,0.0,0.0015,1.95
1981,1.222,0.0,0.0,0.0,0.0,1.95
1982,1.222,0.0,0.0,0.0,0.0,1.95
1983,1.2225,0.5,0.1,0.0,0.0015,1.95
1984,1.222,0.0,0.0,0.0,0.0,1.95
1985,1.2225,0.5,0.1,0.0,0.0015,1.95
1986,1.222,0.0,0.0,0.0,0.0,1.95
1987,1.222,0.0,0.0,0.0,0.0,1.95
1988,1.222,0.0,0.0,0.0,0.0,1.95
1989,1.2225,0.5,0.1,0.0,0.0015,1.95
1990,1.2225,0.5,0.1,0.0,0.0015,1.95
1991,1.2225,0.5,0.1,0.0,0.0015,1.95
1992,1.222,0.0,0.0,0.0,0.0,1.95
1993,1.2225,0.5,0.1,0.0,0.0015,1.95
1994,1.222,0.0,0.0,0.0,0.0,1.95
1995,1.222,0.0,0.0,0.0,0.0,1.95
1996,1.222,0.0,0.0,0.0,0.0,1.95
1997,1.222,0.0,0.0,0.0,0.0,1.95
1998,1.222,0.0,0.0,0.0,0.0,1.95
1999,1.2225,0.5,0.1,0.0,0.0015,1.95
2000,1.222,0.0,0.0,0.0,0.0,1.95
2001,1.2225,0.5,0.1,0.0,0.0015,1.95
2002,1.2225,0.5,0.1,0.0,0.0015,1.95
2003,1.222,0.0,0.0,0.0,0.0,1.95
2004,1.2225,0.5,0.1,0.0,0.0015,1.95
2005,1.222,0.0,0.0,0.0,0.0,1.95
2006,1.2225,0.5,0.1,0.0,0.0015,1.95
2007,1.2225,0.5,0.1,0.0,0.0015,1.95
2008,1.2225,0.5,0.1,0.0,0.0015,1.95
2009,1.222,0.0,0.0,0.0,0.0,1.95
2010,1.222,0.0,0.0,0.0,0.0,1.95
2011,1.2225,0.5,0.1,0.0,0.0015,1.95
2012,1.2225,0.5,0.1,0.0,0.0015,1.95
2013,1.222,0.0,0.0,0.0,0.0,1.95
2014,1.222,0.0,0.0,0.0,0.0,1.95
2015,1.2225,0.5,0.1,0.0,0.0015,1.95
2016,1.222,0.0,0.0,0.0,0.0,1.95
2017,1.2225,0.5,0.1,0.0,0.0015,1.95
2018,1.2225,0.5,0.1,0.0,0.0015,1.95
2019,1.222,0.0,0.0,0.0,0.0,1.95
2020,1.2225,0.5,0.1,0.0,0.0015,1.95
2021,1.222,0.0,0.0,0.0,0.0,1.95
2022,1.222,0.0,0.0,0.0,0.0,1.95
2023,1.222,0.0,0.0,0.0,0.0,1.95
2024,1.222,0.0,0.0,0.0,0.0,1.95
2025,1.2225,0.5,0.1,0.0,0.0015,1.95
2026,1.2225,0.5,0.1,0.0,0.0015,1.95
2027,1.2225,0.5,0.1,0.0,0.0015,1.95
2028,1.222,0.0,0.0,0.0,0.0,1.95
2029,1.2225,0.5,0.1,0.0,0.0015,1.95
2030,1.222,0.0,0.0,0.0,0.0,1.95
2031,1.2225,0.5,0.1,0.0,0.0015,1.95
2032,1.2225,0.5,0.1,0.0,0.0015,1.95
2033,1.2225,0.5,0.1,0.0,0.0015,1.95
2034,1.2225,0.5,0.1,0.0,0.0015,1.95
2035,1.2225,0.5,0.1,0.0,0.0015,1.95
2036,1.2225,0.5,0.1,0.0,0.0015,1.95
2037,1.2225,0.5,0.1,0.0,0.0015,1.95
2038,1.2225,0.5,0.1,0.0,0.0015,1.95
2039,1.222,0.0,0.0,0.0,0.0,1.95
2040,1.2225,0.5,0.1,0.0,0.0015,1.95
2041,1.2225,0.5,0.1,0.0,0.0015,1.95
2042,1.2225,0.5,0.1,0.0,0.0015,1.95
2043,1.222,0.0,0.0,0.0,0.0,1.95
2044,1.2225,0.5,0.1,0.0,0.0015,1.95
2045,1.222,0.0,0.0,0.0,0.0,1.95
2046,1.222,0.0,0.0,0.0,0.0,1.95
2047,1.2225,0.5,0.1,0.0,0.0015,1.95
2048,1.2225,0.5,0.1,0.0,0.0015,1.95
2049,1.2225,0.5,0.1,0.0,0.0015,1.95
2050,1.2225,0.5,0.1,0.0,0.0015,1.95
2051,1.222,0.0,0.0,0.0,0.0,1.95
2052,1.2225,0.5,0.1,0.0,0.0015,1.95
2053,1.222,0.0,0.0,0.0,0.0,1.95
2054,1.222,0.0,0.0,0.0,0.0,1.95
2055,1.222,0.0,0.0,0.0,0.0,1.95
2056,1.2225,0.5,0.1,0.0,0.0015,1.95
2057,1.222,0.0,0.0,0.0,0.0,1.95
2058,1.222,0.0,0.0,0.0,0.0,1.95
2059,1.222,0.0,0.0,0.0,0.0,1.95
2060,1.2225,0.5,0.1,0.0,0.0015,1.95
2061,1.2225,0.5,0.1,0.0,0.0015,1.95
2062,1.222,0.0,0.0,0.0,0.0,1.95
2063,1.222,0.0,0.0,0.0,0.0,1.95
2064,1.2225,0.5,0.1,0.0,0.0015,1.95
2065,1.2225,0.5,0.1,0.0,0.0015,1.95
2066,1.222,0.0,0.0,0.0,0.0,1.95
2067,1.222,0.0,0.0,0.0,0.0,1.95
2068,1.2225,0.5,0.1,0.0,0.0015,1.95
2069,1.222,0.0,0.0,0.0,0.0,1.95
2070,1.222,0.0,0.0,0.0,0.0,1.95
2071,1.222,0.0,0.0,0.0,0.0,1.95
2072,1.2225,0.5,0.1,0.0,0.0015,1.95
2073,1.2225,0.5,0.1,0.0,0.0015,1.95
2074,1.2225,0.5,0.1,0.0,0.0015,1.95
2075,1.2225,0.5,0.1,0.0,0.0015,1.95
2076,1.222,0.0,0.0,0.0,0.0,1.95
2077,1.2225,0.5,0.1,0.0,0.0015,1.95
2078,1.2225,0.5,0.1,0.0,0.0015,1.95
2079,1.222,0.0,0.0,0.0,0.0,1.95
2080,1.222,0.0,0.0,0.0,0.0,1.95
2081,1.222,0.0,0.0,0.0,0.0,1.95
2082,1.222,0.0,0.0,0.0,0.0,1.95
2083,1.222,0.0,0.0,0.0,0.0,1.95
2084,1.2225,0.5,0.1,0.0,0.0015,1.95
2085,1.222,0.0,0.0,0.0,0.0,1.95
2086,1.222,0.0,0.0,0.0,0.0,1.95
2087,1.2225,0.5,0.1,0.0,0.0015,1.95
2088,1.2225,0.5,0.1,0.0,0.0015,1.95
2089,1.222,0.0,0.0,0.0,0.0,1.95
2090,1.222,0.0,0.0,0.0,0.0,1.95
2091,1.222,0.0,0.0,0.0,0.0,1.95
2092,1.2225,0.5,0.1,0.0,0.0015,1.95
2093,1.2225,0.5,0.1,0.0,0.0015,1.95
2094,1.222,0.0,0.0,0.0,0.0,1.95
2095,1.2225,0.5,0.1,0.0,0.0015,1.95
2096,1.222,0.0,0.0,0.0,0.0,1.95
2097,1.222,0.0,0.0,0.0,0.0,1.95
2098,1.2225,0.5,0.1,0.0,0.0015,1.95
2099,1.2225,0.5,0.1,0.0,0.0015,1.95
2100,1.2225,0.5,0.1,0.0,0.0015,1.95
2101,1.2225,0.5,0.1,0.0,0.0015,1.95
2102,1.2225,0.5,0.1,0.0,0.0015,1.95
2103,1.2225,0.5,0.1,0.0,0.0015,1.95
2104,1.2225,0.5,0.1,0.0,0.0015,1.95
2105,1.2225,0.5,0.1,0.0,0.0015,1.95
2106,1.2225,0.5,0.1,0.0,0.0015,1.95
2107,1.222,0.0,0.0,0.0,0.0,1.95
2108,1.222,0.0,0.0,0.0,0.0,1.95
2109,1.222,0.0,0.0,0.0,0.0,1.95
2110,1.2225,0.5,0.1,0.0,0.0015,1.95
2111,1.2225,0.5,0.1,0.0,0.0015,1.95
2112,1.222,0.0,0.0,0.0,0.0,1.95
2113,1.2225,0.5,0.1,0.0,0.0015,1.95
2114,1.222,0.0,0.0,0.0,0.0,1.95
2115,1.222,0.0,0.0,0.0,0.0,1.95
2116,1.222,0.0,0.0,0.0,0.0,1.95
2117,1.222,0.0,0.0,0.0,0.0,1.95
2118,1.2225,0.5,0.1,0.0,0.0015,1.95
2119,1.222,0.0,0.0,0.0,0.0,1.95
2120,1.2225,0.5,0.1,0.0,0.0015,1.95
2121,1.222,0.0,0.0,0.0,0.0,1.95
2122,1.222,0.0,0.0,0.0,0.0,1.95
2123,1.222,0.0,0.0,0.0,0.0,1.95
2124,1.222,0.0,0.0,0.0,0.0,1.95
2125,1.222,0.0,0.0,0.0,0.0,1.95
2126,1.2225,0.5,0.1,0.0,0.0015,1.95
2127,1.2225,0.5,0.1,0.0,0.0015,1.95
2128,1.222,0.0,0.0,0.0,0.0,1.95
2129,1.222,0.0,0.0,0.0,0.0,1.95
2130,1.222,0.0,0.0,0.0,0.0,1.95
2131,1.2225,0.5,0.1,0.0,0.0015,1.95
2132,1.2225,0.5,0.1,0.0,0.0015,1.95
2133,1.2225,0.5,0.1,0.0,0.0015,1.95
2134,1.222,0.0,0.0,0.0,0.0,1.95
2135,1.222,0.0,0.0,0.0,0.0,1.95
2136,1.222,0.0,0.0,0.0,0.0,1.95
2137,1.2225,0.5,0.1,0.0,0.0015,1.95
2138,1.222,0.0,0.0,0.0,0.0,1.95
2139,1.222,0.0,0.0,0.0,0.0,1.95
2140,1.222,0.0,0.0,0.0,0.0,1.95
2141,1.222,0.0,0.0,0.0,0.0,1.95
2142,1.2225,0.5,0.1,0.0,0.0015,1.95
2143,1.2225,0.5,0.1,0.0,0.0015,1.95
2144,1.2225,0.5,0.1,0.0,0.0015,1.95
2145,1.2225,0.5,0.1,0.0,0.0015,1.95
2146,1.222,0.0,0.0,0.0,0.0,1.95
2147,1.2225,0.5,0.1,0.0,0.0015,1.95
2148,1.222,0.0,0.0,0.0,0.0,1.95
2149,1.222,0.0,0.0,0.0,0.0,1.95
2150,1.2225,0.5,0.1,0.0,0.0015,1.95
2151,1.2225,0.5,0.1,0.0,0.0015,1.95
2152,1.222,0.0,0.0,0.0,0.0,1.95
2153,1.222,0.0,0.0,0.0,0.0,1.95
2154,1.2225,0.5,0.1,0.0,0.0015,1.95
2155,1.222,0.0,0.0,0.0,0.0,1.95
2156,1.2225,0.5,0.1,0.0,0.0015,1.95
2157,1.2225,0.5,0.1,0.0,0.0015,1.95
2158,1.222,0.0,0.0,0.0,0.0,1.95
2159,1.2225,0.5,0.1,0.0,0.0015,1.95
2160,1.222,0.0,0.0,0.0,0.0,1.95
2161,1.2225,0.5,0.1,0.0,0.0015,1.95
2162,1.222,0.0,0.0,0.0,0.0,1.95
2163,1.2225,0.5,0.1,0.0,0.0015,1.95
2164,1.2225,0.5,0.1,0.0,0.0015,1.95
2165,1.222,0.0,0.0,0.0,0.0,1.95
2166,1.222,0.0,0.0,0.0,0.0,1.95
2167,1.2225,0.5,0.1,0.0,0.0015,1.95
2168,1.222,0.0,0.0,0.0,0.0,1.95
2169,1.2225,0.5,0.1,0.0,0.0015,1.95
2170,1.2225,0.5,0.1,0.0,0.0015,1.95
2171,1.2225,0.5,0.1,0.0,0.0015,1.95
2172,1.2225,0.5,0.1,0.0,0.0015,1.95
2173,1.222,0.0,0.0,0.0,0.0,1.95
2174,1.222,0.0,0.0,0.0,0.0,1.95
2175,1.222,0.0,0.0,0.0,0.0,1.95
2176,1.2225,0.5,0.1,0.0,0.0015,1.95
2177,1.2225,0.5,0.1,0.0,0.0015,1.95
2178,1.222,0.0,0.0,0.0,0.0,1.95
2179,1.222,0.0,0.0,0.0,0.0,1.95
2180,1.2225,0.5,0.1,0.0,0.0015,1.95
2181,1.2225,0.5,0.1,0.0,0.0015,1.95
2182,1.2225,0.5,0.1,0.0,0.0015,1.95
2183,1.2225,0.5,0.1,0.0,0.0015,1.95
2184,1.222,0.0,0.0,0.0,0.0,1.95
2185,1.222,0.0,0.0,0.0,0.0,1.95
2186,1.2225,0.5,0.1,0.0,0.0015,1.95
2187,1.2225,0.5,0.1,0.0,0.0015,1.95
2188,1.2225,0.5,0.1,0.0,0.0015,1.95
2189,1.2225,0.5,0.1,0.0,0.0015,1.95
2190,1.2225,0.5,0.1,0.0,0.0015,1.95
2191,1.222,0.0,0.0,0.0,0.0,1.95
2192,1.222,0.0,0.0,0.0,0.0,1.95
2193,1.222,0.0,0.0,0.0,0.0,1.95
2194,1.222,0.0,0.0,0.0,0.0,1.95
2195,1.222,0.0,0.0,0.0,0.0,1.95
2196,1.2225,0.5,0.1,0.0,0.0015,1.95
2197,1.222,0.0,0.0,0.0,0.0,1.95
2198,1.2225,0.5,0.1,0.0,0.0015,1.95
2199,1.222,0.0,0.0,0.0,0.0,1.95
2200,1.2225,0.5,0.1,0.0,0.0015,1.95
2201,1.222,0.0,0.0,0.0,0.0,1.95
2202,1.222,0.0,0.0,0.0,0.0,1.95
2203,1.222,0.0,0.0,0.0,0.0,1.95
2204,1.2225,0.5,0.1,0.0,0.0015,1.95
2205,1.2225,0.5,0.1,0.0,0.0015,1.95
2206,1.222,0.0,0.0,0.0,0.0,1.95
2207,1.2225,0.5,0.1,0.0,0.0015,1.95
2208,1.2225,0.5,0.1,0.0,0.0015,1.95
2209,1.222,0.0,0.0,0.0,0.0,1.95
2210,1.222,0.0,0.0,0.0,0.0,1.95
2211,1.222,0.0,0.0,0.0,0.0,1.95
2212,1.2225,0.5,0.1,0.0,0.0015,1.95
2213,1.2225,0.5,0.1,0.0,0.0015,1.95
2214,1.2225,0.5,0.1,0.0,0.0015,1.95
2215,1.222,0.0,0.0,0.0,0.0,1.95
2216,1.2225,0.5,0.1,0.0,0.0015,1.95
2217,1.2225,0.5,0.1,0.0,0.0015,1.95
2218,1.2225,0.5,0.1,0.0,0.0015,1.95
2219,1.222,0.0,0.0,0.0,0.0,1.95
2220,1.222,0.0,0.0,0.0,0.0,1.95
2221,1.2225,0.5,0.1,0.0,0.0015,1.95
2222,1.2225,0.5,0.1,0.0,0.0015,1.95
2223,1.222,0.0,0.0,0.0,0.0,1.95
2224,1.222,0.0,0.0,0.0,0.0,1.95
2225,1.222,0.0,0.0,0.0,0.0,1.95
2226,1.222,0.0,0.0,0.0,0.0,1.95
2227,1.2225,0.5,0.1,0.0,0.0015,1.95
2228,1.222,0.0,0.0,0.0,0.0,1.95
2229,1.222,0.0,0.0,0.0,0.0,1.95
2230,1.2225,0.5,0.1,0.0,0.0015,1.95
2231,1.2225,0.5,0.1,0.0,0.0015,1.95
2232,1.222,0.0,0.0,0.0,0.0,1.95
2233,1.222,0.0,0.0,0.0,0.0,1.95
2234,1.222,0.0,0.0,0.0,0.0,1.95
2235,1.222,0.0,0.0,0.0,0.0,1.95
2236,1.222,0.0,0.0,0.0,0.0,1.95
2237,1.2225,0.5,0.1,0.0,0.0015,1.95
2238,1.222,0.0,0.0,0.0,0.0,1.95
2239,1.2225,0.5,0.1,0.0,0.0015,1.95
2240,1.2225,0.5,0.1,0.0,0.0015,1.95
2241,1.2225,0.5,0.1,0.0,0.0015,1.95
2242,1.222,0.0,0.0,0.0,0.0,1.95
2243,1.222,0.0,0.0,0.0,0.0,1.95
2244,1.222,0.0,0.0,0.0,0.0,1.95
2245,1.222,0.0,0.0,0.0,0.0,1.95
2246,1.222,0.0,0.0,0.0,0.0,1.95
2247,1.2225,0.5,0.1,0.0,0.0015,1.95
2248,1.2225,0.5,0.1,0.0,0.0015,1.95
2249,1.2225,0.5,0.1,0.0,0.0015,1.95
2250,1.2225,0.5,0.1,0.0,0.0015,1.95
2251,1.222,0.0,0.0,0.0,0.0,1.95
2252,1.222,0.0,0.0,0.0,0.0,1.95
2253,1.222,0.0,0.0,0.0,0.0,1.95
2254,1.222,0.0,0.0,0.0,0.0,1.95
2255,1.222,0.0,0.0,0.0,0.0,1.95
2256,1.2225,0.5,0.1,0.0,0.0015,1.95
2257,1.222,0.0,0.0,0.0,0.0,1.95
2258,1.222,0.0,0.0,0.0,0.0,1.95
2259,1.2225,0.5,0.1,0.0,0.0015,1.95
2260,1.222,0.0,0.0,0.0,0.0,1.95
2261,1.222,0.0,0.0,0.0,0.0,1.95
2262,1.222,0.0,0.0,0.0,0.0,1.95
2263,1.2225,0.5,0.1,0.0,0.0015,1.95
2264,1.222,0.0,0.0,0.0,0.0,1.95
2265,1.222,0.0,0.0,0.0,0.0,1.95
2266,1.222,0.0,0.0,0.0,0.0,1.95
2267,1.2225,0.5,0.1,0.0,0.0015,1.95
2268,1.222,0.0,0.0,0.0,0.0,1.95
2269,1.2225,0.5,0.1,0.0,0.0015,1.95
2270,1.222,0.0,0.0,0.0,0.0,1.95
2271,1.222,0.0,0.0,0.0,0.0,1.95
2272,1.2225,0.5,0.1,0.0,0.0015,1.95
2273,1.2225,0.5,0.1,0.0,0.0015,1.95
2274,1.2225,0.5,0.1,0.0,0.0015,1.95
2275,1.2225,0.5,0.1,0.0,0.0015,1.95
2276,1.2225,0.5,0.1,0.0,0.0015,1.95
2277,1.222,0.0,0.0,0.0,0.0,1.95
2278,1.222,0.0,0.0,0.0,0.0,1.95
2279,1.2225,0.5,0.1,0.0,0.0015,1.95
2280,1.2225,0.5,0.1,0.0,0.0015,1.95
2281,1.222,0.0,0.0,0.0,0.0,1.95
2282,1.222,0.0,0.0,0.0,0.0,1.95
2283,1.222,0.0,0.0,0.0,0.0,1.95
2284,1.2225,0.5,0.1,0.0,0.0015,1.95
2285,1.222,0.0,0.0,0.0,0.0,1.95
2286,1.222,0.0,0.0,0.0,0.0,1.95
2287,1.222,0.0,0.0,0.0,0.0,1.95
2288,1.222,0.0,0.0,0.0,0.0,1.95
2289,1.222,0.0,0.0,0.0,0.0,1.95
2290,1.2225,0.5,0.1,0.0,0.0015,1.95
2291,1.222,0.0,0.0,0.0,0.0,1.95
2292,1.222,0.0,0.0,0.0,0.0,1.95
2293,1.2225,0.5,0.1,0.0,0.0015,1.95
2294,1.222,0.0,0.0,0.0,0.0,1.95
2295,1.2225,0.5,0.1,0.0,0.0015,1.95
2296,1.2225,0.5,0.1,0.0,0.0015,1.95
2297,1.2225,0.5,0.1,0.0,0.0015,1.95
2298,1.2225,0.5,0.1,0.0,0.0015,1.95
2299,1.222,0.0,0.0,0.0,0.0,1.95
2300,1.222,0.0,0.0,0.0,0.0,1.95
2301,1.222,0.0,0.0,0.0,0.0,1.95
2302,1.2225,0.5,0.1,0.0,0.0015,1.95
2303,1.222,0.0,0.0,0.0,0.0,1.95
2304,1.2225,0.5,0.1,0.0,0.0015,1.95
2305,1.2225,0.5,0.1,0.0,0.0015,1.95
2306,1.222,0.0,0.0,0.0,0.0,1.95
2307,1.2225,0.5,0.1,0.0,0.0015,1.95
2308,1.222,0.0,0.0,0.0,0.0,1.95
2309,1.222,0.0,0.0,0.0,0.0,1.95
2310,1.2225,0.5,0.1,0.0,0.0015,1.95
2311,1.2225,0.5,0.1,0.0,0.0015,1.95
2312,1.222,0.0,0.0,0.0,0.0,1.95
2313,1.222,0.0,0.0,0.0,0.0,1.95
2314,1.2225,0.5,0.1,0.0,0.0015,1.95
2315,1.2225,0.5,0.1,0.0,0.0015,1.95
2316,1.2225,0.5,0.1,0.0,0.0015,1.95
2317,1.222,0.0,0.0,0.0,0.0,1.95
2318,1.2225,0.5,0.1,0.0,0.0015,1.95
2319,1.2225,0.5,0.1,0.0,0.0015,1.95
2320,1.2225,0.5,0.1,0.0,0.0015,1.95
2321,1.2225,0.5,0.1,0.0,0.0015,1.95
2322,1.222,0.0,0.0,0.0,0.0,1.95
2323,1.222,0.0,0.0,0.0,0.0,1.95
2324,1.2225,0.5,0.1,0.0,0.0015,1.95
2325,1.2225,0.5,0.1,0.0,0.0015,1.95
2326,1.222,0.0,0.0,0.0,0.0,1.95
2327,1.2225,0.5,0.1,0.0,0.0015,1.95
2328,1.2225,0.5,0.1,0.0,0.0015,1.95
2329,1.222,0.0,0.0,0.0,0.0,1.95
2330,1.222,0.0,0.0,0.0,0.0,1.95
2331,1.2225,0.5,0.1,0.0,0.0015,1.95
2332,1.222,0.0,0.0,0.0,0.0,1.95
2333,1.2225,0.5,0.1,0.0,0.0015,1.95
2334,1.222,0.0,0.0,0.0,0.0,1.95
2335,1.222,0.0,0.0,0.0,0.0,1.95
2336,1.222,0.0,0.0,0.0,0.0,1.95
2337,1.2225,0.5,0.1,0.0,0.0015,1.95
2338,1.2225,0.5,0.1,0.0,0.0015,1.95
2339,1.222,0.0,0.0,0.0,0.0,1.95
2340,1.222,0.0,0.0,0.0,0.0,1.95
2341,1.222,0.0,0.0,0.0,0.0,1.95
2342,1.222,0.0,0.0,0.0,0.0,1.95
2343,1.2225,0.5,0.1,0.0,0.0015,1.95
2344,1.2225,0.5,0.1,0.0,0.0015,1.95
2345,1.222,0.0,0.0,0.0,0.0,1.95
2346,1.222,0.0,0.0,0.0,0.0,1.95
2347,1.2225,0.5,0.1,0.0,0.0015,1.95
2348,1.2225,0.5,0.1,0.0,0.0015,1.95
2349,1.222,0.0,0.0,0.0,0.0,1.95
2350,1.222,0.0,0.0,0.0,0.0,1.95
2351,1.222,0.0,0.0,0.0,0.0,1.95
2352,1.222,0.0,0.0,0.0,0.0,1.95
2353,1.222,0.0,0.0,0.0,0.0,1.95
2354,1.222,0.0,0.0,0.0,0.0,1.95
2355,1.2225,0.5,0.1,0.0,0.0015,1.95
2356,1.2225,0.5,0.1,0.0,0.0015,1.95
2357,1.222,0.0,0.0,0.0,0.0,1.95
2358,1.222,0.0,0.0,0.0,0.0,1.95
2359,1.2225,0.5,0.1,0.0,0.0015,1.95
2360,1.2225,0.5,0.1,0.0,0.0015,1.95
2361,1.2225,0.5,0.1,0.0,0.0015,1.95
2362,1.222,0.0,0.0,0.0,0.0,1.95
2363,1.2225,0.5,0.1,0.0,0.0015,1.95
2364,1.222,0.0,0.0,0.0,0.0,1.95
2365,1.222,0.0,0.0,0.0,0.0,1.95
2366,1.222,0.0,0.0,0.0,0.0,1.95
2367,1.2225,0.5,0.1,0.0,0.0015,1.95
2368,1.222,0.0,0.0,0.0,0.0,1.95
2369,1.2225,0.5,0.1,0.0,0.0015,1.95
2370,1.2225,0.5,0.1,0.0,0.0015,1.95
2371,1.222,0.0,0.0,0.0,0.0,1.95
2372,1.222,0.0,0.0,0.0,0.0,1.95
2373,1.222,0.0,0.0,0.0,0.0,1.95
2374,1.222,0.0,0.0,0.0,0.0,1.95
2375,1.2225,0.5,0.1,0.0,0.0015,1.95
2376,1.2225,0.5,0.1,0.0,0.0015,1.95
2377,1.222,0.0,0.0,0.0,0.0,1.95
2378,1.2225,0.5,0.1,0.0,0.0015,1.95
2379,1.222,0.0,0.0,0.0,0.0,1.95
2380,1.2225,0.5,0.1,0.0,0.0015,1.95
2381,1.222,0.0,0.0,0.0,0.0,1.95
2382,1.222,0.0,0.0,0.0,0.0,1.95
2383,1.222,0.0,0.0,0.0,0.0,1.95
2384,1.2225,0.5,0.1,0.0,0.0015,1.95
2385,1.222,0.0,0.0,0.0,0.0,1.95
2386,1.2225,0.5,0.1,0.0,0.0015,1.95
2387,1.2225,0.5,0.1,0.0,0.0015,1.95
2388,1.222,0.0,0.0,0.0,0.0,1.95
2389,1.2225,0.5,0.1,0.0,0.0015,1.95
2390,1.222,0.0,0.0,0.0,0.0,1.95
2391,1.2225,0.5,0.1,0.0,0.0015,1.95
2392,1.222,0.0,0.0,0.0,0.0,1.95
2393,1.222,0.0,0.0,0.0,0.0,1.95
2394,1.222,0.0,0.0,0.0,0.0,1.95
2395,1.2225,0.5,0.1,0.0,0.0015,1.95
2396,1.2225,0.5,0.1,0.0,0.0015,1.95
2397,1.2225,0.5,0.1,0.0,0.0015,1.95
2398,1.2225,0.5,0.1,0.0,0.0015,1.95
2399,1.2225,0.5,0.1,0.0,0.0015,1.95
2400,1.222,0.0,0.0,0.0,0.0,1.95
2401,1.2225,0.5,0.1,0.0,0.0015,1.95
2402,1.222,0.0,0.0,0.0,0.0,1.95
2403,1.222,0.0,0.0,0.0,0.0,1.95
2404,1.2225,0.5,0.1,0.0,0.0015,1.95
2405,1.2225,0.5,0.1,0.0,0.0015,1.95
2406,1.2225,0.5,0.1,0.0,0.0015,1.95
2407,1.2225,0.5,0.1,0.0,0.0015,1.95
2408,1.2225,0.5,0.1,0.0,0.0015,1.95
2409,1.222,0.0,0.0,0.0,0.0,1.95
2410,1.222,0.0,0.0,0.0,0.0,1.95
2411,1.222,0.0,0.0,0.0,0.0,1.95
2412,1.222,0.0,0.0,0.0,0.0,1.95
2413,1.222,0.0,0.0,0.0,0.0,1.95
2414,1.222,0.0,0.0,0.0,0.0,1.95
2415,1.2225,0.5,0.1,0.0,0.0015,1.95
2416,1.222,0.0,0.0,0.0,0.0,1.95
2417,1.222,0.0,0.0,0.0,0.0,1.95
2418,1.222,0.0,0.0,0.0,0.0,1.95
2419,1.2225,0.5,0.1,0.0,0.0015,1.95
2420,1.222,0.0,0.0,0.0,0.0,1.95
2421,1.2225,0.5,0.1,0.0,0.0015,1.95
2422,1.2225,0.5,0.1,0.0,0.0015,1.95
2423,1.2225,0.5,0.1,0.0,0.0015,1.95
2424,1.2225,0.5,0.1,0.0,0.0015,1.95
2425,1.222,0.0,0.0,0.0,0.0,1.95
2426,1.222,0.0,0.0,0.0,0.0,1.95
2427,1.222,0.0,0.0,0.0,0.0,1.95
2428,1.222,0.0,0.0,0.0,0.0,1.95
2429,1.222,0.0,0.0,0.0,0.0,1.95
2430,1.222,0.0,0.0,0.0,0.0,1.95
2431,1.222,0.0,0.0,0.0,0.0,1.95
2432,1.222,0.0,0.0,0.0,0.0,1.95
2433,1.222,0.0,0.0,0.0,0.0,1.95
2434,1.2225,0.5,0.1,0.0,0.0015,1.95
2435,1.222,0.0,0.0,0.0,0.0,1.95
2436,1.2225,0.5,0.1,0.0,0.0015,1.95
2437,1.222,0.0,0.0,0.0,0.0,1.95
2438,1.222,0.0,0.0,0.0,0.0,1.95
2439,1.2225,0.5,0.1,0.0,0.0015,1.95
2440,1.2225,0.5,0.1,0.0,0.0015,1.95
2441,1.222,0.0,0.0,0.0,0.0,1.95
2442,1.222,0.0,0.0,0.0,0.0,1.95
2443,1.2225,0.5,0.1,0.0,0.0015,1.95
2444,1.222,0.0,0.0,0.0,0.0,1.95
2445,1.2225,0.5,0.1,0.0,0.0015,1.95
2446,1.222,0.0,0.0,0.0,0.0,1.95
2447,1.2225,0.5,0.1,0.0,0.0015,1.95
2448,1.222,0.0,0.0,0.0,0.0,1.95
2449,1.222,0.0,0.0,0.0,0.0,1.95
2450,1.222,0.0,0.0,0.0,0.0,1.95
2451,1.2225,0.5,0.1,0.0,0.0015,1.95
2452,1.222,0.0,0.0,0.0,0.0,1.95
2453,1.222,0.0,0.0,0.0,0.0,1.95
2454,1.2225,0.5,0.1,0.0,0.0015,1.95
2455,1.2225,0.5,0.1,0.0,0.0015,1.95
2456,1.222,0.0,0.0,0.0,0.0,1.95
2457,1.222,0.0,0.0,0.0,0.0,1.95
2458,1.222,0.0,0.0,0.0,0.0,1.95
2459,1.222,0.0,0.0,0.0,0.0,1.95
2460,1.222,0.0,0.0,0.0,0.0,1.95
2461,1.222,0.0,0.0,0.0,0.0,1.95
2462,1.2225,0.5,0.1,0.0,0.0015,1.95
2463,1.2225,0.5,0.1,0.0,0.0015,1.95
2464,1.222,0.0,0.0,0.0,0.0,1.95
2465,1.2225,0.5,0.1,0.0,0.0015,1.95
2466,1.222,0.0,0.0,0.0,0.0,1.95
2467,1.222,0.0,0.0,0.0,0.0,1.95
2468,1.222,0.0,0.0,0.0,0.0,1.95
2469,1.222,0.0,0.0,0.0,0.0,1.95
2470,1.222,0.0,0.0,0.0,0.0,1.95
2471,1.2225,0.5,0.1,0.0,0.0015,1.95
2472,1.222,0.0,0.0,0.0,0.0,1.95
2473,1.222,0.0,0.0,0.0,0.0,1.95
2474,1.222,0.0,0.0,0.0,0.0,1.95
2475,1.2225,0.5,0.1,0.0,0.0015,1.95
2476,1.222,0.0,0.0,0.0,0.0,1.95
2477,1.2225,0.5,0.1,0.0,0.0015,1.95
2478,1.222,0.0,0.0,0.0,0.0,1.95
2479,1.2225,0.5,0.1,0.0,0.0015,1.95
2480,1.2225,0.5,0.1,0.0,0.0015,1.95
2481,1.222,0.0,0.0,0.0,0.0,1.95
2482,1.2225,0.5,0.1,0.0,0.0015,1.95
2483,1.222,0.0,0.0,0.0,0.0,1.95
2484,1.2225,0.5,0.1,0.0,0.0015,1.95
2485,1.222,0.0,0.0,0.0,0.0,1.95
2486,1.2225,0.5,0.1,0.0,0.0015,1.95
2487,1.2225,0.5,0.1,0.0,0.0015,1.95
2488,1.2225,0.5,0.1,0.0,0.0015,1.95
2489,1.2225,0.5,0.1,0.0,0.0015,1.95
2490,1.2225,0.5,0.1,0.0,0.0015,1.95
2491,1.222,0.0,0.0,0.0,0.0,1.95
2492,1.222,0.0,0.0,0.0,0.0,1.95
2493,1.222,0.0,0.0,0.0,0.0,1.95
2494,1.222,0.0,0.0,0.0,0.0,1.95
2495,1.222,0.0,0.0,0.0,0.0,1.95
2496,1.2225,0.5,0.1,0.0,0.0015,1.95
2497,1.2225,0.5,0.1,0.0,0.0015,1.95
2498,1.222,0.0,0.0,0.0,0.0,1.95
2499,1.222,0.0,0.0,0.0,0.0,1.95
2500,1.222,0.0,0.0,0.0,0.0,1.95
2501,1.222,0.0,0.0,0.0,0.0,1.95
2502,1.2225,0.5,0.1,0.0,0.0015,1.95
2503,1.2225,0.5,0.1,0.0,0.0015,1.95
2504,1.222,0.0,0.0,0.0,0.0,1.95
2505,1.2225,0.5,0.1,0.0,0.0015,1.95
2506,1.2225,0.5,0.1,0.0,0.0015,1.95
2507,1.222,0.0,0.0,0.0,0.0,1.95
2508,1.222,0.0,0.0,0.0,0.0,1.95
2509,1.2225,0.5,0.1,0.0,0.0015,1.95
2510,1.2225,0.5,0.1,0.0,0.0015,1.95
2511,1.222,0.0,0.0,0.0,0.0,1.95
2512,1.2225,0.5,0.1,0.0,0.0015,1.95
2513,1.222,0.0,0.0,0.0,0.0,1.95
2514,1.222,0.0,0.0,0.0,0.0,1.95
2515,1.222,0.0,0.0,0.0,0.0,1.95
2516,1.2225,0.5,0.1,0.0,0.0015,1.95
2517,1.222,0.0,0.0,0.0,0.0,1.95
2518,1.222,0.0,0.0,0.0,0.0,1.95
2519,1.2225,0.5,0.1,0.0,0.0015,1.95
2520,1.2225,0.5,0.1,0.0,0.0015,1.95
2521,1.2225,0.5,0.1,0.0,0.0015,1.95
2522,1.2225,0.5,0.1,0.0,0.0015,1.95
2523,1.2225,0.5,0.1,0.0,0.0015,1.95
2524,1.2225,0.5,0.1,0.0,0.0015,1.95
2525,1.222,0.0,0.0,0.0,0.0,1.95
2526,1.222,0.0,0.0,0.0,0.0,1.95
2527,1.222,0.0,0.0,0.0,0.0,1.95
2528,1.222,0.0,0.0,0.0,0.0,1.95
2529,1.222,0.0,0.0,0.0,0.0,1.95
2530,1.222,0.0,0.0,0.0,0.0,1.95
2531,1.2225,0.5,0.1,0.0,0.0015,1.95
2532,1.2225,0.5,0.1,0.0,0.0015,1.95
2533,1.2225,0.5,0.1,0.0,0.0015,1.95
2534,1.222,0.0,0.0,0.0,0.0,1.95
2535,1.222,0.0,0.0,0.0,0.0,1.95
2536,1.2225,0.5,0.1,0.0,0.0015,1.95
2537,1.222,0.0,0.0,0.0,0.0,1.95
2538,1.222,0.0,0.0,0.0,0.0,1.95
2539,1.222,0.0,0.0,0.0,0.0,1.95
2540,1.222,0.0,0.0,0.0,0.0,1.95
2541,1.2225,0.5,0.1,0.0,0.0015,1.95
2542,1.2225,0.5,0.1,0.0,0.0015,1.95
2543,1.222,0.0,0.0,0.0,0.0,1.95
2544,1.2225,0.5,0.1,0.0,0.0015,1.95
2545,1.222,0.0,0.0,0.0,0.0,1.95
2546,1.222,0.0,0.0,0.0,0.0,1.95
2547,1.2225,0.5,0.1,0.0,0.0015,1.95
2548,1.222,0.0,0.0,0.0,0.0,1.95
2549,1.222,0.0,0.0,0.0,0.0,1.95
2550,1.2225,0.5,0.1,0.0,0.0015,1.95
2551,1.2225,0.5,0.1,0.0,0.0015,1.95
2552,1.2225,0.5,0.1,0.0,0.0015,1.95
2553,1.2225,0.5,0.1,0.0,0.0015,1.95
2554,1.222,0.0,0.0,0.0,0.0,1.95
2555,1.222,0.0,0.0,0.0,0.0,1.95
2556,1.2225,0.5,0.1,0.0,0.0015,1.95
2557,1.222,0.0,0.0,0.0,0.0,1.95
2558,1.2225,0.5,0.1,0.0,0.0015,1.95
2559,1.222,0.0,0.0,0.0,0.0,1.95
2560,1.222,0.0,0.0,0.0,0.0,1.95
2561,1.222,0.0,0.0,0.0,0.0,1.95
2562,1.222,0.0,0.0,0.0,0.0,1.95
2563,1.2225,0.5,0.1,0.0,0.0015,1.95
2564,1.222,0.0,0.0,0.0,0.0,1.95
2565,1.222,0.0,0.0,0.0,0.0,1.95
2566,1.2225,0.5,0.1,0.0,0.0015,1.95
2567,1.222,0.0,0.0,0.0,0.0,1.95
2568,1.222,0.0,0.0,0.0,0.0,1.95
2569,1.222,0.0,0.0,0.0,0.0,1.95
2570,1.2225,0.5,0.1,0.0,0.0015,1.95
2571,1.2225,0.5,0.1,0.0,0.0015,1.95
2572,1.222,0.0,0.0,0.0,0.0,1.95
2573,1.2225,0.5,0.1,0.0,0.0015,1.95
2574,1.222,0.0,0.0,0.0,0.0,1.95
2575,1.2225,0.5,0.1,0.0,0.0015,1.95
2576,1.2225,0.5,0.1,0.0,0.0015,1.95
2577,1.222,0.0,0.0,0.0,0.0,1.95
2578,1.222,0.0,0.0,0.0,0.0,1.95
2579,1.222,0.0,0.0,0.0,0.0,1.95
2580,1.2225,0.5,0.1,0.0,0.0015,1.95
2581,1.2225,0.5,0.1,0.0,0.0015,1.95
2582,1.2225,0.5,0.1,0.0,0.0015,1.95
2583,1.2225,0.5,0.1,0.0,0.0015,1.95
2584,1.2225,0.5,0.1,0.0,0.0015,1.95
2585,1.222,0.0,0.0,0.0,0.0,1.95
2586,1.2225,0.5,0.1,0.0,0.0015,1.95
2587,1.222,0.0,0.0,0.0,0.0,1.95
2588,1.222,0.0,0.0,0.0,0.0,1.95
2589,1.222,0.0,0.0,0.0,0.0,1.95
2590,1.222,0.0,0.0,0.0,0.0,1.95
2591,1.222,0.0,0.0,0.0,0.0,1.95
2592,1.222,0.0,0.0,0.0,0.0,1.95
2593,1.222,0.0,0.0,0.0,0.0,1.95
2594,1.222,0.0,0.0,0.0,0.0,1.95
2595,1.2225,0.5,0.1,0.0,0.0015,1.95
2596,1.2225,0.5,0.1,0.0,0.0015,1.95
2597,1.222,0.0,0.0,0.0,0.0,1.95
2598,1.2225,0.5,0.1,0.0,0.0015,1.95
2599,1.222,0.0,0.0,0.0,0.0,1.95
2600,1.2225,0.5,0.1,0.0,0.0015,1.95
2601,1.222,0.0,0.0,0.0,0.0,1.95
2602,1.222,0.0,0.0,0.0,0.0,1.95
2603,1.222,0.0,0.0,0.0,0.0,1.95
2604,1.222,0.0,0.0,0.0,0.0,1.95
2605,1.222,0.0,0.0,0.0,0.0,1.95
2606,1.222,0.0,0.0,0.0,0.0,1.95
2607,1.222,0.0,0.0,0.0,0.0,1.95
2608,1.2225,0.5,0.1,0.0,0.0015,1.95
2609,1.222,0.0,0.0,0.0,0.0,1.95
2610,1.222,0.0,0.0,0.0,0.0,1.95
2611,1.2225,0.5,0.1,0.0,0.0015,1.95
2612,1.2225,0.5,0.1,0.0,0.0015,1.95
2613,1.222,0.0,0.0,0.0,0.0,1.95
2614,1.222,0.0,0.0,0.0,0.0,1.95
2615,1.2225,0.5,0.1,0.0,0.0015,1.95
2616,1.2225,0.5,0.1,0.0,0.0015,1.95
2617,1.222,0.0,0.0,0.0,0.0,1.95
2618,1.222,0.0,0.0,0.0,0.0,1.95
2619,1.2225,0.5,0.1,0.0,0.0015,1.95
2620,1.2225,0.5,0.1,0.0,0.0015,1.95
2621,1.222,0.0,0.0,0.0,0.0,1.95
2622,1.2225,0.5,0.1,0.0,0.0015,1.95
2623,1.222,0.0,0.0,0.0,0.0,1.95
2624,1.222,0.0,0.0,0.0,0.0,1.95
2625,1.222,0.0,0.0,0.0,0.0,1.95
2626,1.2225,0.5,0.1,0.0,0.0015,1.95
2627,1.222,0.0,0.0,0.0,0.0,1.95
2628,1.222,0.0,0.0,0.0,0.0,1.95
2629,1.2225,0.5,0.1,0.0,0.0015,1.95
2630,1.2225,0.5,0.1,0.0,0.0015,1.95
2631,1.2225,0.5,0.1,0.0,0.0015,1.95
2632,1.222,0.0,0.0,0.0,0.0,1.95
2633,1.2225,0.5,0.1,0.0,0.0015,1.95
2634,1.222,0.0,0.0,0.0,0.0,1.95
2635,1.222,0.0,0.0,0.0,0.0,1.95
2636,1.2225,0.5,0.1,0.0,0.0015,1.95
2637,1.2225,0.5,0.1,0.0,0.0015,1.95
2638,1.2225,0.5,0.1,0.0,0.0015,1.95
2639,1.2225,0.5,0.1,0.0,0.0015,1.95
2640,1.222,0.0,0.0,0.0,0.0,1.95
2641,1.222,0.0,0.0,0.0,0.0,1.95
2642,1.222,0.0,0.0,0.0,0.0,1.95
2643,1.2225,0.5,0.1,0.0,0.0015,1.95
2644,1.2225,0.5,0.1,0.0,0.0015,1.95
2645,1.2225,0.5,0.1,0.0,0.0015,1.95
2646,1.222,0.0,0.0,0.0,0.0,1.95
2647,1.2225,0.5,0.1,0.0,0.0015,1.95
2648,1.2225,0.5,0.1,0.0,0.0015,1.95
2649,1.222,0.0,0.0,0.0,0.0,1.95
2650,1.222,0.0,0.0,0.0,0.0,1.95
2651,1.222,0.0,0.0,0.0,0.0,1.95
2652,1.222,0.0,0.0,0.0,0.0,1.95
2653,1.2225,0.5,0.1,0.0,0.0015,1.95
2654,1.222,0.0,0.0,0.0,0.0,1.95
2655,1.222,0.0,0.0,0.0,0.0,1.95
2656,1.222,0.0,0.0,0.0,0.0,1.95
2657,1.2225,0.5,0.1,0.0,0.0015,1.95
2658,1.222,0.0,0.0,0.0,0.0,1.95
2659,1.2225,0.5,0.1,0.0,0.0015,1.95
2660,1.2225,0.5,0.1,0.0,0.0015,1.95
2661,1.2225,0.5,0.1,0.0,0.0015,1.95
2662,1.2225,0.5,0.1,0.0,0.0015,1.95
2663,1.222,0.0,0.0,0.0,0.0,1.95
2664,1.222,0.0,0.0,0.0,0.0,1.95
2665,1.222,0.0,0.0,0.0,0.0,1.95
2666,1.2225,0.5,0.1,0.0,0.0015,1.95
2667,1.222,0.0,0.0,0.0,0.0,1.95
2668,1.2225,0.5,0.1,0.0,0.0015,1.95
2669,1.222,0.0,0.0,0.0,0.0,1.95
2670,1.2225,0.5,0.1,0.0,0.0015,1.95
2671,1.222,0.0,0.0,0.0,0.0,1.95
2672,1.2225,0.5,0.1,0.0,0.0015,1.95
2673,1.222,0.0,0.0,0.0,0.0,1.95
2674,1.222,0.0,0.0,0.0,0.0,1.95
2675,1.222,0.0,0.0,0.0,0.0,1.95
2676,1.2225,0.5,0.1,0.0,0.0015,1.95
2677,1.2225,0.5,0.1,0.0,0.0015,1.95
2678,1.2225,0.5,0.1,0.0,0.0015,1.95
2679,1.2225,0.5,0.1,0.0,0.0015,1.95
2680,1.222,0.0,0.0,0.0,0.0,1.95
2681,1.222,0.0,0.0,0.0,0.0,1.95
2682,1.2225,0.5,0.1,0.0,0.0015,1.95
2683,1.2225,0.5,0.1,0.0,0.0015,1.95
2684,1.2225,0.5,0.1,0.0,0.0015,1.95
2685,1.222,0.0,0.0,0.0,0.0,1.95
2686,1.2225,0.5,0.1,0.0,0.0015,1.95
2687,1.222,0.0,0.0,0.0,0.0,1.95
2688,1.222,0.0,0.0,0.0,0.0,1.95
2689,1.2225,0.5,0.1,0.0,0.0015,1.95
2690,1.2225,0.5,0.1,0.0,0.0015,1.95
2691,1.222,0.0,0.0,0.0,0.0,1.95
2692,1.222,0.0,0.0,0.0,0.0,1.95
2693,1.2225,0.5,0.1,0.0,0.0015,1.95
2694,1.222,0.0,0.0,0.0,0.0,1.95
2695,1.2225,0.5,0.1,0.0,0.0015,1.95
2696,1.222,0.0,0.0,0.0,0.0,1.95
2697,1.2225,0.5,0.1,0.0,0.0015,1.95
2698,1.2225,0.5,0.1,0.0,0.0015,1.95
2699,1.222,0.0,0.0,0.0,0.0,1.95
2700,1.2225,0.5,0.1,0.0,0.0015,1.95
2701,1.2225,0.5,0.1,0.0,0.0015,1.95
2702,1.2225,0.5,0.1,0.0,0.0015,1.95
2703,1.2225,0.5,0.1,0.0,0.0015,1.95
2704,1.222,0.0,0.0,0.0,0.0,1.95
2705,1.2225,0.5,0.1,0.0,0.0015,1.95
2706,1.222,0.0,0.0,0.0,0.0,1.95
2707,1.222,0.0,0.0,0.0,0.0,1.95
2708,1.2225,0.5,0.1,0.0,0.0015,1.95
2709,1.2225,0.5,0.1,0.0,0.0015,1.95
2710,1.2225,0.5,0.1,0.0,0.0015,1.95
2711,1.2225,0.5,0.1,0.0,0.0015,1.95
2712,1.2225,0.5,0.1,0.0,0.0015,1.95
2713,1.222,0.0,0.0,0.0,0.0,1.95
2714,1.222,0.0,0.0,0.0,0.0,1.95
2715,1.222,0.0,0.0,0.0,0.0,1.95
2716,1.2225,0.5,0.1,0.0,0.0015,1.95
2717,1.222,0.0,0.0,0.0,0.0,1.95
2718,1.222,0.0,0.0,0.0,0.0,1.95
2719,1.2225,0.5,0.1,0.0,0.0015,1.95
2720,1.2225,0.5,0.1,0.0,0.0015,1.95
2721,1.2225,0.5,0.1,0.0,0.0015,1.95
2722,1.222,0.0,0.0,0.0,0.0,1.95
2723,1.222,0.0,0.0,0.0,0.0,1.95
2724,1.222,0.0,0.0,0.0,0.0,1.95
2725,1.222,0.0,0.0,0.0,0.0,1.95
2726,1.222,0.0,0.0,0.0,0.0,1.95
2727,1.2225,0.5,0.1,0.0,0.0015,1.95
2728,1.222,0.0,0.0,0.0,0.0,1.95
2729,1.2225,0.5,0.1,0.0,0.0015,1.95
2730,1.222,0.0,0.0,0.0,0.0,1.95
2731,1.222,0.0,0.0,0.0,0.0,1.95
2732,1.222,0.0,0.0,0.0,0.0,1.95
2733,1.2225,0.5,0.1,0.0,0.0015,1.95
2734,1.222,0.0,0.0,0.0,0.0,1.95
2735,1.2225,0.5,0.1,0.0,0.0015,1.95
2736,1.222,0.0,0.0,0.0,0.0,1.95
2737,1.222,0.0,0.0,0.0,0.0,1.95
2738,1.222,0.0,0.0,0.0,0.0,1.95
2739,1.2225,0.5,0.1,0.0,0.0015,1.95
2740,1.2225,0.5,0.1,0.0,0.0015,1.95
2741,1.2225,0.5,0.1,0.0,0.0015,1.95
2742,1.222,0.0,0.0,0.0,0.0,1.95
2743,1.2225,0.5,0.1,0.0,0.0015,1.95
2744,1.2225,0.5,0.1,0.0,0.0015,1.95
2745,1.222,0.0,0.0,0.0,0.0,1.95
2746,1.222,0.0,0.0,0.0,0.0,1.95
2747,1.2225,0.5,0.1,0.0,0.0015,1.95
2748,1.222,0.0,0.0,0.0,0.0,1.95
2749,1.222,0.0,0.0,0.0,0.0,1.95
2750,1.2225,0.5,0.1,0.0,0.0015,1.95
2751,1.222,0.0,0.0,0.0,0.0,1.95
2752,1.2225,0.5,0.1,0.0,0.0015,1.95
2753,1.2225,0.5,0.1,0.0,0.0015,1.95
2754,1.222,0.0,0.0,0.0,0.0,1.95
2755,1.2225,0.5,0.1,0.0,0.0015,1.95
2756,1.222,0.0,0.0,0.0,0.0,1.95
2757,1.2225,0.5,0.1,0.0,0.0015,1.95
2758,1.222,0.0,0.0,0.0,0.0,1.95
2759,1.222,0.0,0.0,0.0,0.0,1.95
2760,1.222,0.0,0.0,0.0,0.0,1.95
2761,1.222,0.0,0.0,0.0,0.0,1.95
2762,1.222,0.0,0.0,0.0,0.0,1.95
2763,1.2225,0.5,0.1,0.0,0.0015,1.95
2764,1.2225,0.5,0.1,0.0,0.0015,1.95
2765,1.222,0.0,0.0,0.0,0.0,1.95
2766,1.2225,0.5,0.1,0.0,0.0015,1.95
2767,1.2225,0.5,0.1,0.0,0.0015,1.95
2768,1.2225,0.5,0.1,0.0,0.0015,1.95
2769,1.222,0.0,0.0,0.0,0.0,1.95
2770,1.2225,0.5,0.1,0.0,0.0015,1.95
2771,1.222,0.0,0.0,0.0,0.0,1.95
2772,1.222,0.0,0.0,0.0,0.0,1.95
2773,1.2225,0.5,0.1,0.0,0.0015,1.95
2774,1.222,0.0,0.0,0.0,0.0,1.95
2775,1.222,0.0,0.0,0.0,0.0,1.95
2776,1.222,0.0,0.0,0.0,0.0,1.95
2777,1.222,0.0,0.0,0.0,0.0,1.95
2778,1.222,0.0,0.0,0.0,0.0,1.95
2779,1.2225,0.5,0.1,0.0,0.0015,1.95
2780,1.222,0.0,0.0,0.0,0.0,1.95
2781,1.2225,0.5,0.1,0.0,0.0015,1.95
2782,1.2225,0.5,0.1,0.0,0.0015,1.95
2783,1.2225,0.5,0.1,0.0,0.0015,1.95
2784,1.2225,0.5,0.1,0.0,0.0015,1.95
2785,1.222,0.0,0.0,0.0,0.0,1.95
2786,1.222,0.0,0.0,0.0,0.0,1.95
2787,1.2225,0.5,0.1,0.0,0.0015,1.95
2788,1.2225,0.5,0.1,0.0,0.0015,1.95
2789,1.222,0.0,0.0,0.0,0.0,1.95
2790,1.222,0.0,0.0,0.0,0.0,1.95
2791,1.222,0.0,0.0,0.0,0.0,1.95
2792,1.222,0.0,0.0,0.0,0.0,1.95
2793,1.2225,0.5,0.1,0.0,0.0015,1.95
2794,1.222,0.0,0.0,0.0,0.0,1.95
2795,1.222,0.0,0.0,0.0,0.0,1.95
2796,1.2225,0.5,0.1,0.0,0.0015,1.95
2797,1.222,0.0,0.0,0.0,0.0,1.95
2798,1.222,0.0,0.0,0.0,0.0,1.95
2799,1.2225,0.5,0.1,0.0,0.0015,1.95
2800,1.222,0.0,0.0,0.0,0.0,1.95
2801,1.2225,0.5,0.1,0.0,0.0015,1.95
2802,1.222,0.0,0.0,0.0,0.0,1.95
2803,1.222,0.0,0.0,0.0,0.0,1.95
2804,1.2225,0.5,0.1,0.0,0.0015,1.95
2805,1.222,0.0,0.0,0.0,0.0,1.95
2806,1.2225,0.5,0.1,0.0,0.0015,1.95
2807,1.222,0.0,0.0,0.0,0.0,1.95
2808,1.2225,0.5,0.1,0.0,0.0015,1.95
2809,1.222,0.0,0.0,0.0,0.0,1.95
2810,1.222,0.0,0.0,0.0,0.0,1.95
2811,1.222,0.0,0.0,0.0,0.0,1.95
2812,1.2225,0.5,0.1,0.0,0.0015,1.95
2813,1.2225,0.5,0.1,0.0,0.0015,1.95
2814,1.2225,0.5,0.1,0.0,0.0015,1.95
2815,1.2225,0.5,0.1,0.0,0.0015,1.95
2816,1.222,0.0,0.0,0.0,0.0,1.95
2817,1.222,0.0,0.0,0.0,0.0,1.95
2818,1.222,0.0,0.0,0.0,0.0,1.95
2819,1.2225,0.5,0.1,0.0,0.0015,1.95
2820,1.222,0.0,0.0,0.0,0.0,1.95
2821,1.2225,0.5,0.1,0.0,0.0015,1.95
2822,1.222,0.0,0.0,0.0,0.0,1.95
2823,1.2225,0.5,0.1,0.0,0.0015,1.95
2824,1.222,0.0,0.0,0.0,0.0,1.95
2825,1.2225,0.5,0.1,0.0,0.0015,1.95
2826,1.222,0.0,0.0,0.0,0.0,1.95
2827,1.222,0.0,0.0,0.0,0.0,1.95
2828,1.2225,0.5,0.1,0.0,0.0015,1.95
2829,1.222,0.0,0.0,0.0,0.0,1.95
2830,1.222,0.0,0.0,0.0,0.0,1.95
2831,1.222,0.0,0.0,0.0,0.0,1.95
2832,1.222,0.0,0.0,0.0,0.0,1.95
2833,1.222,0.0,0.0,0.0,0.0,1.95
2834,1.222,0.0,0.0,0.0,0.0,1.95
2835,1.2225,0.5,0.1,0.0,0.0015,1.95
2836,1.222,0.0,0.0,0.0,0.0,1.95
2837,1.2225,0.5,0.1,0.0,0.0015,1.95
2838,1.2225,0.5,0.1,0.0,0.0015,1.95
2839,1.222,0.0,0.0,0.0,0.0,1.95
2840,1.2225,0.5,0.1,0.0,0.0015,1.95
2841,1.222,0.0,0.0,0.0,0.0,1.95
2842,1.2225,0.5,0.1,0.0,0.0015,1.95
2843,1.2225,0.5,0.1,0.0,0.0015,1.95
2844,1.222,0.0,0.0,0.0,0.0,1.95
2845,1.2225,0.5,0.1,0.0,0.0015,1.95
2846,1.2225,0.5,0.1,0.0,0.0015,1.95
2847,1.2225,0.5,0.1,0.0,0.0015,1.95
2848,1.222,0.0,0.0,0.0,0.0,1.95
2849,1.2225,0.5,0.1,0.0,0.0015,1.95
2850,1.222,0.0,0.0,0.0,0.0,1.95
2851,1.222,0.0,0.0,0.0,0.0,1.95
2852,1.222,0.0,0.0,0.0,0.0,1.95
2853,1.222,0.0,0.0,0.0,0.0,1.95
2854,1.2225,0.5,0.1,0.0,0.0015,1.95
2855,1.222,0.0,0.0,0.0,0.0,1.95
2856,1.2225,0.5,0.1,0.0,0.0015,1.95
2857,1.2225,0.5,0.1,0.0,0.0015,1.95
2858,1.2225,0.5,0.1,0.0,0.0015,1.95
2859,1.2225,0.5,0.1,0.0,0.0015,1.95
2860,1.222,0.0,0.0,0.0,0.0,1.95
2861,1.2225,0.5,0.1,0.0,0.0015,1.95
2862,1.222,0.0,0.0,0.0,0.0,1.95
2863,1.222,0.0,0.0,0.0,0.0,1.95
2864,1.222,0.0,0.0,0.0,0.0,1.95
2865,1.222,0.0,0.0,0.0,0.0,1.95
2866,1.222,0.0,0.0,0.0,0.0,1.95
2867,1.222,0.0,0.0,0.0,0.0,1.95
2868,1.2225,0.5,0.1,0.0,0.0015,1.95
2869,1.2225,0.5,0.1,0.0,0.0015,1.95
2870,1.2225,0.5,0.1,0.0,0.0015,1.95
2871,1.222,0.0,0.0,0.0,0.0,1.95
2872,1.2225,0.5,0.1,0.0,0.0015,1.95
2873,1.222,0.0,0.0,0.0,0.0,1.95
2874,1.2225,0.5,0.1,0.0,0.0015,1.95
2875,1.2225,0.5,0.1,0.0,0.0015,1.95
2876,1.2225,0.5,0.1,0.0,0.0015,1.95
2877,1.222,0.0,0.0,0.0,0.0,1.95
2878,1.222,0.0,0.0,0.0,0.0,1.95
2879,1.222,0.0,0.0,0.0,0.0,1.95
2880,1.2225,0.5,0.1,0.0,0.0015,1.95
2881,1.222,0.0,0.0,0.0,0.0,1.95
2882,1.2225,0.5,0.1,0.0,0.0015,1.95
2883,1.2225,0.5,0.1,0.0,0.0015,1.95
2884,1.2225,0.5,0.1,0.0,0.0015,1.95
2885,1.2225,0.5,0.1,0.0,0.0015,1.95
2886,1.222,0.0,0.0,0.0,0.0,1.95
2887,1.222,0.0,0.0,0.0,0.0,1.95
2888,1.2225,0.5,0.1,0.0,0.0015,1.95
2889,1.2225,0.5,0.1,0.0,0.0015,1.95
2890,1.2225,0.5,0.1,0.0,0.0015,1.95
2891,1.222,0.0,0.0,0.0,0.0,1.95
2892,1.222,0.0,0.0,0.0,0.0,1.95
2893,1.222,0.0,0.0,0.0,0.0,1.95
2894,1.2225,0.5,0.1,0.0,0.0015,1.95
2895,1.222,0.0,0.0,0.0,0.0,1.95
2896,1.2225,0.5,0.1,0.0,0.0015,1.95
2897,1.222,0.0,0.0,0.0,0.0,1.95
2898,1.2225,0.5,0.1,0.0,0.0015,1.95
2899,1.222,0.0,0.0,0.0,0.0,1.95
2900,1.2225,0.5,0.1,0.0,0.0015,1.95
2901,1.222,0.0,0.0,0.0,0.0,1.95
2902,1.2225,0.5,0.1,0.0,0.0015,1.95
2903,1.222,0.0,0.0,0.0,0.0,1.95
2904,1.2225,0.5,0.1,0.0,0.0015,1.95
2905,1.222,0.0,0.0,0.0,0.0,1.95
2906,1.2225,0.5,0.1,0.0,0.0015,1.95
2907,1.222,0.0,0.0,0.0,0.0,1.95
2908,1.2225,0.5,0.1,0.0,0.0015,1.95
2909,1.2225,0.5,0.1,0.0,0.0015,1.95
2910,1.222,0.0,0.0,0.0,0.0,1.95
2911,1.222,0.0,0.0,0.0,0.0,1.95
2912,1.222,0.0,0.0,0.0,0.0,1.95
2913,1.2225,0.5,0.1,0.0,0.0015,1.95
2914,1.222,0.0,0.0,0.0,0.0,1.95
2915,1.2225,0.5,0.1,0.0,0.0015,1.95
2916,1.2225,0.5,0.1,0.0,0.0015,1.95
2917,1.2225,0.5,0.1,0.0,0.0015,1.95
2918,1.222,0.0,0.0,0.0,0.0,1.95
2919,1.222,0.0,0.0,0.0,0.0,1.95
2920,1.2225,0.5,0.1,0.0,0.0015,1.95
2921,1.222,0.0,0.0,0.0,0.0,1.95
2922,1.222,0.0,0.0,0.0,0.0,1.95
2923,1.222,0.0,0.0,0.0,0.0,1.95
2924,1.222,0.0,0.0,0.0,0.0,1.95
2925,1.2225,0.5,0.1,0.0,0.0015,1.95
2926,1.222,0.0,0.0,0.0,0.0,1.95
2927,1.2225,0.5,0.1,0.0,0.0015,1.95
2928,1.222,0.0,0.0,0.0,0.0,1.95
2929,1.222,0.0,0.0,0.0,0.0,1.95
2930,1.2225,0.5,0.1,0.0,0.0015,1.95
2931,1.222,0.0,0.0,0.0,0.0,1.95
2932,1.2225,0.5,0.1,0.0,0.0015,1.95
2933,1.2225,0.5,0.1,0.0,0.0015,1.95
2934,1.222,0.0,0.0,0.0,0.0,1.95
2935,1.2225,0.5,0.1,0.0,0.0015,1.95
2936,1.2225,0.5,0.1,0.0,0.0015,1.95
2937,1.2225,0.5,0.1,0.0,0.0015,1.95
2938,1.222,0.0,0.0,0.0,0.0,1.95
2939,1.222,0.0,0.0,0.0,0.0,1.95
2940,1.222,0.0,0.0,0.0,0.0,1.95
2941,1.222,0.0,0.0,0.0,0.0,1.95
2942,1.222,0.0,0.0,0.0,0.0,1.95
2943,1.2225,0.5,0.1,0.0,0.0015,1.95
2944,1.222,0.0,0.0,0.0,0.0,1.95
2945,1.222,0.0,0.0,0.0,0.0,1.95
2946,1.222,0.0,0.0,0.0,0.0,1.95
2947,1.2225,0.5,0.1,0.0,0.0015,1.95
2948,1.2225,0.5,0.1,0.0,0.0015,1.95
2949,1.222,0.0,0.0,0.0,0.0,1.95
2950,1.2225,0.5,0.1,0.0,0.0015,1.95
2951,1.222,0.0,0.0,0.0,0.0,1.95
2952,1.2225,0.5,0.1,0.0,0.0015,1.95
2953,1.2225,0.5,0.1,0.0,0.0015,1.95
2954,1.222,0.0,0.0,0.0,0.0,1.95
2955,1.2225,0.5,0.1,0.0,0.0015,1.95
2956,1.2225,0.5,0.1,0.0,0.0015,1.95
2957,1.2225,0.5,0.1,0.0,0.0015,1.95
2958,1.2225,0.5,0.1,0.0,0.0015,1.95
2959,1.222,0.0,0.0,0.0,0.0,1.95
2960,1.222,0.0,0.0,0.0,0.0,1.95
2961,1.222,0.0,0.0,0.0,0.0,1.95
2962,1.2225,0.5,0.1,0.0,0.0015,1.95
2963,1.2225,0.5,0.1,0.0,0.0015,1.95
2964,1.222,0.0,0.0,0.0,0.0,1.95
2965,1.222,0.0,0.0,0.0,0.0,1.95
2966,1.222,0.0,0.0,0.0,0.0,1.95
2967,1.2225,0.5,0.1,0.0,0.0015,1.95
2968,1.2225,0.5,0.1,0.0,0.0015,1.95
2969,1.222,0.0,0.0,0.0,0.0,1.95
2970,1.222,0.0,0.0,0.0,0.0,1.95
2971,1.222,0.0,0.0,0.0,0.0,1.95
2972,1.2225,0.5,0.1,0.0,0.0015,1.95
2973,1.222,0.0,0.0,0.0,0.0,1.95
2974,1.222,0.0,0.0,0.0,0.0,1.95
2975,1.222,0.0,0.0,0.0,0.0,1.95
2976,1.222,0.0,0.0,0.0,0.0,1.95
2977,1.2225,0.5,0.1,0.0,0.0015,1.95
2978,1.222,0.0,0.0,0.0,0.0,1.95
2979,1.222,0.0,0.0,0.0,0.0,1.95
2980,1.222,0.0,0.0,0.0,0.0,1.95
2981,1.2225,0.5,0.1,0.0,0.0015,1.95
2982,1.2225,0.5,0.1,0.0,0.0015,1.95
2983,1.2225,0.5,0.1,0.0,0.0015,1.95
2984,1.2225,0.5,0.1,0.0,0.0015,1.95
2985,1.222,0.0,0.0,0.0,0.0,1.95
2986,1.2225,0.5,0.1,0.0,0.0015,1.95
2987,1.222,0.0,0.0,0.0,0.0,1.95
2988,1.222,0.0,0.0,0.0,0.0,1.95
2989,1.2225,0.5,0.1,0.0,0.0015,1.95
2990,1.2225,0.5,0.1,0.0,0.0015,1.95
2991,1.2225,0.5,0.1,0.0,0.0015,1.95
2992,1.2225,0.5,0.1,0.0,0.0015,1.95
2993,1.222,0.0,0.0,0.0,0.0,1.95
2994,1.222,0.0,0.0,0.0,0.0,1.95
2995,1.2225,0.5,0.1,0.0,0.0015,1.95
2996,1.222,0.0,0.0,0.0,0.0,1.95
2997,1.2225,0.5,0.1,0.0,0.0015,1.95
2998,1.222,0.0,0.0,0.0,0.0,1.95
2999,1.222,0.0,0.0,0.0,0.0,1.95
3000,1.2225,0.5,0.1,0.0,0.0015,1.95
3001,1.2225,0.5,0.1,0.0,0.0015,1.95
3002,1.222,0.0,0.0,0.0,0.0,1.95
3003,1.2225,0.5,0.1,0.0,0.0015,1.95
3004,1.222,0.0,0.0,0.0,0.0,1.95
3005,1.222,0.0,0.0,0.0,0.0,1.95
3006,1.2225,0.5,0.1,0.0,0.0015,1.95
3007,1.2225,0.5,0.1,0.0,0.0015,1.95
3008,1.2225,0.5,0.1,0.0,0.0015,1.95
3009,1.2225,0.5,0.1,0.0,0.0015,1.95
3010,1.222,0.0,0.0,0.0,0.0,1.95
3011,1.222,0.0,0.0,0.0,0.0,1.95
3012,1.2225,0.5,0.1,0.0,0.0015,1.95
3013,1.2225,0.5,0.1,0.0,0.0015,1.95
3014,1.222,0.0,0.0,0.0,0.0,1.95
3015,1.222,0.0,0.0,0.0,0.0,1.95
3016,1.2225,0.5,0.1,0.0,0.0015,1.95
3017,1.222,0.0,0.0,0.0,0.0,1.95
3018,1.222,0.0,0.0,0.0,0.0,1.95
3019,1.222,0.0,0.0,0.0,0.0,1.95
3020,1.2225,0.5,0.1,0.0,0.0015,1.95
3021,1.2225,0.5,0.1,0.0,0.0015,1.95
3022,1.2225,0.5,0.1,0.0,0.0015,1.95
3023,1.2225,0.5,0.1,0.0,0.0015,1.95
3024,1.222,0.0,0.0,0.0,0.0,1.95
3025,1.222,0.0,0.0,0.0,0.0,1.95
3026,1.2225,0.5,0.1,0.0,0.0015,1.95
3027,1.222,0.0,0.0,0.0,0.0,1.95
3028,1.2225,0.5,0.1,0.0,0.0015,1.95
3029,1.222,0.0,0.0,0.0,0.0,1.95
3030,1.222,0.0,0.0,0.0,0.0,1.95
3031,1.2225,0.5,0.1,0.0,0.0015,1.95
3032,1.222,0.0,0.0,0.0,0.0,1.95
3033,1.222,0.0,0.0,0.0,0.0,1.95
3034,1.222,0.0,0.0,0.0,0.0,1.95
3035,1.222,0.0,0.0,0.0,0.0,1.95
3036,1.222,0.0,0.0,0.0,0.0,1.95
3037,1.222,0.0,0.0,0.0,0.0,1.95
3038,1.2225,0.5,0.1,0.0,0.0015,1.95
3039,1.222,0.0,0.0,0.0,0.0,1.95
3040,1.2225,0.5,0.1,0.0,0.0015,1.95
3041,1.222,0.0,0.0,0.0,0.0,1.95
3042,1.2225,0.5,0.1,0.0,0.0015,1.95
3043,1.222,0.0,0.0,0.0,0.0,1.95
3044,1.222,0.0,0.0,0.0,0.0,1.95
3045,1.222,0.0,0.0,0.0,0.0,1.95
3046,1.2225,0.5,0.1,0.0,0.0015,1.95
3047,1.222,0.0,0.0,0.0,0.0,1.95
3048,1.2225,0.5,0.1,0.0,0.0015,1.95
3049,1.2225,0.5,0.1,0.0,0.0015,1.95
3050,1.2225,0.5,0.1,0.0,0.0015,1.95
3051,1.222,0.0,0.0,0.0,0.0,1.95
3052,1.2225,0.5,0.1,0.0,0.0015,1.95
3053,1.2225,0.5,0.1,0.0,0.0015,1.95
3054,1.222,0.0,0.0,0.0,0.0,1.95
3055,1.2225,0.5,0.1,0.0,0.0015,1.95
3056,1.222,0.0,0.0,0.0,0.0,1.95
3057,1.222,0.0,0.0,0.0,0.0,1.95
3058,1.2225,0.5,0.1,0.0,0.0015,1.95
3059,1.2225,0.5,0.1,0.0,0.0015,1.95
3060,1.222,0.0,0.0,0.0,0.0,1.95
3061,1.222,0.0,0.0,0.0,0.0,1.95
3062,1.2225,0.5,0.1,0.0,0.0015,1.95
3063,1.2225,0.5,0.1,0.0,0.0015,1.95
3064,1.2225,0.5,0.1,0.0,0.0015,1.95
3065,1.222,0.0,0.0,0.0,0.0,1.95
3066,1.2225,0.5,0.1,0.0,0.0015,1.95
3067,1.2225,0.5,0.1,0.0,0.0015,1.95
3068,1.222,0.0,0.0,0.0,0.0,1.95
3069,1.222,0.0,0.0,0.0,0.0,1.95
3070,1.222,0.0,0.0,0.0,0.0,1.95
3071,1.222,0.0,0.0,0.0,0.0,1.95
3072,1.2225,0.5,0.1,0.0,0.0015,1.95
3073,1.2225,0.5,0.1,0.0,0.0015,1.95
3074,1.222,0.0,0.0,0.0,0.0,1.95
3075,1.2225,0.5,0.1,0.0,0.0015,1.95
3076,1.222,0.0,0.0,0.0,0.0,1.95
3077,1.222,0.0,0.0,0.0,0.0,1.95
3078,1.222,0.0,0.0,0.0,0.0,1.95
3079,1.2225,0.5,0.1,0.0,0.0015,1.95
3080,1.2225,0.5,0.1,0.0,0.0015,1.95
3081,1.222,0.0,0.0,0.0,0.0,1.95
3082,1.2225,0.5,0.1,0.0,0.0015,1.95
3083,1.2225,0.5,0.1,0.0,0.0015,1.95
3084,1.2225,0.5,0.1,0.0,0.0015,1.95
3085,1.222,0.0,0.0,0.0,0.0,1.95
3086,1.222,0.0,0.0,0.0,0.0,1.95
3087,1.2225,0.5,0.1,0.0,0.0015,1.95
3088,1.222,0.0,0.0,0.0,0.0,1.95
3089,1.2225,0.5,0.1,0.0,0.0015,1.95
3090,1.2225,0.5,0.1,0.0,0.0015,1.95
3091,1.2225,0.5,0.1,0.0,0.0015,1.95
3092,1.2225,0.5,0.1,0.0,0.0015,1.95
3093,1.2225,0.5,0.1,0.0,0.0015,1.95
3094,1.222,0.0,0.0,0.0,0.0,1.95
3095,1.2225,0.5,0.1,0.0,0.0015,1.95
3096,1.2225,0.5,0.1,0.0,0.0015,1.95
3097,1.222,0.0,0.0,0.0,0.0,1.95
3098,1.2225,0.5,0.1,0.0,0.0015,1.95
3099,1.222,0.0,0.0,0.0,0.0,1.95
3100,1.222,0.0,0.0,0.0,0.0,1.95
3101,1.222,0.0,0.0,0.0,0.0,1.95
3102,1.222,0.0,0.0,0.0,0.0,1.95
3103,1.2225,0.5,0.1,0.0,0.0015,1.95
3104,1.2225,0.5,0.1,0.0,0.0015,1.95
3105,1.222,0.0,0.0,0.0,0.0,1.95
3106,1.2225,0.5,0.1,0.0,0.0015,1.95
3107,1.2225,0.5,0.1,0.0,0.0015,1.95
3108,1.222,0.0,0.0,0.0,0.0,1.95
3109,1.222,0.0,0.0,0.0,0.0,1.95
3110,1.2225,0.5,0.1,0.0,0.0015,1.95
3111,1.222,0.0,0.0,0.0,0.0,1.95
3112,1.222,0.0,0.0,0.0,0.0,1.95
3113,1.222,0.0,0.0,0.0,0.0,1.95
3114,1.2225,0.5,0.1,0.0,0.0015,1.95
3115,1.2225,0.5,0.1,0.0,0.0015,1.95
3116,1.2225,0.5,0.1,0.0,0.0015,1.95
3117,1.222,0.0,0.0,0.0,0.0,1.95
3118,1.222,0.0,0.0,0.0,0.0,1.95
3119,1.2225,0.5,0.1,0.0,0.0015,1.95
3120,1.222,0.0,0.0,0.0,0.0,1.95
3121,1.2225,0.5,0.1,0.0,0.0015,1.95
3122,1.222,0.0,0.0,0.0,0.0,1.95
3123,1.222,0.0,0.0,0.0,0.0,1.95
3124,1.222,0.0,0.0,0.0,0.0,1.95
3125,1.222,0.0,0.0,0.0,0.0,1.95
3126,1.2225,0.5,0.1,0.0,0.0015,1.95
3127,1.2225,0.5,0.1,0.0,0.0015,1.95
3128,1.2225,0.5,0.1,0.0,0.0015,1.95
3129,1.2225,0.5,0.1,0.0,0.0015,1.95
3130,1.222,0.0,0.0,0.0,0.0,1.95
3131,1.2225,0.5,0.1,0.0,0.0015,1.95
3132,1.222,0.0,0.0,0.0,0.0,1.95
3133,1.222,0.0,0.0,0.0,0.0,1.95
3134,1.222,0.0,0.0,0.0,0.0,1.95
3135,1.222,0.0,0.0,0.0,0.0,1.95
3136,1.222,0.0,0.0,0.0,0.0,1.95
3137,1.2225,0.5,0.1,0.0,0.0015,1.95
3138,1.2225,0.5,0.1,0.0,0.0015,1.95
3139,1.222,0.0,0.0,0.0,0.0,1.95
3140,1.222,0.0,0.0,0.0,0.0,1.95
3141,1.222,0.0,0.0,0.0,0.0,1.95
3142,1.2225,0.5,0.1,0.0,0.0015,1.95
3143,1.222,0.0,0.0,0.0,0.0,1.95
3144,1.222,0.0,0.0,0.0,0.0,1.95
3145,1.222,0.0,0.0,0.0,0.0,1.95
3146,1.2225,0.5,0.1,0.0,0.0015,1.95
3147,1.2225,0.5,0.1,0.0,0.0015,1.95
3148,1.222,0.0,0.0,0.0,0.0,1.95
3149,1.2225,0.5,0.1,0.0,0.0015,1.95
3150,1.2225,0.5,0.1,0.0,0.0015,1.95
3151,1.2225,0.5,0.1,0.0,0.0015,1.95
3152,1.222,0.0,0.0,0.0,0.0,1.95
3153,1.222,0.0,0.0,0.0,0.0,1.95
3154,1.2225,0.5,0.1,0.0,0.0015,1.95
3155,1.222,0.0,0.0,0.0,0.0,1.95
3156,1.2225,0.5,0.1,0.0,0.0015,1.95
3157,1.222,0.0,0.0,0.0,0.0,1.95
3158,1.2225,0.5,0.1,0.0,0.0015,1.95
3159,1.222,0.0,0.0,0.0,0.0,1.95
3160,1.222,0.0,0.0,0.0,0.0,1.95
3161,1.2225,0.5,0.1,0.0,0.0015,1.95
3162,1.222,0.0,0.0,0.0,0.0,1.95
3163,1.2225,0.5,0.1,0.0,0.0015,1.95
3164,1.2225,0.5,0.1,0.0,0.0015,1.95
3165,1.222,0.0,0.0,0.0,0.0,1.95
3166,1.2225,0.5,0.1,0.0,0.0015,1.95
3167,1.2225,0.5,0.1,0.0,0.0015,1.95
3168,1.222,0.0,0.0,0.0,0.0,1.95
3169,1.222,0.0,0.0,0.0,0.0,1.95
3170,1.2225,0.5,0.1,0.0,0.0015,1.95
3171,1.2225,0.5,0.1,0.0,0.0015,1.95
3172,1.2225,0.5,0.1,0.0,0.0015,1.95
3173,1.222,0.0,0.0,0.0,0.0,1.95
3174,1.2225,0.5,0.1,0.0,0.0015,1.95
3175,1.222,0.0,0.0,0.0,0.0,1.95
3176,1.222,0.0,0.0,0.0,0.0,1.95
3177,1.222,0.0,0.0,0.0,0.0,1.95
3178,1.222,0.0,0.0,0.0,0.0,1.95
3179,1.222,0.0,0.0,0.0,0.0,1.95
3180,1.2225,0.5,0.1,0.0,0.0015,1.95
3181,1.2225,0.5,0.1,0.0,0.0015,1.95
3182,1.222,0.0,0.0,0.0,0.0,1.95
3183,1.2225,0.5,0.1,0.0,0.0015,1.95
3184,1.2225,0.5,0.1,0.0,0.0015,1.95
3185,1.2225,0.5,0.1,0.0,0.0015,1.95
3186,1.222,0.0,0.0,0.0,0.0,1.95
3187,1.222,0.0,0.0,0.0,0.0,1.95
3188,1.222,0.0,0.0,0.0,0.0,1.95
3189,1.222,0.0,0.0,0.0,0.0,1.95
3190,1.222,0.0,0.0,0.0,0.0,1.95
3191,1.222,0.0,0.0,0.0,0.0,1.95
3192,1.2225,0.5,0.1,0.0,0.0015,1.95
3193,1.222,0.0,0.0,0.0,0.0,1.95
3194,1.222,0.0,0.0,0.0,0.0,1.95
3195,1.222,0.0,0.0,0.0,0.0,1.95
3196,1.2225,0.5,0.1,0.0,0.0015,1.95
3197,1.2225,0.5,0.1,0.0,0.0015,1.95
3198,1.222,0.0,0.0,0.0,0.0,1.95
3199,1.222,0.0,0.0,0.0,0.0,1.95
3200,1.2225,0.5,0.1,0.0,0.0015,1.95
3201,1.222,0.0,0.0,0.0,0.0,1.95
3202,1.2225,0.5,0.1,0.0,0.0015,1.95
3203,1.2225,0.5,0.1,0.0,0.0015,1.95
3204,1.222,0.0,0.0,0.0,0.0,1.95
3205,1.222,0.0,0.0,0.0,0.0,1.95
3206,1.222,0.0,0.0,0.0,0.0,1.95
3207,1.2225,0.5,0.1,0.0,0.0015,1.95
3208,1.2225,0.5,0.1,0.0,0.0015,1.95
3209,1.222,0.0,0.0,0.0,0.0,1.95
3210,1.2225,0.5,0.1,0.0,0.0015,1.95
3211,1.2225,0.5,0.1,0.0,0.0015,1.95
3212,1.2225,0.5,0.1,0.0,0.0015,1.95
3213,1.2225,0.5,0.1,0.0,0.0015,1.95
3214,1.222,0.0,0.0,0.0,0.0,1.95
3215,1.222,0.0,0.0,0.0,0.0,1.95
3216,1.2225,0.5,0.1,0.0,0.0015,1.95
3217,1.222,0.0,0.0,0.0,0.0,1.95
3218,1.2225,0.5,0.1,0.0,0.0015,1.95
3219,1.2225,0.5,0.1,0.0,0.0015,1.95
3220,1.222,0.0,0.0,0.0,0.0,1.95
3221,1.222,0.0,0.0,0.0,0.0,1.95
3222,1.222,0.0,0.0,0.0,0.0,1.95
3223,1.222,0.0,0.0,0.0,0.0,1.95
3224,1.2225,0.5,0.1,0.0,0.0015,1.95
3225,1.2225,0.5,0.1,0.0,0.0015,1.95
3226,1.2225,0.5,0.1,0.0,0.0015,1.95
3227,1.222,0.0,0.0,0.0,0.0,1.95
3228,1.222,0.0,0.0,0.0,0.0,1.95
3229,1.2225,0.5,0.1,0.0,0.0015,1.95
3230,1.2225,0.5,0.1,0.0,0.0015,1.95
3231,1.2225,0.5,0.1,0.0,0.0015,1.95
3232,1.222,0.0,0.0,0.0,0.0,1.95
3233,1.222,0.0,0.0,0.0,0.0,1.95
3234,1.222,0.0,0.0,0.0,0.0,1.95
3235,1.222,0.0,0.0,0.0,0.0,1.95
3236,1.222,0.0,0.0,0.0,0.0,1.95
3237,1.222,0.0,0.0,0.0,0.0,1.95
3238,1.2225,0.5,0.1,0.0,0.0015,1.95
3239,1.2225,0.5,0.1,0.0,0.0015,1.95
3240,1.222,0.0,0.0,0.0,0.0,1.95
3241,1.222,0.0,0.0,0.0,0.0,1.95
3242,1.222,0.0,0.0,0.0,0.0,1.95
3243,1.222,0.0,0.0,0.0,0.0,1.95
3244,1.2225,0.5,0.1,0.0,0.0015,1.95
3245,1.2225,0.5,0.1,0.0,0.0015,1.95
3246,1.222,0.0,0.0,0.0,0.0,1.95
3247,1.2225,0.5,0.1,0.0,0.0015,1.95
3248,1.222,0.0,0.0,0.0,0.0,1.95
3249,1.2225,0.5,0.1,0.0,0.0015,1.95
3250,1.2225,0.5,0.1,0.0,0.0015,1.95
3251,1.222,0.0,0.0,0.0,0.0,1.95
3252,1.2225,0.5,0.1,0.0,0.0015,1.95
3253,1.222,0.0,0.0,0.0,0.0,1.95
3254,1.222,0.0,0.0,0.0,0.0,1.95
3255,1.222,0.0,0.0,0.0,0.0,1.95
3256,1.222,0.0,0.0,0.0,0.0,1.95
3257,1.2225,0.5,0.1,0.0,0.0015,1.95
3258,1.222,0.0,0.0,0.0,0.0,1.95
3259,1.2225,0.5,0.1,0.0,0.0015,1.95
3260,1.2225,0.5,0.1,0.0,0.0015,1.95
3261,1.222,0.0,0.0,0.0,0.0,1.95
3262,1.222,0.0,0.0,0.0,0.0,1.95
3263,1.222,0.0,0.0,0.0,0.0,1.95
3264,1.222,0.0,0.0,0.0,0.0,1.95
3265,1.2225,0.5,0.1,0.0,0.0015,1.95
3266,1.222,0.0,0.0,0.0,0.0,1.95
3267,1.222,0.0,0.0,0.0,0.0,1.95
3268,1.222,0.0,0.0,0.0,0.0,1.95
3269,1.222,0.0,0.0,0.0,0.0,1.95
3270,1.222,0.0,0.0,0.0,0.0,1.95
3271,1.222,0.0,0.0,0.0,0.0,1.95
3272,1.222,0.0,0.0,0.0,0.0,1.95
3273,1.2225,0.5,0.1,0.0,0.0015,1.95
3274,1.2225,0.5,0.1,0.0,0.0015,1.95
3275,1.222,0.0,0.0,0.0,0.0,1.95
3276,1.222,0.0,0.0,0.0,0.0,1.95
3277,1.222,0.0,0.0,0.0,0.0,1.95
3278,1.222,0.0,0.0,0.0,0.0,1.95
3279,1.222,0.0,0.0,0.0,0.0,1.95
3280,1.2225,0.5,0.1,0.0,0.0015,1.95
3281,1.2225,0.5,0.1,0.0,0.0015,1.95
3282,1.222,0.0,0.0,0.0,0.0,1.95
3283,1.2225,0.5,0.1,0.0,0.0015,1.95
3284,1.2225,0.5,0.1,0.0,0.0015,1.95
3285,1.2225,0.5,0.1,0.0,0.0015,1.95
3286,1.222,0.0,0.0,0.0,0.0,1.95
3287,1.222,0.0,0.0,0.0,0.0,1.95
3288,1.2225,0.5,0.1,0.0,0.0015,1.95
3289,1.2225,0.5,0.1,0.0,0.0015,1.95
3290,1.2225,0.5,0.1,0.0,0.0015,1.95
3291,1.2225,0.5,0.1,0.0,0.0015,1.95
3292,1.2225,0.5,0.1,0.0,0.0015,1.95
3293,1.2225,0.5,0.1,0.0,0.0015,1.95
3294,1.2225,0.5,0.1,0.0,0.0015,1.95
3295,1.2225,0.5,0.1,0.0,0.0015,1.95
3296,1.222,0.0,0.0,0.0,0.0,1.95
3297,1.222,0.0,0.0,0.0,0.0,1.95
3298,1.2225,0.5,0.1,0.0,0.0015,1.95
3299,1.222,0.0,0.0,0.0,0.0,1.95
3300,1.2225,0.5,0.1,0.0,0.0015,1.95
3301,1.222,0.0,0.0,0.0,0.0,1.95
3302,1.222,0.0,0.0,0.0,0.0,1.95
3303,1.222,0.0,0.0,0.0,0.0,1.95
3304,1.2225,0.5,0.1,0.0,0.0015,1.95
3305,1.2225,0.5,0.1,0.0,0.0015,1.95
3306,1.2225,0.5,0.1,0.0,0.0015,1.95
3307,1.222,0.0,0.0,0.0,0.0,1.95
3308,1.2225,0.5,0.1,0.0,0.0015,1.95
3309,1.2225,0.5,0.1,0.0,0.0015,1.95
3310,1.222,0.0,0.0,0.0,0.0,1.95
3311,1.222,0.0,0.0,0.0,0.0,1.95
3312,1.2225,0.5,0.1,0.0,0.0015,1.95
3313,1.2225,0.5,0.1,0.0,0.0015,1.95
3314,1.222,0.0,0.0,0.0,0.0,1.95
3315,1.2225,0.5,0.1,0.0,0.0015,1.95
3316,1.222,0.0,0.0,0.0,0.0,1.95
3317,1.2225,0.5,0.1,0.0,0.0015,1.95
3318,1.222,0.0,0.0,0.0,0.0,1.95
3319,1.222,0.0,0.0,0.0,0.0,1.95
3320,1.222,0.0,0.0,0.0,0.0,1.95
3321,1.2225,0.5,0.1,0.0,0.0015,1.95
3322,1.222,0.0,0.0,0.0,0.0,1.95
3323,1.222,0.0,0.0,0.0,0.0,1.95
3324,1.222,0.0,0.0,0.0,0.0,1.95
3325,1.222,0.0,0.0,0.0,0.0,1.95
3326,1.222,0.0,0.0,0.0,0.0,1.95
3327,1.222,0.0,0.0,0.0,0.0,1.95
3328,1.222,0.0,0.0,0.0,0.0,1.95
3329,1.222,0.0,0.0,0.0,0.0,1.95
3330,1.222,0.0,0.0,0.0,0.0,1.95
3331,1.222,0.0,0.0,0.0,0.0,1.95
3332,1.222,0.0,0.0,0.0,0.0,1.95
3333,1.2225,0.5,0.1,0.0,0.0015,1.95
3334,1.222,0.0,0.0,0.0,0.0,1.95
3335,1.2225,0.5,0.1,0.0,0.0015,1.95
3336,1.222,0.0,0.0,0.0,0.0,1.95
3337,1.2225,0.5,0.1,0.0,0.0015,1.95
3338,1.2225,0.5,0.1,0.0,0.0015,1.95
3339,1.222,0.0,0.0,0.0,0.0,1.95
3340,1.2225,0.5,0.1,0.0,0.0015,1.95
3341,1.2225,0.5,0.1,0.0,0.0015,1.95
3342,1.222,0.0,0.0,0.0,0.0,1.95
3343,1.2225,0.5,0.1,0.0,0.0015,1.95
3344,1.222,0.0,0.0,0.0,0.0,1.95
3345,1.2225,0.5,0.1,0.0,0.0015,1.95
3346,1.2225,0.5,0.1,0.0,0.0015,1.95
3347,1.2225,0.5,0.1,0.0,0.0015,1.95
3348,1.2225,0.5,0.1,0.0,0.0015,1.95
3349,1.222,0.0,0.0,0.0,0.0,1.95
3350,1.222,0.0,0.0,0.0,0.0,1.95
3351,1.2225,0.5,0.1,0.0,0.0015,1.95
3352,1.2225,0.5,0.1,0.0,0.0015,1.95
3353,1.2225,0.5,0.1,0.0,0.0015,1.95
3354,1.2225,0.5,0.1,0.0,0.0015,1.95
3355,1.222,0.0,0.0,0.0,0.0,1.95
3356,1.222,0.0,0.0,0.0,0.0,1.95
3357,1.2225,0.5,0.1,0.0,0.0015,1.95
3358,1.222,0.0,0.0,0.0,0.0,1.95
3359,1.222,0.0,0.0,0.0,0.0,1.95
3360,1.222,0.0,0.0,0.0,0.0,1.95
3361,1.222,0.0,0.0,0.0,0.0,1.95
3362,1.2225,0.5,0.1,0.0,0.0015,1.95
3363,1.2225,0.5,0.1,0.0,0.0015,1.95
3364,1.222,0.0,0.0,0.0,0.0,1.95
3365,1.222,0.0,0.0,0.0,0.0,1.95
3366,1.222,0.0,0.0,0.0,0.0,1.95
3367,1.222,0.0,0.0,0.0,0.0,1.95
3368,1.222,0.0,0.0,0.0,0.0,1.95
3369,1.222,0.0,0.0,0.0,0.0,1.95
3370,1.222,0.0,0.0,0.0,0.0,1.95
3371,1.222,0.0,0.0,0.0,0.0,1.95
3372,1.2225,0.5,0.1,0.0,0.0015,1.95
3373,1.2225,0.5,0.1,0.0,0.0015,1.95
3374,1.222,0.0,0.0,0.0,0.0,1.95
3375,1.222,0.0,0.0,0.0,0.0,1.95
3376,1.2225,0.5,0.1,0.0,0.0015,1.95
3377,1.2225,0.5,0.1,0.0,0.0015,1.95
3378,1.222,0.0,0.0,0.0,0.0,1.95
3379,1.222,0.0,0.0,0.0,0.0,1.95
3380,1.222,0.0,0.0,0.0,0.0,1.95
3381,1.2225,0.5,0.1,0.0,0.0015,1.95
3382,1.2225,0.5,0.1,0.0,0.0015,1.95
3383,1.2225,0.5,0.1,0.0,0.0015,1.95
3384,1.2225,0.5,0.1,0.0,0.0015,1.95
3385,1.2225,0.5,0.1,0.0,0.0015,1.95
3386,1.222,0.0,0.0,0.0,0.0,1.95
3387,1.222,0.0,0.0,0.0,0.0,1.95
3388,1.222,0.0,0.0,0.0,0.0,1.95
3389,1.2225,0.5,0.1,0.0,0.0015,1.95
3390,1.2225,0.5,0.1,0.0,0.0015,1.95
3391,1.222,0.0,0.0,0.0,0.0,1.95
3392,1.222,0.0,0.0,0.0,0.0,1.95
3393,1.222,0.0,0.0,0.0,0.0,1.95
3394,1.2225,0.5,0.1,0.0,0.0015,1.95
3395,1.222,0.0,0.0,0.0,0.0,1.95
3396,1.2225,0.5,0.1,0.0,0.0015,1.95
3397,1.2225,0.5,0.1,0.0,0.0015,1.95
3398,1.222,0.0,0.0,0.0,0.0,1.95
3399,1.222,0.0,0.0,0.0,0.0,1.95
3400,1.222,0.0,0.0,0.0,0.0,1.95
3401,1.222,0.0,0.0,0.0,0.0,1.95
3402,1.2225,0.5,0.1,0.0,0.0015,1.95
3403,1.2225,0.5,0.1,0.0,0.0015,1.95
3404,1.222,0.0,0.0,0.0,0.0,1.95
3405,1.2225,0.5,0.1,0.0,0.0015,1.95
3406,1.2225,0.5,0.1,0.0,0.0015,1.95
3407,1.222,0.0,0.0,0.0,0.0,1.95
3408,1.222,0.0,0.0,0.0,0.0,1.95
3409,1.222,0.0,0.0,0.0,0.0,1.95
3410,1.222,0.0,0.0,0.0,0.0,1.95
3411,1.2225,0.5,0.1,0.0,0.0015,1.95
3412,1.2225,0.5,0.1,0.0,0.0015,1.95
3413,1.2225,0.5,0.1,0.0,0.0015,1.95
3414,1.2225,0.5,0.1,0.0,0.0015,1.95
3415,1.222,0.0,0.0,0.0,0.0,1.95
3416,1.222,0.0,0.0,0.0,0.0,1.95
3417,1.222,0.0,0.0,0.0,0.0,1.95
3418,1.2225,0.5,0.1,0.0,0.0015,1.95
3419,1.2225,0.5,0.1,0.0,0.0015,1.95
3420,1.222,0.0,0.0,0.0,0.0,1.95
3421,1.2225,0.5,0.1,0.0,0.0015,1.95
3422,1.2225,0.5,0.1,0.0,0.0015,1.95
3423,1.222,0.0,0.0,0.0,0.0,1.95
3424,1.2225,0.5,0.1,0.0,0.0015,1.95
3425,1.222,0.0,0.0,0.0,0.0,1.95
3426,1.2225,0.5,0.1,0.0,0.0015,1.95
3427,1.2225,0.5,0.1,0.0,0.0015,1.95
3428,1.2225,0.5,0.1,0.0,0.0015,1.95
3429,1.222,0.0,0.0,0.0,0.0,1.95
3430,1.2225,0.5,0.1,0.0,0.0015,1.95
3431,1.222,0.0,0.0,0.0,0.0,1.95
3432,1.222,0.0,0.0,0.0,0.0,1.95
3433,1.222,0.0,0.0,0.0,0.0,1.95
3434,1.222,0.0,0.0,0.0,0.0,1.95
3435,1.2225,0.5,0.1,0.0,0.0015,1.95
3436,1.2225,0.5,0.1,0.0,0.0015,1.95
3437,1.222,0.0,0.0,0.0,0.0,1.95
3438,1.2225,0.5,0.1,0.0,0.0015,1.95
3439,1.222,0.0,0.0,0.0,0.0,1.95
3440,1.2225,0.5,0.1,0.0,0.0015,1.95
3441,1.2225,0.5,0.1,0.0,0.0015,1.95
3442,1.2225,0.5,0.1,0.0,0.0015,1.95
3443,1.2225,0.5,0.1,0.0,0.0015,1.95
3444,1.222,0.0,0.0,0.0,0.0,1.95
3445,1.2225,0.5,0.1,0.0,0.0015,1.95
3446,1.2225,0.5,0.1,0.0,0.0015,1.95
3447,1.2225,0.5,0.1,0.0,0.0015,1.95
3448,1.222,0.0,0.0,0.0,0.0,1.95
3449,1.2225,0.5,0.1,0.0,0.0015,1.95
3450,1.2225,0.5,0.1,0.0,0.0015,1.95
3451,1.222,0.0,0.0,0.0,0.0,1.95
3452,1.2225,0.5,0.1,0.0,0.0015,1.95
3453,1.2225,0.5,0.1,0.0,0.0015,1.95
3454,1.222,0.0,0.0,0.0,0.0,1.95
3455,1.2225,0.5,0.1,0.0,0.0015,1.95
3456,1.2225,0.5,0.1,0.0,0.0015,1.95
3457,1.222,0.0,0.0,0.0,0.0,1.95
3458,1.222,0.0,0.0,0.0,0.0,1.95
3459,1.222,0.0,0.0,0.0,0.0,1.95
3460,1.222,0.0,0.0,0.0,0.0,1.95
3461,1.2225,0.5,0.1,0.0,0.0015,1.95
3462,1.222,0.0,0.0,0.0,0.0,1.95
3463,1.2225,0.5,0.1,0.0,0.0015,1.95
3464,1.222,0.0,0.0,0.0,0.0,1.95
3465,1.222,0.0,0.0,0.0,0.0,1.95
3466,1.2225,0.5,0.1,0.0,0.0015,1.95
3467,1.222,0.0,0.0,0.0,0.0,1.95
3468,1.2225,0.5,0.1,0.0,0.0015,1.95
3469,1.2225,0.5,0.1,0.0,0.0015,1.95
3470,1.222,0.0,0.0,0.0,0.0,1.95
3471,1.222,0.0,0.0,0.0,0.0,1.95
3472,1.222,0.0,0.0,0.0,0.0,1.95
3473,1.2225,0.5,0.1,0.0,0.0015,1.95
3474,1.2225,0.5,0.1,0.0,0.0015,1.95
3475,1.222,0.0,0.0,0.0,0.0,1.95
3476,1.2225,0.5,0.1,0.0,0.0015,1.95
3477,1.2225,0.5,0.1,0.0,0.0015,1.95
3478,1.2225,0.5,0.1,0.0,0.0015,1.95
3479,1.2225,0.5,0.1,0.0,0.0015,1.95
3480,1.2225,0.5,0.1,0.0,0.0015,1.95
3481,1.2225,0.5,0.1,0.0,0.0015,1.95
3482,1.222,0.0,0.0,0.0,0.0,1.95
3483,1.2225,0.5,0.1,0.0,0.0015,1.95
3484,1.2225,0.5,0.1,0.0,0.0015,1.95
3485,1.2225,0.5,0.1,0.0,0.0015,1.95
3486,1.2225,0.5,0.1,0.0,0.0015,1.95
3487,1.2225,0.5,0.1,0.0,0.0015,1.95
3488,1.222,0.0,0.0,0.0,0.0,1.95
3489,1.2225,0.5,0.1,0.0,0.0015,1.95
3490,1.222,0.0,0.0,0.0,0.0,1.95
3491,1.222,0.0,0.0,0.0,0.0,1.95
3492,1.222,0.0,0.0,0.0,0.0,1.95
3493,1.222,0.0,0.0,0.0,0.0,1.95
3494,1.222,0.0,0.0,0.0,0.0,1.95
3495,1.222,0.0,0.0,0.0,0.0,1.95
3496,1.222,0.0,0.0,0.0,0.0,1.95
3497,1.222,0.0,0.0,0.0,0.0,1.95
3498,1.222,0.0,0.0,0.0,0.0,1.95
3499,1.222,0.0,0.0,0.0,0.0,1.95
3500,1.222,0.0,0.0,0.0,0.0,1.95
3501,1.2225,0.5,0.1,0.0,0.0015,1.95
3502,1.222,0.0,0.0,0.0,0.0,1.95
3503,1.222,0.0,0.0,0.0,0.0,1.95
3504,1.2225,0.5,0.1,0.0,0.0015,1.95
3505,1.2225,0.5,0.1,0.0,0.0015,1.95
3506,1.222,0.0,0.0,0.0,0.0,1.95
3507,1.222,0.0,0.0,0.0,0.0,1.95
3508,1.2225,0.5,0.1,0.0,0.0015,1.95
3509,1.222,0.0,0.0,0.0,0.0,1.95
3510,1.222,0.0,0.0,0.0,0.0,1.95
3511,1.2225,0.5,0.1,0.0,0.0015,1.95
3512,1.222,0.0,0.0,0.0,0.0,1.95
3513,1.222,0.0,0.0,0.0,0.0,1.95
3514,1.222,0.0,0.0,0.0,0.0,1.95
3515,1.222,0.0,0.0,0.0,0.0,1.95
3516,1.2225,0.5,0.1,0.0,0.0015,1.95
3517,1.2225,0.5,0.1,0.0,0.0015,1.95
3518,1.222,0.0,0.0,0.0,0.0,1.95
3519,1.2225,0.5,0.1,0.0,0.0015,1.95
3520,1.222,0.0,0.0,0.0,0.0,1.95
3521,1.2225,0.5,0.1,0.0,0.0015,1.95
3522,1.222,0.0,0.0,0.0,0.0,1.95
3523,1.222,0.0,0.0,0.0,0.0,1.95
3524,1.222,0.0,0.0,0.0,0.0,1.95
3525,1.222,0.0,0.0,0.0,0.0,1.95
3526,1.222,0.0,0.0,0.0,0.0,1.95
3527,1.2225,0.5,0.1,0.0,0.0015,1.95
3528,1.222,0.0,0.0,0.0,0.0,1.95
3529,1.2225,0.5,0.1,0.0,0.0015,1.95
3530,1.2225,0.5,0.1,0.0,0.0015,1.95
3531,1.2225,0.5,0.1,0.0,0.0015,1.95
3532,1.222,0.0,0.0,0.0,0.0,1.95
3533,1.222,0.0,0.0,0.0,0.0,1.95
3534,1.222,0.0,0.0,0.0,0.0,1.95
3535,1.2225,0.5,0.1,0.0,0.0015,1.95
3536,1.2225,0.5,0.1,0.0,0.0015,1.95
3537,1.222,0.0,0.0,0.0,0.0,1.95
3538,1.222,0.0,0.0,0.0,0.0,1.95
3539,1.222,0.0,0.0,0.0,0.0,1.95
3540,1.222,0.0,0.0,0.0,0.0,1.95
3541,1.222,0.0,0.0,0.0,0.0,1.95
3542,1.222,0.0,0.0,0.0,0.0,1.95
3543,1.2225,0.5,0.1,0.0,0.0015,1.95
3544,1.222,0.0,0.0,0.0,0.0,1.95
3545,1.2225,0.5,0.1,0.0,0.0015,1.95
3546,1.2225,0.5,0.1,0.0,0.0015,1.95
3547,1.2225,0.5,0.1,0.0,0.0015,1.95
3548,1.222,0.0,0.0,0.0,0.0,1.95
3549,1.2225,0.5,0.1,0.0,0.0015,1.95
3550,1.2225,0.5,0.1,0.0,0.0015,1.95
3551,1.2225,0.5,0.1,0.0,0.0015,1.95
3552,1.222,0.0,0.0,0.0,0.0,1.95
3553,1.222,0.0,0.0,0.0,0.0,1.95
3554,1.2225,0.5,0.1,0.0,0.0015,1.95
3555,1.2225,0.5,0.1,0.0,0.0015,1.95
3556,1.2225,0.5,0.1,0.0,0.0015,1.95
3557,1.222,0.0,0.0,0.0,0.0,1.95
3558,1.2225,0.5,0.1,0.0,0.0015,1.95
3559,1.222,0.0,0.0,0.0,0.0,1.95
3560,1.222,0.0,0.0,0.0,0.0,1.95
3561,1.2225,0.5,0.1,0.0,0.0015,1.95
3562,1.222,0.0,0.0,0.0,0.0,1.95
3563,1.222,0.0,0.0,0.0,0.0,1.95
3564,1.2225,0.5,0.1,0.0,0.0015,1.95
3565,1.222,0.0,0.0,0.0,0.0,1.95
3566,1.2225,0.5,0.1,0.0,0.0015,1.95
3567,1.222,0.0,0.0,0.0,0.0,1.95
3568,1.2225,0.5,0.1,0.0,0.0015,1.95
3569,1.222,0.0,0.0,0.0,0.0,1.95
3570,1.222,0.0,0.0,0.0,0.0,1.95
3571,1.2225,0.5,0.1,0.0,0.0015,1.95
3572,1.2225,0.5,0.1,0.0,0.0015,1.95
3573,1.2225,0.5,0.1,0.0,0.0015,1.95
3574,1.222,0.0,0.0,0.0,0.0,1.95
3575,1.2225,0.5,0.1,0.0,0.0015,1.95
3576,1.222,0.0,0.0,0.0,0.0,1.95
3577,1.222,0.0,0.0,0.0,0.0,1.95
3578,1.222,0.0,0.0,0.0,0.0,1.95
3579,1.2225,0.5,0.1,0.0,0.0015,1.95
3580,1.222,0.0,0.0,0.0,0.0,1.95
3581,1.222,0.0,0.0,0.0,0.0,1.95
3582,1.2225,0.5,0.1,0.0,0.0015,1.95
3583,1.222,0.0,0.0,0.0,0.0,1.95
3584,1.2225,0.5,0.1,0.0,0.0015,1.95
3585,1.2225,0.5,0.1,0.0,0.0015,1.95
3586,1.222,0.0,0.0,0.0,0.0,1.95
3587,1.222,0.0,0.0,0.0,0.0,1.95
3588,1.2225,0.5,0.1,0.0,0.0015,1.95
3589,1.2225,0.5,0.1,0.0,0.0015,1.95
3590,1.2225,0.5,0.1,0.0,0.0015,1.95
3591,1.222,0.0,0.0,0.0,0.0,1.95
3592,1.222,0.0,0.0,0.0,0.0,1.95
3593,1.2225,0.5,0.1,0.0,0.0015,1.95
3594,1.222,0.0,0.0,0.0,0.0,1.95
3595,1.222,0.0,0.0,0.0,0.0,1.95
3596,1.2225,0.5,0.1,0.0,0.0015,1.95
3597,1.2225,0.5,0.1,0.0,0.0015,1.95
3598,1.2225,0.5,0.1,0.0,0.0015,1.95
3599,1.2225,0.5,0.1,0.0,0.0015,1.95
3600,1.2225,0.5,0.1,0.0,0.0015,1.95
3601,1.2225,0.5,0.1,0.0,0.0015,1.95
3602,1.2225,0.5,0.1,0.0,0.0015,1.95
3603,1.222,0.0,0.0,0.0,0.0,1.95
3604,1.2225,0.5,0.1,0.0,0.0015,1.95
3605,1.2225,0.5,0.1,0.0,0.0015,1.95
3606,1.2225,0.5,0.1,0.0,0.0015,1.95
3607,1.2225,0.5,0.1,0.0,0.0015,1.95
3608,1.222,0.0,0.0,0.0,0.0,1.95
3609,1.2225,0.5,0.1,0.0,0.0015,1.95
3610,1.2225,0.5,0.1,0.0,0.0015,1.95
3611,1.2225,0.5,0.1,0.0,0.0015,1.95
3612,1.222,0.0,0.0,0.0,0.0,1.95
3613,1.222,0.0,0.0,0.0,0.0,1.95
3614,1.2225,0.5,0.1,0.0,0.0015,1.95
3615,1.2225,0.5,0.1,0.0,0.0015,1.95
3616,1.222,0.0,0.0,0.0,0.0,1.95
3617,1.2225,0.5,0.1,0.0,0.0015,1.95
3618,1.2225,0.5,0.1,0.0,0.0015,1.95
3619,1.2225,0.5,0.1,0.0,0.0015,1.95
3620,1.2225,0.5,0.1,0.0,0.0015,1.95
3621,1.222,0.0,0.0,0.0,0.0,1.95
3622,1.222,0.0,0.0,0.0,0.0,1.95
3623,1.2225,0.5,0.1,0.0,0.0015,1.95
3624,1.222,0.0,0.0,0.0,0.0,1.95
3625,1.222,0.0,0.0,0.0,0.0,1.95
3626,1.2225,0.5,0.1,0.0,0.0015,1.95
3627,1.2225,0.5,0.1,0.0,0.0015,1.95
3628,1.2225,0.5,0.1,0.0,0.0015,1.95
3629,1.2225,0.5,0.1,0.0,0.0015,1.95
3630,1.222,0.0,0.0,0.0,0.0,1.95
3631,1.222,0.0,0.0,0.0,0.0,1.95
3632,1.222,0.0,0.0,0.0,0.0,1.95
3633,1.222,0.0,0.0,0.0,0.0,1.95
3634,1.222,0.0,0.0,0.0,0.0,1.95
3635,1.222,0.0,0.0,0.0,0.0,1.95
3636,1.222,0.0,0.0,0.0,0.0,1.95
3637,1.2225,0.5,0.1,0.0,0.0015,1.95
3638,1.222,0.0,0.0,0.0,0.0,1.95
3639,1.222,0.0,0.0,0.0,0.0,1.95
3640,1.222,0.0,0.0,0.0,0.0,1.95
3641,1.2225,0.5,0.1,0.0,0.0015,1.95
3642,1.2225,0.5,0.1,0.0,0.0015,1.95
3643,1.2225,0.5,0.1,0.0,0.0015,1.95
3644,1.2225,0.5,0.1,0.0,0.0015,1.95
3645,1.222,0.0,0.0,0.0,0.0,1.95
3646,1.2225,0.5,0.1,0.0,0.0015,1.95
3647,1.2225,0.5,0.1,0.0,0.0015,1.95
3648,1.222,0.0,0.0,0.0,0.0,1.95
3649,1.222,0.0,0.0,0.0,0.0,1.95
3650,1.222,0.0,0.0,0.0,0.0,1.95
3651,1.222,0.0,0.0,0.0,0.0,1.95
3652,1.222,0.0,0.0,0.0,0.0,1.95
3653,1.2225,0.5,0.1,0.0,0.0015,1.95
3654,1.222,0.0,0.0,0.0,0.0,1.95
3655,1.2225,0.5,0.1,0.0,0.0015,1.95
3656,1.222,0.0,0.0,0.0,0.0,1.95
3657,1.222,0.0,0.0,0.0,0.0,1.95
3658,1.222,0.0,0.0,0.0,0.0,1.95
3659,1.2225,0.5,0.1,0.0,0.0015,1.95
3660,1.222,0.0,0.0,0.0,0.0,1.95
3661,1.222,0.0,0.0,0.0,0.0,1.95
3662,1.222,0.0,0.0,0.0,0.0,1.95
3663,1.222,0.0,0.0,0.0,0.0,1.95
3664,1.222,0.0,0.0,0.0,0.0,1.95
3665,1.2225,0.5,0.1,0.0,0.0015,1.95
3666,1.2225,0.5,0.1,0.0,0.0015,1.95
3667,1.222,0.0,0.0,0.0,0.0,1.95
3668,1.222,0.0,0.0,0.0,0.0,1.95
3669,1.222,0.0,0.0,0.0,0.0,1.95
3670,1.222,0.0,0.0,0.0,0.0,1.95
3671,1.222,0.0,0.0,0.0,0.0,1.95
3672,1.2225,0.5,0.1,0.0,0.0015,1.95
3673,1.222,0.0,0.0,0.0,0.0,1.95
3674,1.222,0.0,0.0,0.0,0.0,1.95
3675,1.222,0.0,0.0,0.0,0.0,1.95
3676,1.2225,0.5,0.1,0.0,0.0015,1.95
3677,1.222,0.0,0.0,0.0,0.0,1.95
3678,1.222,0.0,0.0,0.0,0.0,1.95
3679,1.222,0.0,0.0,0.0,0.0,1.95
3680,1.222,0.0,0.0,0.0,0.0,1.95
3681,1.2225,0.5,0.1,0.0,0.0015,1.95
3682,1.2225,0.5,0.1,0.0,0.0015,1.95
3683,1.222,0.0,0.0,0.0,0.0,1.95
3684,1.222,0.0,0.0,0.0,0.0,1.95
3685,1.222,0.0,0.0,0.0,0.0,1.95
3686,1.2225,0.5,0.1,0.0,0.0015,1.95
3687,1.2225,0.5,0.1,0.0,0.0015,1.95
3688,1.222,0.0,0.0,0.0,0.0,1.95
3689,1.222,0.0,0.0,0.0,0.0,1.95
3690,1.2225,0.5,0.1,0.0,0.0015,1.95
3691,1.222,0.0,0.0,0.0,0.0,1.95
3692,1.2225,0.5,0.1,0.0,0.0015,1.95
3693,1.222,0.0,0.0,0.0,0.0,1.95
3694,1.222,0.0,0.0,0.0,0.0,1.95
3695,1.222,0.0,0.0,0.0,0.0,1.95
3696,1.2225,0.5,0.1,0.0,0.0015,1.95
3697,1.222,0.0,0.0,0.0,0.0,1.95
3698,1.2225,0.5,0.1,0.0,0.0015,1.95
3699,1.2225,0.5,0.1,0.0,0.0015,1.95
3700,1.2225,0.5,0.1,0.0,0.0015,1.95
3701,1.2225,0.5,0.1,0.0,0.0015,1.95
3702,1.222,0.0,0.0,0.0,0.0,1.95
3703,1.2225,0.5,0.1,0.0,0.0015,1.95
3704,1.222,0.0,0.0,0.0,0.0,1.95
3705,1.222,0.0,0.0,0.0,0.0,1.95
3706,1.2225,0.5,0.1,0.0,0.0015,1.95
3707,1.222,0.0,0.0,0.0,0.0,1.95
3708,1.2225,0.5,0.1,0.0,0.0015,1.95
3709,1.2225,0.5,0.1,0.0,0.0015,1.95
3710,1.2225,0.5,0.1,0.0,0.0015,1.95
3711,1.222,0.0,0.0,0.0,0.0,1.95
3712,1.222,0.0,0.0,0.0,0.0,1.95
3713,1.2225,0.5,0.1,0.0,0.0015,1.95
3714,1.2225,0.5,0.1,0.0,0.0015,1.95
3715,1.2225,0.5,0.1,0.0,0.0015,1.95
3716,1.222,0.0,0.0,0.0,0.0,1.95
3717,1.222,0.0,0.0,0.0,0.0,1.95
3718,1.2225,0.5,0.1,0.0,0.0015,1.95
3719,1.222,0.0,0.0,0.0,0.0,1.95
3720,1.2225,0.5,0.1,0.0,0.0015,1.95
3721,1.2225,0.5,0.1,0.0,0.0015,1.95
3722,1.222,0.0,0.0,0.0,0.0,1.95
3723,1.2225,0.5,0.1,0.0,0.0015,1.95
3724,1.222,0.0,0.0,0.0,0.0,1.95
3725,1.222,0.0,0.0,0.0,0.0,1.95
3726,1.2225,0.5,0.1,0.0,0.0015,1.95
3727,1.2225,0.5,0.1,0.0,0.0015,1.95
3728,1.222,0.0,0.0,0.0,0.0,1.95
3729,1.222,0.0,0.0,0.0,0.0,1.95
3730,1.222,0.0,0.0,0.0,0.0,1.95
3731,1.222,0.0,0.0,0.0,0.0,1.95
3732,1.222,0.0,0.0,0.0,0.0,1.95
3733,1.2225,0.5,0.1,0.0,0.0015,1.95
3734,1.222,0.0,0.0,0.0,0.0,1.95
3735,1.222,0.0,0.0,0.0,0.0,1.95
3736,1.2225,0.5,0.1,0.0,0.0015,1.95
3737,1.222,0.0,0.0,0.0,0.0,1.95
3738,1.222,0.0,0.0,0.0,0.0,1.95
3739,1.222,0.0,0.0,0.0,0.0,1.95
3740,1.2225,0.5,0.1,0.0,0.0015,1.95
3741,1.222,0.0,0.0,0.0,0.0,1.95
3742,1.222,0.0,0.0,0.0,0.0,1.95
3743,1.222,0.0,0.0,0.0,0.0,1.95
3744,1.2225,0.5,0.1,0.0,0.0015,1.95
3745,1.2225,0.5,0.1,0.0,0.0015,1.95
3746,1.2225,0.5,0.1,0.0,0.0015,1.95
3747,1.2225,0.5,0.1,0.0,0.0015,1.95
3748,1.222,0.0,0.0,0.0,0.0,1.95
3749,1.222,0.0,0.0,0.0,0.0,1.95
3750,1.2225,0.5,0.1,0.0,0.0015,1.95
3751,1.222,0.0,0.0,0.0,0.0,1.95
3752,1.222,0.0,0.0,0.0,0.0,1.95
3753,1.222,0.0,0.0,0.0,0.0,1.95
3754,1.2225,0.5,0.1,0.0,0.0015,1.95
3755,1.222,0.0,0.0,0.0,0.0,1.95
3756,1.222,0.0,0.0,0.0,0.0,1.95
3757,1.2225,0.5,0.1,0.0,0.0015,1.95
3758,1.2225,0.5,0.1,0.0,0.0015,1.95
3759,1.222,0.0,0.0,0.0,0.0,1.95
3760,1.222,0.0,0.0,0.0,0.0,1.95
3761,1.222,0.0,0.0,0.0,0.0,1.95
3762,1.2225,0.5,0.1,0.0,0.0015,1.95
3763,1.2225,0.5,0.1,0.0,0.0015,1.95
3764,1.2225,0.5,0.1,0.0,0.0015,1.95
3765,1.2225,0.5,0.1,0.0,0.0015,1.95
3766,1.2225,0.5,0.1,0.0,0.0015,1.95
3767,1.222,0.0,0.0,0.0,0.0,1.95
3768,1.2225,0.5,0.1,0.0,0.0015,1.95
3769,1.2225,0.5,0.1,0.0,0.0015,1.95
3770,1.2225,0.5,0.1,0.0,0.0015,1.95
3771,1.222,0.0,0.0,0.0,0.0,1.95
3772,1.222,0.0,0.0,0.0,0.0,1.95
3773,1.2225,0.5,0.1,0.0,0.0015,1.95
3774,1.2225,0.5,0.1,0.0,0.0015,1.95
3775,1.2225,0.5,0.1,0.0,0.0015,1.95
3776,1.2225,0.5,0.1,0.0,0.0015,1.95
3777,1.222,0.0,0.0,0.0,0.0,1.95
3778,1.222,0.0,0.0,0.0,0.0,1.95
3779,1.222,0.0,0.0,0.0,0.0,1.95
3780,1.2225,0.5,0.1,0.0,0.0015,1.95
3781,1.222,0.0,0.0,0.0,0.0,1.95
3782,1.2225,0.5,0.1,0.0,0.0015,1.95
3783,1.2225,0.5,0.1,0.0,0.0015,1.95
3784,1.2225,0.5,0.1,0.0,0.0015,1.95
3785,1.222,0.0,0.0,0.0,0.0,1.95
3786,1.222,0.0,0.0,0.0,0.0,1.95
3787,1.222,0.0,0.0,0.0,0.0,1.95
3788,1.222,0.0,0.0,0.0,0.0,1.95
3789,1.222,0.0,0.0,0.0,0.0,1.95
3790,1.222,0.0,0.0,0.0,0.0,1.95
3791,1.2225,0.5,0.1,0.0,0.0015,1.95
3792,1.2225,0.5,0.1,0.0,0.0015,1.95
3793,1.222,0.0,0.0,0.0,0.0,1.95
3794,1.2225,0.5,0.1,0.0,0.0015,1.95
3795,1.2225,0.5,0.1,0.0,0.0015,1.95
3796,1.222,0.0,0.0,0.0,0.0,1.95
3797,1.222,0.0,0.0,0.0,0.0,1.95
3798,1.2225,0.5,0.1,0.0,0.0015,1.95
3799,1.222,0.0,0.0,0.0,0.0,1.95
3800,1.222,0.0,0.0,0.0,0.0,1.95
3801,1.222,0.0,0.0,0.0,0.0,1.95
3802,1.222,0.0,0.0,0.0,0.0,1.95
3803,1.222,0.0,0.0,0.0,0.0,1.95
3804,1.2225,0.5,0.1,0.0,0.0015,1.95
3805,1.2225,0.5,0.1,0.0,0.0015,1.95
3806,1.222,0.0,0.0,0.0,0.0,1.95
3807,1.222,0.0,0.0,0.0,0.0,1.95
3808,1.2225,0.5,0.1,0.0,0.0015,1.95
3809,1.2225,0.5,0.1,0.0,0.0015,1.95
3810,1.2225,0.5,0.1,0.0,0.0015,1.95
3811,1.222,0.0,0.0,0.0,0.0,1.95
3812,1.222,0.0,0.0,0.0,0.0,1.95
3813,1.222,0.0,0.0,0.0,0.0,1.95
3814,1.222,0.0,0.0,0.0,0.0,1.95
3815,1.2225,0.5,0.1,0.0,0.0015,1.95
3816,1.222,0.0,0.0,0.0,0.0,1.95
3817,1.222,0.0,0.0,0.0,0.0,1.95
3818,1.2225,0.5,0.1,0.0,0.0015,1.95
3819,1.2225,0.5,0.1,0.0,0.0015,1.95
3820,1.2225,0.5,0.1,0.0,0.0015,1.95
3821,1.2225,0.5,0.1,0.0,0.0015,1.95
3822,1.222,0.0,0.0,0.0,0.0,1.95
3823,1.2225,0.5,0.1,0.0,0.0015,1.95
3824,1.222,0.0,0.0,0.0,0.0,1.95
3825,1.222,0.0,0.0,0.0,0.0,1.95
3826,1.222,0.0,0.0,0.0,0.0,1.95
3827,1.222,0.0,0.0,0.0,0.0,1.95
3828,1.2225,0.5,0.1,0.0,0.0015,1.95
3829,1.222,0.0,0.0,0.0,0.0,1.95
3830,1.2225,0.5,0.1,0.0,0.0015,1.95
3831,1.222,0.0,0.0,0.0,0.0,1.95
3832,1.222,0.0,0.0,0.0,0.0,1.95
3833,1.222,0.0,0.0,0.0,0.0,1.95
3834,1.2225,0.5,0.1,0.0,0.0015,1.95
3835,1.2225,0.5,0.1,0.0,0.0015,1.95
3836,1.2225,0.5,0.1,0.0,0.0015,1.95
3837,1.222,0.0,0.0,0.0,0.0,1.95
3838,1.2225,0.5,0.1,0.0,0.0015,1.95
3839,1.2225,0.5,0.1,0.0,0.0015,1.95
3840,1.2225,0.5,0.1,0.0,0.0015,1.95
3841,1.2225,0.5,0.1,0.0,0.0015,1.95
3842,1.222,0.0,0.0,0.0,0.0,1.95
3843,1.222,0.0,0.0,0.0,0.0,1.95
3844,1.2225,0.5,0.1,0.0,0.0015,1.95
3845,1.222,0.0,0.0,0.0,0.0,1.95
3846,1.222,0.0,0.0,0.0,0.0,1.95
3847,1.222,0.0,0.0,0.0,0.0,1.95
3848,1.222,0.0,0.0,0.0,0.0,1.95
3849,1.2225,0.5,0.1,0.0,0.0015,1.95
3850,1.2225,0.5,0.1,0.0,0.0015,1.95
3851,1.222,0.0,0.0,0.0,0.0,1.95
3852,1.222,0.0,0.0,0.0,0.0,1.95
3853,1.2225,0.5,0.1,0.0,0.0015,1.95
3854,1.222,0.0,0.0,0.0,0.0,1.95
3855,1.2225,0.5,0.1,0.0,0.0015,1.95
3856,1.222,0.0,0.0,0.0,0.0,1.95
3857,1.222,0.0,0.0,0.0,0.0,1.95
3858,1.2225,0.5,0.1,0.0,0.0015,1.95
3859,1.2225,0.5,0.1,0.0,0.0015,1.95
3860,1.222,0.0,0.0,0.0,0.0,1.95
3861,1.222,0.0,0.0,0.0,0.0,1.95
3862,1.222,0.0,0.0,0.0,0.0,1.95
3863,1.2225,0.5,0.1,0.0,0.0015,1.95
3864,1.222,0.0,0.0,0.0,0.0,1.95
3865,1.222,0.0,0.0,0.0,0.0,1.95
3866,1.2225,0.5,0.1,0.0,0.0015,1.95
3867,1.222,0.0,0.0,0.0,0.0,1.95
3868,1.2225,0.5,0.1,0.0,0.0015,1.95
3869,1.222,0.0,0.0,0.0,0.0,1.95
3870,1.222,0.0,0.0,0.0,0.0,1.95
3871,1.2225,0.5,0.1,0.0,0.0015,1.95
3872,1.2225,0.5,0.1,0.0,0.0015,1.95
3873,1.222,0.0,0.0,0.0,0.0,1.95
3874,1.2225,0.5,0.1,0.0,0.0015,1.95
3875,1.222,0.0,0.0,0.0,0.0,1.95
3876,1.2225,0.5,0.1,0.0,0.0015,1.95
3877,1.2225,0.5,0.1,0.0,0.0015,1.95
3878,1.222,0.0,0.0,0.0,0.0,1.95
3879,1.222,0.0,0.0,0.0,0.0,1.95
3880,1.2225,0.5,0.1,0.0,0.0015,1.95
3881,1.222,0.0,0.0,0.0,0.0,1.95
3882,1.222,0.0,0.0,0.0,0.0,1.95
3883,1.2225,0.5,0.1,0.0,0.0015,1.95
3884,1.222,0.0,0.0,0.0,0.0,1.95
3885,1.222,0.0,0.0,0.0,0.0,1.95
3886,1.2225,0.5,0.1,0.0,0.0015,1.95
3887,1.222,0.0,0.0,0.0,0.0,1.95
3888,1.2225,0.5,0.1,0.0,0.0015,1.95
3889,1.222,0.0,0.0,0.0,0.0,1.95
3890,1.2225,0.5,0.1,0.0,0.0015,1.95
3891,1.222,0.0,0.0,0.0,0.0,1.95
3892,1.2225,0.5,0.1,0.0,0.0015,1.95
3893,1.2225,0.5,0.1,0.0,0.0015,1.95
3894,1.222,0.0,0.0,0.0,0.0,1.95
3895,1.2225,0.5,0.1,0.0,0.0015,1.95
3896,1.2225,0.5,0.1,0.0,0.0015,1.95
3897,1.222,0.0,0.0,0.0,0.0,1.95
3898,1.222,0.0,0.0,0.0,0.0,1.95
3899,1.222,0.0,0.0,0.0,0.0,1.95
1,1.222,0.0,0.0,0.0,0.0,1.95
2,1.222,0.0,0.0,0.0,0.0,1.95
3,0.022,0.5,0.1,0.02,0.0025,1.95
4,0.022,0.5,0.1,0.02,0.0025,1.95
5,1.222,0.0,0.0,0.0,0.0,1.95
6,0.022,0.5,0.1,0.02,0.0025,1.95
7,1.222,0.0,0.0,0.0,0.0,1.95
8,0.022,0.5,0.1,0.02,0.0025,1.95
9,0.022,0.5,0.1,0.02,0.0025,1.95
10,1.222,0.0,0.0,0.0,0.0,1.95
11,0.022,0.5,0.1,0.02,0.0025,1.95
12,1.222,0.0,0.0,0.0,0.0,1.95
13,0.022,0.5,0.1,0.02,0.0025,1.95
14,0.022,0.5,0.1,0.02,0.0025,1.95
15,0.022,0.5,0.1,0.02,0.0025,1.95
16,0.022,0.5,0.1,0.02,0.0025,1.95
17,0.022,0.5,0.1,0.02,0.0025,1.95
18,0.022,0.5,0.1,0.02,0.0025,1.95
19,0.022,0.5,0.1,0.02,0.0025,1.95
20,1.222,0.0,0.0,0.0,0.0,1.95
21,0.022,0.5,0.1,0.02,0.0025,1.95
22,1.222,0.0,0.0,0.0,0.0,1.95
23,1.222,0.0,0.0,0.0,0.0,1.95
24,0.022,0.5,0.1,0.02,0.0025,1.95
25,1.222,0.0,0.0,0.0,0.0,1.95
26,0.022,0.5,0.1,0.02,0.0025,1.95
27,1.222,0.0,0.0,0.0,0.0,1.95
28,0.022,0.5,0.1,0.02,0.0025,1.95
29,0.022,0.5,0.1,0.02,0.0025,1.95
30,1.222,0.0,0.0,0.0,0.0,1.95
31,0.022,0.5,0.1,0.02,0.0025,1.95
32,0.022,0.5,0.1,0.02,0.0025,1.95
33,0.022,0.5,0.1,0.02,0.0025,1.95
34,1.222,0.0,0.0,0.0,0.0,1.95
35,1.222,0.0,0.0,0.0,0.0,1.95
36,0.022,0.5,0.1,0.02,0.0025,1.95
37,1.222,0.0,0.0,0.0,0.0,1.95
38,1.222,0.0,0.0,0.0,0.0,1.95
39,1.222,0.0,0.0,0.0,0.0,1.95
40,0.022,0.5,0.1,0.02,0.0025,1.95
41,0.022,0.5,0.1,0.02,0.0025,1.95
42,1.222,0.0,0.0,0.0,0.0,1.95
43,1.222,0.0,0.0,0.0,0.0,1.95
44,1.222,0.0,0.0,0.0,0.0,1.95
45,0.022,0.5,0.1,0.02,0.0025,1.95
46,0.022,0.5,0.1,0.02,0.0025,1.95
47,1.222,0.0,0.0,0.0,0.0,1.95
48,0.022,0.5,0.1,0.02,0.0025,1.95
49,0.022,0.5,0.1,0.02,0.0025,1.95
50,1.222,0.0,0.0,0.0,0.0,1.95
51,0.022,0.5,0.1,0.02,0.0025,1.95
52,1.222,0.0,0.0,0.0,0.0,1.95
53,0.022,0.5,0.1,0.02,0.0025,1.95
54,1.222,0.0,0.0,0.0,0.0,1.95
55,0.022,0.5,0.1,0.02,0.0025,1.95
56,1.222,0.0,0.0,0.0,0.0,1.95
57,1.222,0.0,0.0,0.0,0.0,1.95
58,1.222,0.0,0.0,0.0,0.0,1.95
59,0.022,0.5,0.1,0.02,0.0025,1.95
60,1.222,0.0,0.0,0.0,0.0,1.95
61,1.222,0.0,0.0,0.0,0.0,1.95
62,1.222,0.0,0.0,0.0,0.0,1.95
63,1.222,0.0,0.0,0.0,0.0,1.95
64,1.222,0.0,0.0,0.0,0.0,1.95
65,1.222,0.0,0.0,0.0,0.0,1.95
66,0.022,0.5,0.1,0.02,0.0025,1.95
67,1.222,0.0,0.0,0.0,0.0,1.95
68,1.222,0.0,0.0,0.0,0.0,1.95
69,1.222,0.0,0.0,0.0,0.0,1.95
70,0.022,0.5,0.1,0.02,0.0025,1.95
71,0.022,0.5,0.1,0.02,0.0025,1.95
72,1.222,0.0,0.0,0.0,0.0,1.95
73,1.222,0.0,0.0,0.0,0.0,1.95
74,1.222,0.0,0.0,0.0,0.0,1.95
75,1.222,0.0,0.0,0.0,0.0,1.95
76,1.222,0.0,0.0,0.0,0.0,1.95
77,1.222,0.0,0.0,0.0,0.0,1.95
78,0.022,0.5,0.1,0.02,0.0025,1.95
79,1.222,0.0,0.0,0.0,0.0,1.95
80,0.022,0.5,0.1,0.02,0.0025,1.95
81,1.222,0.0,0.0,0.0,0.0,1.95
82,0.022,0.5,0.1,0.02,0.0025,1.95
83,1.222,0.0,0.0,0.0,0.0,1.95
84,0.022,0.5,0.1,0.02,0.0025,1.95
85,1.222,0.0,0.0,0.0,0.0,1.95
86,1.222,0.0,0.0,0.0,0.0,1.95
87,0.022,0.5,0.1,0.02,0.0025,1.95
88,1.222,0.0,0.0,0.0,0.0,1.95
89,1.222,0.0,0.0,0.0,0.0,1.95
90,1.222,0.0,0.0,0.0,0.0,1.95
91,1.222,0.0,0.0,0.0,0.0,1.95
92,1.222,0.0,0.0,0.0,0.0,1.95
93,0.022,0.5,0.1,0.02,0.0025,1.95
94,1.222,0.0,0.0,0.0,0.0,1.95
95,0.022,0.5,0.1,0.02,0.0025,1.95
96,1.222,0.0,0.0,0.0,0.0,1.95
97,1.222,0.0,0.0,0.0,0.0,1.95
98,0.022,0.5,0.1,0.02,0.0025,1.95
99,0.022,0.5,0.1,0.02,0.0025,1.95
100,0.022,0.5,0.1,0.02,0.0025,1.95
101,1.222,0.0,0.0,0.0,0.0,1.95
102,0.022,0.5,0.1,0.02,0.0025,1.95
103,0.022,0.5,0.1,0.02,0.0025,1.95
104,0.022,0.5,0.1,0.02,0.0025,1.95
105,0.022,0.5,0.1,0.02,0.0025,1.95
106,1.222,0.0,0.0,0.0,0.0,1.95
107,1.222,0.0,0.0,0.0,0.0,1.95
108,0.022,0.5,0.1,0.02,0.0025,1.95
109,0.022,0.5,0.1,0.02,0.0025,1.95
110,0.022,0.5,0.1,0.02,0.0025,1.95
111,0.022,0.5,0.1,0.02,0.0025,1.95
112,0.022,0.5,0.1,0.02,0.0025,1.95
113,1.222,0.0,0.0,0.0,0.0,1.95
114,0.022,0.5,0.1,0.02,0.0025,1.95
115,0.022,0.5,0.1,0.02,0.0025,1.95
116,0.022,0.5,0.1,0.02,0.0025,1.95
117,0.022,0.5,0.1,0.02,0.0025,1.95
118,0.022,0.5,0.1,0.02,0.0025,1.95
119,0.022,0.5,0.1,0.02,0.0025,1.95
120,1.222,0.0,0.0,0.0,0.0,1.95
121,1.222,0.0,0.0,0.0,0.0,1.95
122,1.222,0.0,0.0,0.0,0.0,1.95
123,1.222,0.0,0.0,0.0,0.0,1.95
124,1.222,0.0,0.0,0.0,0.0,1.95
125,1.222,0.0,0.0,0.0,0.0,1.95
126,1.222,0.0,0.0,0.0,0.0,1.95
127,1.222,0.0,0.0,0.0,0.0,1.95
128,0.022,0.5,0.1,0.02,0.0025,1.95
129,0.022,0.5,0.1,0.02,0.0025,1.95
130,1.222,0.0,0.0,0.0,0.0,1.95
131,1.222,0.0,0.0,0.0,0.0,1.95
132,0.022,0.5,0.1,0.02,0.0025,1.95
133,0.022,0.5,0.1,0.02,0.0025,1.95
134,0.022,0.5,0.1,0.02,0.0025,1.95
135,1.2225,0.5,0.1,0.0,0.0015,1.95
136,1.2225,0.5,0.1,0.0,0.0015,1.95
137,1.222,0.0,0.0,0.0,0.0,1.95
138,0.022,0.5,0.1,0.02,0.0025,1.95
139,0.022,0.5,0.1,0.02,0.0025,1.95
140,1.2225,0.5,0.1,0.0,0.0015,1.95
141,1.222,0.0,0.0,0.0,0.0,1.95
142,1.222,0.0,0.0,0.0,0.0,1.95
143,1.2225,0.5,0.1,0.0,0.0015,1.95
144,1.222,0.0,0.0,0.0,0.0,1.95
145,1.2225,0.5,0.1,0.0,0.0015,1.95
146,1.2225,0.5,0.1,0.0,0.0015,1.95
147,1.2225,0.5,0.1,0.0,0.0015,1.95
148,1.2225,0.5,0.1,0.0,0.0015,1.95
149,1.222,0.0,0.0,0.0,0.0,1.95
150,1.222,0.0,0.0,0.0,0.0,1.95
151,1.222,0.0,0.0,0.0,0.0,1.95
152,1.2225,0.5,0.1,0.0,0.0015,1.95
153,1.2225,0.5,0.1,0.0,0.0015,1.95
154,1.222,0.0,0.0,0.0,0.0,1.95
155,1.222,0.0,0.0,0.0,0.0,1.95
156,1.222,0.0,0.0,0.0,0.0,1.95
157,1.2225,0.5,0.1,0.0,0.0015,1.95
158,1.2225,0.5,0.1,0.0,0.0015,1.95
159,1.2225,0.5,0.1,0.0,0.0015,1.95
160,1.2225,0.5,0.1,0.0,0.0015,1.95
161,1.222,0.0,0.0,0.0,0.0,1.95
162,1.222,0.0,0.0,0.0,0.0,1.95
163,1.222,0.0,0.0,0.0,0.0,1.95
164,1.222,0.0,0.0,0.0,0.0,1.95
165,1.2225,0.5,0.1,0.0,0.0015,1.95
166,1.2225,0.5,0.1,0.0,0.0015,1.95
167,1.2225,0.5,0.1,0.0,0.0015,1.95
168,1.2225,0.5,0.1,0.0,0.0015,1.95
169,1.2225,0.5,0.1,0.0,0.0015,1.95
170,1.222,0.0,0.0,0.0,0.0,1.95
171,1.2225,0.5,0.1,0.0,0.0015,1.95
172,1.2225,0.5,0.1,0.0,0.0015,1.95
173,1.2225,0.5,0.1,0.0,0.0015,1.95
174,1.222,0.0,0.0,0.0,0.0,1.95
175,1.2225,0.5,0.1,0.0,0.0015,1.95
176,1.222,0.0,0.0,0.0,0.0,1.95
177,1.222,0.0,0.0,0.0,0.0,1.95
178,1.222,0.0,0.0,0.0,0.0,1.95
179,1.222,0.0,0.0,0.0,0.0,1.95
180,1.222,0.0,0.0,0.0,0.0,1.95
181,1.222,0.0,0.0,0.0,0.0,1.95
182,1.222,0.0,0.0,0.0,0.0,1.95
183,1.222,0.0,0.0,0.0,0.0,1.95
184,1.2225,0.5,0.1,0.0,0.0015,1.95
185,1.2225,0.5,0.1,0.0,0.0015,1.95
186,1.222,0.0,0.0,0.0,0.0,1.95
187,1.2225,0.5,0.1,0.0,0.0015,1.95
188,1.222,0.0,0.0,0.0,0.0,1.95
189,1.2225,0.5,0.1,0.0,0.0015,1.95
190,1.2225,0.5,0.1,0.0,0.0015,1.95
191,1.222,0.0,0.0,0.0,0.0,1.95
192,1.222,0.0,0.0,0.0,0.0,1.95
193,1.2225,0.5,0.1,0.0,0.0015,1.95
194,1.222,0.0,0.0,0.0,0.0,1.95
195,1.222,0.0,0.0,0.0,0.0,1.95
196,1.2225,0.5,0.1,0.0,0.0015,1.95
197,1.2225,0.5,0.1,0.0,0.0015,1.95
198,1.2225,0.5,0.1,0.0,0.0015,1.95
199,1.2225,0.5,0.1,0.0,0.0015,1.95
200,1.2225,0.5,0.1,0.0,0.0015,1.95
201,1.222,0.0,0.0,0.0,0.0,1.95
202,1.222,0.0,0.0,0.0,0.0,1.95
203,1.2225,0.5,0.1,0.0,0.0015,1.95
204,1.2225,0.5,0.1,0.0,0.0015,1.95
205,1.2225,0.5,0.1,0.0,0.0015,1.95
206,1.222,0.0,0.0,0.0,0.0,1.95
207,1.222,0.0,0.0,0.0,0.0,1.95
208,1.222,0.0,0.0,0.0,0.0,1.95
209,1.222,0.0,0.0,0.0,0.0,1.95
210,1.2225,0.5,0.1,0.0,0.0015,1.95
211,1.2225,0.5,0.1,0.0,0.0015,1.95
212,1.222,0.0,0.0,0.0,0.0,1.95
213,1.222,0.0,0.0,0.0,0.0,1.95
214,1.222,0.0,0.0,0.0,0.0,1.95
215,1.222,0.0,0.0,0.0,0.0,1.95
216,1.2225,0.5,0.1,0.0,0.0015,1.95
217,1.222,0.0,0.0,0.0,0.0,1.95
218,1.2225,0.5,0.1,0.0,0.0015,1.95
219,1.222,0.0,0.0,0.0,0.0,1.95
220,1.2225,0.5,0.1,0.0,0.0015,1.95
221,1.2225,0.5,0.1,0.0,0.0015,1.95
222,1.2225,0.5,0.1,0.0,0.0015,1.95
223,1.2225,0.5,0.1,0.0,0.0015,1.95
224,1.2225,0.5,0.1,0.0,0.0015,1.95
225,1.2225,0.5,0.1,0.0,0.0015,1.95
226,1.2225,0.5,0.1,0.0,0.0015,1.95
227,1.222,0.0,0.0,0.0,0.0,1.95
228,1.2225,0.5,0.1,0.0,0.0015,1.95
229,1.222,0.0,0.0,0.0,0.0,1.95
230,1.222,0.0,0.0,0.0,0.0,1.95
231,1.222,0.0,0.0,0.0,0.0,1.95
232,1.2225,0.5,0.1,0.0,0.0015,1.95
233,1.222,0.0,0.0,0.0,0.0,1.95
234,1.222,0.0,0.0,0.0,0.0,1.95
235,1.2225,0.5,0.1,0.0,0.0015,1.95
236,1.222,0.0,0.0,0.0,0.0,1.95
237,1.2225,0.5,0.1,0.0,0.0015,1.95
238,1.2225,0.5,0.1,0.0,0.0015,1.95
239,1.222,0.0,0.0,0.0,0.0,1.95
240,1.222,0.0,0.0,0.0,0.0,1.95
241,1.222,0.0,0.0,0.0,0.0,1.95
242,1.222,0.0,0.0,0.0,0.0,1.95
243,1.222,0.0,0.0,0.0,0.0,1.95
244,1.2225,0.5,0.1,0.0,0.0015,1.95
245,1.222,0.0,0.0,0.0,0.0,1.95
246,1.2225,0.5,0.1,0.0,0.0015,1.95
247,1.2225,0.5,0.1,0.0,0.0015,1.95
248,1.222,0.0,0.0,0.0,0.0,1.95
249,1.222,0.0,0.0,0.0,0.0,1.95
250,1.2225,0.5,0.1,0.0,0.0015,1.95
251,1.2225,0.5,0.1,0.0,0.0015,1.95
252,1.2225,0.5,0.1,0.0,0.0015,1.95
253,1.2225,0.5,0.1,0.0,0.0015,1.95
254,1.222,0.0,0.0,0.0,0.0,1.95
255,1.2225,0.5,0.1,0.0,0.0015,1.95
256,1.222,0.0,0.0,0.0,0.0,1.95
257,1.2225,0.5,0.1,0.0,0.0015,1.95
258,1.222,0.0,0.0,0.0,0.0,1.95
259,1.2225,0.5,0.1,0.0,0.0015,1.95
260,1.2225,0.5,0.1,0.0,0.0015,1.95
261,1.2225,0.5,0.1,0.0,0.0015,1.95
262,1.2225,0.5,0.1,0.0,0.0015,1.95
263,1.2225,0.5,0.1,0.0,0.0015,1.95
264,1.222,0.0,0.0,0.0,0.0,1.95
265,1.222,0.0,0.0,0.0,0.0,1.95
266,1.2225,0.5,0.1,0.0,0.0015,1.95
267,1.222,0.0,0.0,0.0,0.0,1.95
268,1.222,0.0,0.0,0.0,0.0,1.95
269,1.2225,0.5,0.1,0.0,0.0015,1.95
270,1.222,0.0,0.0,0.0,0.0,1.95
271,1.2225,0.5,0.1,0.0,0.0015,1.95
272,1.2225,0.5,0.1,0.0,0.0015,1.95
273,1.222,0.0,0.0,0.0,0.0,1.95
274,1.2225,0.5,0.1,0.0,0.0015,1.95
275,1.2225,0.5,0.1,0.0,0.0015,1.95
276,1.222,0.0,0.0,0.0,0.0,1.95
277,1.222,0.0,0.0,0.0,0.0,1.95
278,1.222,0.0,0.0,0.0,0.0,1.95
279,1.2225,0.5,0.1,0.0,0.0015,1.95
280,1.222,0.0,0.0,0.0,0.0,1.95
281,1.222,0.0,0.0,0.0,0.0,1.95
282,1.222,0.0,0.0,0.0,0.0,1.95
283,1.222,0.0,0.0,0.0,0.0,1.95
284,1.2225,0.5,0.1,0.0,0.0015,1.95
285,1.222,0.0,0.0,0.0,0.0,1.95
286,1.2225,0.5,0.1,0.0,0.0015,1.95
287,1.222,0.0,0.0,0.0,0.0,1.95
288,1.2225,0.5,0.1,0.0,0.0015,1.95
289,1.222,0.0,0.0,0.0,0.0,1.95
290,1.222,0.0,0.0,0.0,0.0,1.95
291,1.2225,0.5,0.1,0.0,0.0015,1.95
292,1.2225,0.5,0.1,0.0,0.0015,1.95
293,1.222,0.0,0.0,0.0,0.0,1.95
294,1.2225,0.5,0.1,0.0,0.0015,1.95
295,1.222,0.0,0.0,0.0,0.0,1.95
296,1.222,0.0,0.0,0.0,0.0,1.95
297,1.2225,0.5,0.1,0.0,0.0015,1.95
298,1.2225,0.5,0.1,0.0,0.0015,1.95
299,1.222,0.0,0.0,0.0,0.0,1.95
300,1.222,0.0,0.0,0.0,0.0,1.95
301,1.222,0.0,0.0,0.0,0.0,1.95
302,1.222,0.0,0.0,0.0,0.0,1.95
303,1.222,0.0,0.0,0.0,0.0,1.95
304,1.2225,0.5,0.1,0.0,0.0015,1.95
305,1.2225,0.5,0.1,0.0,0.0015,1.95
306,1.2225,0.5,0.1,0.0,0.0015,1.95
307,1.222,0.0,0.0,0.0,0.0,1.95
308,1.2225,0.5,0.1,0.0,0.0015,1.95
309,1.2225,0.5,0.1,0.0,0.0015,1.95
310,1.222,0.0,0.0,0.0,0.0,1.95
311,1.222,0.0,0.0,0.0,0.0,1.95
312,1.2225,0.5,0.1,0.0,0.0015,1.95
313,1.2225,0.5,0.1,0.0,0.0015,1.95
314,1.2225,0.5,0.1,0.0,0.0015,1.95
315,1.2225,0.5,0.1,0.0,0.0015,1.95
316,1.2225,0.5,0.1,0.0,0.0015,1.95
317,1.222,0.0,0.0,0.0,0.0,1.95
318,1.222,0.0,0.0,0.0,0.0,1.95
319,1.222,0.0,0.0,0.0,0.0,1.95
320,1.2225,0.5,0.1,0.0,0.0015,1.95
321,1.222,0.0,0.0,0.0,0.0,1.95
322,1.2225,0.5,0.1,0.0,0.0015,1.95
323,1.222,0.0,0.0,0.0,0.0,1.95
324,1.222,0.0,0.0,0.0,0.0,1.95
325,1.222,0.0,0.0,0.0,0.0,1.95
326,1.2225,0.5,0.1,0.0,0.0015,1.95
327,1.222,0.0,0.0,0.0,0.0,1.95
328,1.222,0.0,0.0,0.0,0.0,1.95
329,1.222,0.0,0.0,0.0,0.0,1.95
330,1.2225,0.5,0.1,0.0,0.0015,1.95
331,1.2225,0.5,0.1,0.0,0.0015,1.95
332,1.222,0.0,0.0,0.0,0.0,1.95
333,1.2225,0.5,0.1,0.0,0.0015,1.95
334,1.222,0.0,0.0,0.0,0.0,1.95
335,1.2225,0.5,0.1,0.0,0.0015,1.95
336,1.2225,0.5,0.1,0.0,0.0015,1.95
337,1.2225,0.5,0.1,0.0,0.0015,1.95
338,1.2225,0.5,0.1,0.0,0.0015,1.95
339,1.222,0.0,0.0,0.0,0.0,1.95
340,1.2225,0.5,0.1,0.0,0.0015,1.95
341,1.2225,0.5,0.1,0.0,0.0015,1.95
342,1.222,0.0,0.0,0.0,0.0,1.95
343,1.2225,0.5,0.1,0.0,0.0015,1.95
344,1.2225,0.5,0.1,0.0,0.0015,1.95
345,1.2225,0.5,0.1,0.0,0.0015,1.95
346,1.222,0.0,0.0,0.0,0.0,1.95
347,1.222,0.0,0.0,0.0,0.0,1.95
348,1.222,0.0,0.0,0.0,0.0,1.95
349,1.222,0.0,0.0,0.0,0.0,1.95
350,1.2225,0.5,0.1,0.0,0.0015,1.95
351,1.2225,0.5,0.1,0.0,0.0015,1.95
352,1.222,0.0,0.0,0.0,0.0,1.95
353,1.222,0.0,0.0,0.0,0.0,1.95
354,1.222,0.0,0.0,0.0,0.0,1.95
355,1.2225,0.5,0.1,0.0,0.0015,1.95
356,1.2225,0.5,0.1,0.0,0.0015,1.95
357,1.222,0.0,0.0,0.0,0.0,1.95
358,1.222,0.0,0.0,0.0,0.0,1.95
359,1.222,0.0,0.0,0.0,0.0,1.95
360,1.222,0.0,0.0,0.0,0.0,1.95
361,1.2225,0.5,0.1,0.0,0.0015,1.95
362,1.222,0.0,0.0,0.0,0.0,1.95
363,1.2225,0.5,0.1,0.0,0.0015,1.95
364,1.222,0.0,0.0,0.0,0.0,1.95
365,1.2225,0.5,0.1,0.0,0.0015,1.95
366,1.2225,0.5,0.1,0.0,0.0015,1.95
367,1.222,0.0,0.0,0.0,0.0,1.95
368,1.222,0.0,0.0,0.0,0.0,1.95
369,1.222,0.0,0.0,0.0,0.0,1.95
370,1.222,0.0,0.0,0.0,0.0,1.95
371,1.222,0.0,0.0,0.0,0.0,1.95
372,1.2225,0.5,0.1,0.0,0.0015,1.95
373,1.2225,0.5,0.1,0.0,0.0015,1.95
374,1.2225,0.5,0.1,0.0,0.0015,1.95
375,1.2225,0.5,0.1,0.0,0.0015,1.95
376,1.2225,0.5,0.1,0.0,0.0015,1.95
377,1.222,0.0,0.0,0.0,0.0,1.95
378,1.2225,0.5,0.1,0.0,0.0015,1.95
379,1.2225,0.5,0.1,0.0,0.0015,1.95
380,1.2225,0.5,0.1,0.0,0.0015,1.95
381,1.2225,0.5,0.1,0.0,0.0015,1.95
382,1.2225,0.5,0.1,0.0,0.0015,1.95
383,1.2225,0.5,0.1,0.0,0.0015,1.95
384,1.2225,0.5,0.1,0.0,0.0015,1.95
385,1.222,0.0,0.0,0.0,0.0,1.95
386,1.2225,0.5,0.1,0.0,0.0015,1.95
387,1.2225,0.5,0.1,0.0,0.0015,1.95
388,1.222,0.0,0.0,0.0,0.0,1.95
389,1.222,0.0,0.0,0.0,0.0,1.95
390,1.2225,0.5,0.1,0.0,0.0015,1.95
391,1.2225,0.5,0.1,0.0,0.0015,1.95
392,1.222,0.0,0.0,0.0,0.0,1.95
393,1.2225,0.5,0.1,0.0,0.0015,1.95
394,1.2225,0.5,0.1,0.0,0.0015,1.95
395,1.222,0.0,0.0,0.0,0.0,1.95
396,1.2225,0.5,0.1,0.0,0.0015,1.95
397,1.2225,0.5,0.1,0.0,0.0015,1.95
398,1.2225,0.5,0.1,0.0,0.0015,1.95
399,1.222,0.0,0.0,0.0,0.0,1.95
400,1.222,0.0,0.0,0.0,0.0,1.95
401,1.2225,0.5,0.1,0.0,0.0015,1.95
402,1.2225,0.5,0.1,0.0,0.0015,1.95
403,1.2225,0.5,0.1,0.0,0.0015,1.95
404,1.2225,0.5,0.1,0.0,0.0015,1.95
405,1.222,0.0,0.0,0.0,0.0,1.95
406,1.2225,0.5,0.1,0.0,0.0015,1.95
407,1.222,0.0,0.0,0.0,0.0,1.95
408,1.222,0.0,0.0,0.0,0.0,1.95
409,1.222,0.0,0.0,0.0,0.0,1.95
410,1.222,0.0,0.0,0.0,0.0,1.95
411,1.222,0.0,0.0,0.0,0.0,1.95
412,1.222,0.0,0.0,0.0,0.0,1.95
413,1.222,0.0,0.0,0.0,0.0,1.95
414,1.222,0.0,0.0,0.0,0.0,1.95
415,1.222,0.0,0.0,0.0,0.0,1.95
416,1.2225,0.5,0.1,0.0,0.0015,1.95
417,1.222,0.0,0.0,0.0,0.0,1.95
418,1.2225,0.5,0.1,0.0,0.0015,1.95
419,1.222,0.0,0.0,0.0,0.0,1.95
420,1.2225,0.5,0.1,0.0,0.0015,1.95
421,1.2225,0.5,0.1,0.0,0.0015,1.95
422,1.222,0.0,0.0,0.0,0.0,1.95
423,1.222,0.0,0.0,0.0,0.0,1.95
424,1.2225,0.5,0.1,0.0,0.0015,1.95
425,1.222,0.0,0.0,0.0,0.0,1.95
426,1.2225,0.5,0.1,0.0,0.0015,1.95
427,1.222,0.0,0.0,0.0,0.0,1.95
428,1.222,0.0,0.0,0.0,0.0,1.95
429,1.222,0.0,0.0,0.0,0.0,1.95
430,1.222,0.0,0.0,0.0,0.0,1.95
431,1.222,0.0,0.0,0.0,0.0,1.95
432,1.222,0.0,0.0,0.0,0.0,1.95
433,1.2225,0.5,0.1,0.0,0.0015,1.95
434,1.2225,0.5,0.1,0.0,0.0015,1.95
435,1.2225,0.5,0.1,0.0,0.0015,1.95
436,1.2225,0.5,0.1,0.0,0.0015,1.95
437,1.2225,0.5,0.1,0.0,0.0015,1.95
438,1.222,0.0,0.0,0.0,0.0,1.95
439,1.222,0.0,0.0,0.0,0.0,1.95
440,1.222,0.0,0.0,0.0,0.0,1.95
441,1.222,0.0,0.0,0.0,0.0,1.95
442,1.222,0.0,0.0,0.0,0.0,1.95
443,1.2225,0.5,0.1,0.0,0.0015,1.95
444,1.2225,0.5,0.1,0.0,0.0015,1.95
445,1.2225,0.5,0.1,0.0,0.0015,1.95
446,1.2225,0.5,0.1,0.0,0.0015,1.95
447,1.2225,0.5,0.1,0.0,0.0015,1.95
448,1.2225,0.5,0.1,0.0,0.0015,1.95
449,1.2225,0.5,0.1,0.0,0.0015,1.95
450,1.222,0.0,0.0,0.0,0.0,1.95
451,1.222,0.0,0.0,0.0,0.0,1.95
452,1.222,0.0,0.0,0.0,0.0,1.95
453,1.222,0.0,0.0,0.0,0.0,1.95
454,1.2225,0.5,0.1,0.0,0.0015,1.95
455,1.2225,0.5,0.1,0.0,0.0015,1.95
456,1.2225,0.5,0.1,0.0,0.0015,1.95
457,1.222,0.0,0.0,0.0,0.0,1.95
458,1.222,0.0,0.0,0.0,0.0,1.95
459,1.222,0.0,0.0,0.0,0.0,1.95
460,1.222,0.0,0.0,0.0,0.0,1.95
461,1.222,0.0,0.0,0.0,0.0,1.95
462,1.2225,0.5,0.1,0.0,0.0015,1.95
463,1.2225,0.5,0.1,0.0,0.0015,1.95
464,1.2225,0.5,0.1,0.0,0.0015,1.95
465,1.2225,0.5,0.1,0.0,0.0015,1.95
466,1.2225,0.5,0.1,0.0,0.0015,1.95
467,1.222,0.0,0.0,0.0,0.0,1.95
468,1.222,0.0,0.0,0.0,0.0,1.95
469,1.222,0.0,0.0,0.0,0.0,1.95
470,1.2225,0.5,0.1,0.0,0.0015,1.95
471,1.2225,0.5,0.1,0.0,0.0015,1.95
472,1.2225,0.5,0.1,0.0,0.0015,1.95
473,1.2225,0.5,0.1,0.0,0.0015,1.95
474,1.222,0.0,0.0,0.0,0.0,1.95
475,1.2225,0.5,0.1,0.0,0.0015,1.95
476,1.222,0.0,0.0,0.0,0.0,1.95
477,1.2225,0.5,0.1,0.0,0.0015,1.95
478,1.222,0.0,0.0,0.0,0.0,1.95
479,1.2225,0.5,0.1,0.0,0.0015,1.95
480,1.2225,0.5,0.1,0.0,0.0015,1.95
481,1.2225,0.5,0.1,0.0,0.0015,1.95
482,1.222,0.0,0.0,0.0,0.0,1.95
483,1.2225,0.5,0.1,0.0,0.0015,1.95
484,1.2225,0.5,0.1,0.0,0.0015,1.95
485,1.2225,0.5,0.1,0.0,0.0015,1.95
486,1.222,0.0,0.0,0.0,0.0,1.95
487,1.222,0.0,0.0,0.0,0.0,1.95
488,1.222,0.0,0.0,0.0,0.0,1.95
489,1.222,0.0,0.0,0.0,0.0,1.95
490,1.2225,0.5,0.1,0.0,0.0015,1.95
491,1.222,0.0,0.0,0.0,0.0,1.95
492,1.222,0.0,0.0,0.0,0.0,1.95
493,1.222,0.0,0.0,0.0,0.0,1.95
494,1.2225,0.5,0.1,0.0,0.0015,1.95
495,1.222,0.0,0.0,0.0,0.0,1.95
496,1.222,0.0,0.0,0.0,0.0,1.95
497,1.2225,0.5,0.1,0.0,0.0015,1.95
498,1.222,0.0,0.0,0.0,0.0,1.95
499,1.2225,0.5,0.1,0.0,0.0015,1.95
500,1.2225,0.5,0.1,0.0,0.0015,1.95
501,1.222,0.0,0.0,0.0,0.0,1.95
502,1.2225,0.5,0.1,0.0,0.0015,1.95
503,1.222,0.0,0.0,0.0,0.0,1.95
504,1.2225,0.5,0.1,0.0,0.0015,1.95
505,1.222,0.0,0.0,0.0,0.0,1.95
506,1.222,0.0,0.0,0.0,0.0,1.95
507,1.222,0.0,0.0,0.0,0.0,1.95
508,1.2225,0.5,0.1,0.0,0.0015,1.95
509,1.222,0.0,0.0,0.0,0.0,1.95
510,1.2225,0.5,0.1,0.0,0.0015,1.95
511,1.222,0.0,0.0,0.0,0.0,1.95
512,1.2225,0.5,0.1,0.0,0.0015,1.95
513,1.222,0.0,0.0,0.0,0.0,1.95
514,1.222,0.0,0.0,0.0,0.0,1.95
515,1.2225,0.5,0.1,0.0,0.0015,1.95
516,1.222,0.0,0.0,0.0,0.0,1.95
517,1.2225,0.5,0.1,0.0,0.0015,1.95
518,1.222,0.0,0.0,0.0,0.0,1.95
519,1.222,0.0,0.0,0.0,0.0,1.95
520,1.2225,0.5,0.1,0.0,0.0015,1.95
521,1.222,0.0,0.0,0.0,0.0,1.95
522,1.2225,0.5,0.1,0.0,0.0015,1.95
523,1.2225,0.5,0.1,0.0,0.0015,1.95
524,1.222,0.0,0.0,0.0,0.0,1.95
525,1.222,0.0,0.0,0.0,0.0,1.95
526,1.2225,0.5,0.1,0.0,0.0015,1.95
527,1.2225,0.5,0.1,0.0,0.0015,1.95
528,1.222,0.0,0.0,0.0,0.0,1.95
529,1.2225,0.5,0.1,0.0,0.0015,1.95
530,1.222,0.0,0.0,0.0,0.0,1.95
531,1.2225,0.5,0.1,0.0,0.0015,1.95
532,1.222,0.0,0.0,0.0,0.0,1.95
533,1.222,0.0,0.0,0.0,0.0,1.95
534,1.222,0.0,0.0,0.0,0.0,1.95
535,1.222,0.0,0.0,0.0,0.0,1.95
536,1.2225,0.5,0.1,0.0,0.0015,1.95
537,1.2225,0.5,0.1,0.0,0.0015,1.95
538,1.222,0.0,0.0,0.0,0.0,1.95
539,1.222,0.0,0.0,0.0,0.0,1.95
540,1.222,0.0,0.0,0.0,0.0,1.95
541,1.2225,0.5,0.1,0.0,0.0015,1.95
542,1.222,0.0,0.0,0.0,0.0,1.95
543,1.2225,0.5,0.1,0.0,0.0015,1.95
544,1.222,0.0,0.0,0.0,0.0,1.95
545,1.222,0.0,0.0,0.0,0.0,1.95
546,1.222,0.0,0.0,0.0,0.0,1.95
547,1.222,0.0,0.0,0.0,0.0,1.95
548,1.222,0.0,0.0,0.0,0.0,1.95
549,1.2225,0.5,0.1,0.0,0.0015,1.95
550,1.2225,0.5,0.1,0.0,0.0015,1.95
551,1.2225,0.5,0.1,0.0,0.0015,1.95
552,1.222,0.0,0.0,0.0,0.0,1.95
553,1.2225,0.5,0.1,0.0,0.0015,1.95
554,1.2225,0.5,0.1,0.0,0.0015,1.95
555,1.2225,0.5,0.1,0.0,0.0015,1.95
556,1.2225,0.5,0.1,0.0,0.0015,1.95
557,1.222,0.0,0.0,0.0,0.0,1.95
558,1.222,0.0,0.0,0.0,0.0,1.95
559,1.2225,0.5,0.1,0.0,0.0015,1.95
560,1.2225,0.5,0.1,0.0,0.0015,1.95
561,1.2225,0.5,0.1,0.0,0.0015,1.95
562,1.222,0.0,0.0,0.0,0.0,1.95
563,1.2225,0.5,0.1,0.0,0.0015,1.95
564,1.222,0.0,0.0,0.0,0.0,1.95
565,1.2225,0.5,0.1,0.0,0.0015,1.95
566,1.222,0.0,0.0,0.0,0.0,1.95
567,1.2225,0.5,0.1,0.0,0.0015,1.95
568,1.2225,0.5,0.1,0.0,0.0015,1.95
569,1.2225,0.5,0.1,0.0,0.0015,1.95
570,1.222,0.0,0.0,0.0,0.0,1.95
571,1.2225,0.5,0.1,0.0,0.0015,1.95
572,1.2225,0.5,0.1,0.0,0.0015,1.95
573,1.2225,0.5,0.1,0.0,0.0015,1.95
574,1.222,0.0,0.0,0.0,0.0,1.95
575,1.222,0.0,0.0,0.0,0.0,1.95
576,1.222,0.0,0.0,0.0,0.0,1.95
577,1.2225,0.5,0.1,0.0,0.0015,1.95
578,1.2225,0.5,0.1,0.0,0.0015,1.95
579,1.222,0.0,0.0,0.0,0.0,1.95
580,1.2225,0.5,0.1,0.0,0.0015,1.95
581,1.222,0.0,0.0,0.0,0.0,1.95
582,1.2225,0.5,0.1,0.0,0.0015,1.95
583,1.222,0.0,0.0,0.0,0.0,1.95
584,1.222,0.0,0.0,0.0,0.0,1.95
585,1.2225,0.5,0.1,0.0,0.0015,1.95
586,1.2225,0.5,0.1,0.0,0.0015,1.95
587,1.2225,0.5,0.1,0.0,0.0015,1.95
588,1.222,0.0,0.0,0.0,0.0,1.95
589,1.2225,0.5,0.1,0.0,0.0015,1.95
590,1.222,0.0,0.0,0.0,0.0,1.95
591,1.222,0.0,0.0,0.0,0.0,1.95
592,1.222,0.0,0.0,0.0,0.0,1.95
593,1.222,0.0,0.0,0.0,0.0,1.95
594,1.2225,0.5,0.1,0.0,0.0015,1.95
595,1.2225,0.5,0.1,0.0,0.0015,1.95
596,1.222,0.0,0.0,0.0,0.0,1.95
597,1.222,0.0,0.0,0.0,0.0,1.95
598,1.2225,0.5,0.1,0.0,0.0015,1.95
599,1.2225,0.5,0.1,0.0,0.0015,1.95
600,1.2225,0.5,0.1,0.0,0.0015,1.95
601,1.2225,0.5,0.1,0.0,0.0015,1.95
602,1.222,0.0,0.0,0.0,0.0,1.95
603,1.2225,0.5,0.1,0.0,0.0015,1.95
604,1.222,0.0,0.0,0.0,0.0,1.95
605,1.222,0.0,0.0,0.0,0.0,1.95
606,1.2225,0.5,0.1,0.0,0.0015,1.95
607,1.2225,0.5,0.1,0.0,0.0015,1.95
608,1.2225,0.5,0.1,0.0,0.0015,1.95
609,1.222,0.0,0.0,0.0,0.0,1.95
610,1.2225,0.5,0.1,0.0,0.0015,1.95
611,1.222,0.0,0.0,0.0,0.0,1.95
612,1.222,0.0,0.0,0.0,0.0,1.95
613,1.222,0.0,0.0,0.0,0.0,1.95
614,1.2225,0.5,0.1,0.0,0.0015,1.95
615,1.2225,0.5,0.1,0.0,0.0015,1.95
616,1.2225,0.5,0.1,0.0,0.0015,1.95
617,1.2225,0.5,0.1,0.0,0.0015,1.95
618,1.222,0.0,0.0,0.0,0.0,1.95
619,1.222,0.0,0.0,0.0,0.0,1.95
620,1.222,0.0,0.0,0.0,0.0,1.95
621,1.222,0.0,0.0,0.0,0.0,1.95
622,1.2225,0.5,0.1,0.0,0.0015,1.95
623,1.2225,0.5,0.1,0.0,0.0015,1.95
624,1.222,0.0,0.0,0.0,0.0,1.95
625,1.222,0.0,0.0,0.0,0.0,1.95
626,1.222,0.0,0.0,0.0,0.0,1.95
627,1.222,0.0,0.0,0.0,0.0,1.95
628,1.2225,0.5,0.1,0.0,0.0015,1.95
629,1.2225,0.5,0.1,0.0,0.0015,1.95
630,1.2225,0.5,0.1,0.0,0.0015,1.95
631,1.222,0.0,0.0,0.0,0.0,1.95
632,1.222,0.0,0.0,0.0,0.0,1.95
633,1.222,0.0,0.0,0.0,0.0,1.95
634,1.2225,0.5,0.1,0.0,0.0015,1.95
635,1.222,0.0,0.0,0.0,0.0,1.95
636,1.222,0.0,0.0,0.0,0.0,1.95
637,1.222,0.0,0.0,0.0,0.0,1.95
638,1.2225,0.5,0.1,0.0,0.0015,1.95
639,1.222,0.0,0.0,0.0,0.0,1.95
640,1.222,0.0,0.0,0.0,0.0,1.95
641,1.2225,0.5,0.1,0.0,0.0015,1.95
642,1.2225,0.5,0.1,0.0,0.0015,1.95
643,1.2225,0.5,0.1,0.0,0.0015,1.95
644,1.222,0.0,0.0,0.0,0.0,1.95
645,1.222,0.0,0.0,0.0,0.0,1.95
646,1.222,0.0,0.0,0.0,0.0,1.95
647,1.222,0.0,0.0,0.0,0.0,1.95
648,1.2225,0.5,0.1,0.0,0.0015,1.95
649,1.2225,0.5,0.1,0.0,0.0015,1.95
650,1.222,0.0,0.0,0.0,0.0,1.95
651,1.2225,0.5,0.1,0.0,0.0015,1.95
652,1.2225,0.5,0.1,0.0,0.0015,1.95
653,1.222,0.0,0.0,0.0,0.0,1.95
654,1.222,0.0,0.0,0.0,0.0,1.95
655,1.222,0.0,0.0,0.0,0.0,1.95
656,1.2225,0.5,0.1,0.0,0.0015,1.95
657,1.2225,0.5,0.1,0.0,0.0015,1.95
658,1.222,0.0,0.0,0.0,0.0,1.95
659,1.2225,0.5,0.1,0.0,0.0015,1.95
660,1.2225,0.5,0.1,0.0,0.0015,1.95
661,1.222,0.0,0.0,0.0,0.0,1.95
662,1.2225,0.5,0.1,0.0,0.0015,1.95
663,1.222,0.0,0.0,0.0,0.0,1.95
664,1.2225,0.5,0.1,0.0,0.0015,1.95
665,1.2225,0.5,0.1,0.0,0.0015,1.95
666,1.2225,0.5,0.1,0.0,0.0015,1.95
667,1.222,0.0,0.0,0.0,0.0,1.95
668,1.222,0.0,0.0,0.0,0.0,1.95
669,1.222,0.0,0.0,0.0,0.0,1.95
670,1.222,0.0,0.0,0.0,0.0,1.95
671,1.2225,0.5,0.1,0.0,0.0015,1.95
672,1.2225,0.5,0.1,0.0,0.0015,1.95
673,1.2225,0.5,0.1,0.0,0.0015,1.95
674,1.222,0.0,0.0,0.0,0.0,1.95
675,1.2225,0.5,0.1,0.0,0.0015,1.95
676,1.222,0.0,0.0,0.0,0.0,1.95
677,1.222,0.0,0.0,0.0,0.0,1.95
678,1.222,0.0,0.0,0.0,0.0,1.95
679,1.222,0.0,0.0,0.0,0.0,1.95
680,1.222,0.0,0.0,0.0,0.0,1.95
681,1.2225,0.5,0.1,0.0,0.0015,1.95
682,1.2225,0.5,0.1,0.0,0.0015,1.95
683,1.2225,0.5,0.1,0.0,0.0015,1.95
684,1.222,0.0,0.0,0.0,0.0,1.95
685,1.2225,0.5,0.1,0.0,0.0015,1.95
686,1.2225,0.5,0.1,0.0,0.0015,1.95
687,1.222,0.0,0.0,0.0,0.0,1.95
688,1.2225,0.5,0.1,0.0,0.0015,1.95
689,1.2225,0.5,0.1,0.0,0.0015,1.95
690,1.2225,0.5,0.1,0.0,0.0015,1.95
691,1.222,0.0,0.0,0.0,0.0,1.95
692,1.222,0.0,0.0,0.0,0.0,1.95
693,1.2225,0.5,0.1,0.0,0.0015,1.95
694,1.2225,0.5,0.1,0.0,0.0015,1.95
695,1.222,0.0,0.0,0.0,0.0,1.95
696,1.222,0.0,0.0,0.0,0.0,1.95
697,1.222,0.0,0.0,0.0,0.0,1.95
698,1.2225,0.5,0.1,0.0,0.0015,1.95
699,1.222,0.0,0.0,0.0,0.0,1.95
700,1.222,0.0,0.0,0.0,0.0,1.95
701,1.222,0.0,0.0,0.0,0.0,1.95
702,1.2225,0.5,0.1,0.0,0.0015,1.95
703,1.2225,0.5,0.1,0.0,0.0015,1.95
704,1.2225,0.5,0.1,0.0,0.0015,1.95
705,1.222,0.0,0.0,0.0,0.0,1.95
706,1.222,0.0,0.0,0.0,0.0,1.95
707,1.222,0.0,0.0,0.0,0.0,1.95
708,1.2225,0.5,0.1,0.0,0.0015,1.95
709,1.222,0.0,0.0,0.0,0.0,1.95
710,1.222,0.0,0.0,0.0,0.0,1.95
711,1.222,0.0,0.0,0.0,0.0,1.95
712,1.222,0.0,0.0,0.0,0.0,1.95
713,1.222,0.0,0.0,0.0,0.0,1.95
714,1.2225,0.5,0.1,0.0,0.0015,1.95
715,1.2225,0.5,0.1,0.0,0.0015,1.95
716,1.222,0.0,0.0,0.0,0.0,1.95
717,1.222,0.0,0.0,0.0,0.0,1.95
718,1.2225,0.5,0.1,0.0,0.0015,1.95
719,1.2225,0.5,0.1,0.0,0.0015,1.95
720,1.222,0.0,0.0,0.0,0.0,1.95
721,1.2225,0.5,0.1,0.0,0.0015,1.95
722,1.2225,0.5,0.1,0.0,0.0015,1.95
723,1.2225,0.5,0.1,0.0,0.0015,1.95
724,1.222,0.0,0.0,0.0,0.0,1.95
725,1.222,0.0,0.0,0.0,0.0,1.95
726,1.222,0.0,0.0,0.0,0.0,1.95
727,1.222,0.0,0.0,0.0,0.0,1.95
728,1.222,0.0,0.0,0.0,0.0,1.95
729,1.2225,0.5,0.1,0.0,0.0015,1.95
730,1.2225,0.5,0.1,0.0,0.0015,1.95
731,1.2225,0.5,0.1,0.0,0.0015,1.95
732,1.222,0.0,0.0,0.0,0.0,1.95
733,1.222,0.0,0.0,0.0,0.0,1.95
734,1.2225,0.5,0.1,0.0,0.0015,1.95
735,1.222,0.0,0.0,0.0,0.0,1.95
736,1.2225,0.5,0.1,0.0,0.0015,1.95
737,1.2225,0.5,0.1,0.0,0.0015,1.95
738,1.2225,0.5,0.1,0.0,0.0015,1.95
739,1.222,0.0,0.0,0.0,0.0,1.95
740,1.2225,0.5,0.1,0.0,0.0015,1.95
741,1.2225,0.5,0.1,0.0,0.0015,1.95
742,1.222,0.0,0.0,0.0,0.0,1.95
743,1.2225,0.5,0.1,0.0,0.0015,1.95
744,1.2225,0.5,0.1,0.0,0.0015,1.95
745,1.2225,0.5,0.1,0.0,0.0015,1.95
746,1.222,0.0,0.0,0.0,0.0,1.95
747,1.222,0.0,0.0,0.0,0.0,1.95
748,1.2225,0.5,0.1,0.0,0.0015,1.95
749,1.2225,0.5,0.1,0.0,0.0015,1.95
750,1.222,0.0,0.0,0.0,0.0,1.95
751,1.222,0.0,0.0,0.0,0.0,1.95
752,1.2225,0.5,0.1,0.0,0.0015,1.95
753,1.222,0.0,0.0,0.0,0.0,1.95
754,1.222,0.0,0.0,0.0,0.0,1.95
755,1.2225,0.5,0.1,0.0,0.0015,1.95
756,1.2225,0.5,0.1,0.0,0.0015,1.95
757,1.2225,0.5,0.1,0.0,0.0015,1.95
758,1.222,0.0,0.0,0.0,0.0,1.95
759,1.2225,0.5,0.1,0.0,0.0015,1.95
760,1.2225,0.5,0.1,0.0,0.0015,1.95
761,1.2225,0.5,0.1,0.0,0.0015,1.95
762,1.222,0.0,0.0,0.0,0.0,1.95
763,1.2225,0.5,0.1,0.0,0.0015,1.95
764,1.222,0.0,0.0,0.0,0.0,1.95
765,1.2225,0.5,0.1,0.0,0.0015,1.95
766,1.222,0.0,0.0,0.0,0.0,1.95
767,1.2225,0.5,0.1,0.0,0.0015,1.95
768,1.222,0.0,0.0,0.0,0.0,1.95
769,1.2225,0.5,0.1,0.0,0.0015,1.95
770,1.222,0.0,0.0,0.0,0.0,1.95
771,1.2225,0.5,0.1,0.0,0.0015,1.95
772,1.2225,0.5,0.1,0.0,0.0015,1.95
773,1.222,0.0,0.0,0.0,0.0,1.95
774,1.2225,0.5,0.1,0.0,0.0015,1.95
775,1.2225,0.5,0.1,0.0,0.0015,1.95
776,1.222,0.0,0.0,0.0,0.0,1.95
777,1.222,0.0,0.0,0.0,0.0,1.95
778,1.222,0.0,0.0,0.0,0.0,1.95
779,1.2225,0.5,0.1,0.0,0.0015,1.95
780,1.222,0.0,0.0,0.0,0.0,1.95
781,1.2225,0.5,0.1,0.0,0.0015,1.95
782,1.2225,0.5,0.1,0.0,0.0015,1.95
783,1.222,0.0,0.0,0.0,0.0,1.95
784,1.2225,0.5,0.1,0.0,0.0015,1.95
785,1.222,0.0,0.0,0.0,0.0,1.95
786,1.222,0.0,0.0,0.0,0.0,1.95
787,1.222,0.0,0.0,0.0,0.0,1.95
788,1.222,0.0,0.0,0.0,0.0,1.95
789,1.222,0.0,0.0,0.0,0.0,1.95
790,1.2225,0.5,0.1,0.0,0.0015,1.95
791,1.2225,0.5,0.1,0.0,0.0015,1.95
792,1.2225,0.5,0.1,0.0,0.0015,1.95
793,1.222,0.0,0.0,0.0,0.0,1.95
794,1.222,0.0,0.0,0.0,0.0,1.95
795,1.222,0.0,0.0,0.0,0.0,1.95
796,1.222,0.0,0.0,0.0,0.0,1.95
797,1.2225,0.5,0.1,0.0,0.0015,1.95
798,1.222,0.0,0.0,0.0,0.0,1.95
799,1.222,0.0,0.0,0.0,0.0,1.95
800,1.2225,0.5,0.1,0.0,0.0015,1.95
801,1.2225,0.5,0.1,0.0,0.0015,1.95
802,1.222,0.0,0.0,0.0,0.0,1.95
803,1.222,0.0,0.0,0.0,0.0,1.95
804,1.222,0.0,0.0,0.0,0.0,1.95
805,1.2225,0.5,0.1,0.0,0.0015,1.95
806,1.2225,0.5,0.1,0.0,0.0015,1.95
807,1.222,0.0,0.0,0.0,0.0,1.95
808,1.2225,0.5,0.1,0.0,0.0015,1.95
809,1.2225,0.5,0.1,0.0,0.0015,1.95
810,1.222,0.0,0.0,0.0,0.0,1.95
811,1.222,0.0,0.0,0.0,0.0,1.95
812,1.222,0.0,0.0,0.0,0.0,1.95
813,1.2225,0.5,0.1,0.0,0.0015,1.95
814,1.2225,0.5,0.1,0.0,0.0015,1.95
815,1.222,0.0,0.0,0.0,0.0,1.95
816,1.2225,0.5,0.1,0.0,0.0015,1.95
817,1.2225,0.5,0.1,0.0,0.0015,1.95
818,1.2225,0.5,0.1,0.0,0.0015,1.95
819,1.222,0.0,0.0,0.0,0.0,1.95
820,1.2225,0.5,0.1,0.0,0.0015,1.95
821,1.2225,0.5,0.1,0.0,0.0015,1.95
822,1.222,0.0,0.0,0.0,0.0,1.95
823,1.2225,0.5,0.1,0.0,0.0015,1.95
824,1.222,0.0,0.0,0.0,0.0,1.95
825,1.222,0.0,0.0,0.0,0.0,1.95
826,1.222,0.0,0.0,0.0,0.0,1.95
827,1.2225,0.5,0.1,0.0,0.0015,1.95
828,1.222,0.0,0.0,0.0,0.0,1.95
829,1.2225,0.5,0.1,0.0,0.0015,1.95
830,1.2225,0.5,0.1,0.0,0.0015,1.95
831,1.2225,0.5,0.1,0.0,0.0015,1.95
832,1.222,0.0,0.0,0.0,0.0,1.95
833,1.222,0.0,0.0,0.0,0.0,1.95
834,1.2225,0.5,0.1,0.0,0.0015,1.95
835,1.222,0.0,0.0,0.0,0.0,1.95
836,1.2225,0.5,0.1,0.0,0.0015,1.95
837,1.222,0.0,0.0,0.0,0.0,1.95
838,1.222,0.0,0.0,0.0,0.0,1.95
839,1.222,0.0,0.0,0.0,0.0,1.95
840,1.2225,0.5,0.1,0.0,0.0015,1.95
841,1.222,0.0,0.0,0.0,0.0,1.95
842,1.222,0.0,0.0,0.0,0.0,1.95
843,1.222,0.0,0.0,0.0,0.0,1.95
844,1.222,0.0,0.0,0.0,0.0,1.95
845,1.2225,0.5,0.1,0.0,0.0015,1.95
846,1.222,0.0,0.0,0.0,0.0,1.95
847,1.222,0.0,0.0,0.0,0.0,1.95
848,1.222,0.0,0.0,0.0,0.0,1.95
849,1.222,0.0,0.0,0.0,0.0,1.95
850,1.222,0.0,0.0,0.0,0.0,1.95
851,1.2225,0.5,0.1,0.0,0.0015,1.95
852,1.2225,0.5,0.1,0.0,0.0015,1.95
853,1.2225,0.5,0.1,0.0,0.0015,1.95
854,1.2225,0.5,0.1,0.0,0.0015,1.95
855,1.2225,0.5,0.1,0.0,0.0015,1.95
856,1.222,0.0,0.0,0.0,0.0,1.95
857,1.222,0.0,0.0,0.0,0.0,1.95
858,1.222,0.0,0.0,0.0,0.0,1.95
859,1.222,0.0,0.0,0.0,0.0,1.95
860,1.222,0.0,0.0,0.0,0.0,1.95
861,1.2225,0.5,0.1,0.0,0.0015,1.95
862,1.222,0.0,0.0,0.0,0.0,1.95
863,1.2225,0.5,0.1,0.0,0.0015,1.95
864,1.222,0.0,0.0,0.0,0.0,1.95
865,1.222,0.0,0.0,0.0,0.0,1.95
866,1.222,0.0,0.0,0.0,0.0,1.95
867,1.2225,0.5,0.1,0.0,0.0015,1.95
868,1.222,0.0,0.0,0.0,0.0,1.95
869,1.222,0.0,0.0,0.0,0.0,1.95
870,1.222,0.0,0.0,0.0,0.0,1.95
871,1.2225,0.5,0.1,0.0,0.0015,1.95
872,1.222,0.0,0.0,0.0,0.0,1.95
873,1.222,0.0,0.0,0.0,0.0,1.95
874,1.222,0.0,0.0,0.0,0.0,1.95
875,1.2225,0.5,0.1,0.0,0.0015,1.95
876,1.222,0.0,0.0,0.0,0.0,1.95
877,1.222,0.0,0.0,0.0,0.0,1.95
878,1.2225,0.5,0.1,0.0,0.0015,1.95
879,1.2225,0.5,0.1,0.0,0.0015,1.95
880,1.2225,0.5,0.1,0.0,0.0015,1.95
881,1.2225,0.5,0.1,0.0,0.0015,1.95
882,1.2225,0.5,0.1,0.0,0.0015,1.95
883,1.222,0.0,0.0,0.0,0.0,1.95
884,1.2225,0.5,0.1,0.0,0.0015,1.95
885,1.222,0.0,0.0,0.0,0.0,1.95
886,1.2225,0.5,0.1,0.0,0.0015,1.95
887,1.222,0.0,0.0,0.0,0.0,1.95
888,1.2225,0.5,0.1,0.0,0.0015,1.95
889,1.222,0.0,0.0,0.0,0.0,1.95
890,1.222,0.0,0.0,0.0,0.0,1.95
891,1.2225,0.5,0.1,0.0,0.0015,1.95
892,1.2225,0.5,0.1,0.0,0.0015,1.95
893,1.2225,0.5,0.1,0.0,0.0015,1.95
894,1.222,0.0,0.0,0.0,0.0,1.95
895,1.222,0.0,0.0,0.0,0.0,1.95
896,1.2225,0.5,0.1,0.0,0.0015,1.95
897,1.2225,0.5,0.1,0.0,0.0015,1.95
898,1.2225,0.5,0.1,0.0,0.0015,1.95
899,1.222,0.0,0.0,0.0,0.0,1.95
900,1.2225,0.5,0.1,0.0,0.0015,1.95
901,1.222,0.0,0.0,0.0,0.0,1.95
902,1.222,0.0,0.0,0.0,0.0,1.95
903,1.2225,0.5,0.1,0.0,0.0015,1.95
904,1.2225,0.5,0.1,0.0,0.0015,1.95
905,1.2225,0.5,0.1,0.0,0.0015,1.95
906,1.222,0.0,0.0,0.0,0.0,1.95
907,1.2225,0.5,0.1,0.0,0.0015,1.95
908,1.2225,0.5,0.1,0.0,0.0015,1.95
909,1.222,0.0,0.0,0.0,0.0,1.95
910,1.222,0.0,0.0,0.0,0.0,1.95
911,1.222,0.0,0.0,0.0,0.0,1.95
912,1.2225,0.5,0.1,0.0,0.0015,1.95
913,1.2225,0.5,0.1,0.0,0.0015,1.95
914,1.222,0.0,0.0,0.0,0.0,1.95
915,1.222,0.0,0.0,0.0,0.0,1.95
916,1.2225,0.5,0.1,0.0,0.0015,1.95
917,1.222,0.0,0.0,0.0,0.0,1.95
918,1.222,0.0,0.0,0.0,0.0,1.95
919,1.222,0.0,0.0,0.0,0.0,1.95
920,1.2225,0.5,0.1,0.0,0.0015,1.95
921,1.2225,0.5,0.1,0.0,0.0015,1.95
922,1.222,0.0,0.0,0.0,0.0,1.95
923,1.222,0.0,0.0,0.0,0.0,1.95
924,1.222,0.0,0.0,0.0,0.0,1.95
925,1.2225,0.5,0.1,0.0,0.0015,1.95
926,1.222,0.0,0.0,0.0,0.0,1.95
927,1.2225,0.5,0.1,0.0,0.0015,1.95
928,1.222,0.0,0.0,0.0,0.0,1.95
929,1.2225,0.5,0.1,0.0,0.0015,1.95
930,1.2225,0.5,0.1,0.0,0.0015,1.95
931,1.222,0.0,0.0,0.0,0.0,1.95
932,1.2225,0.5,0.1,0.0,0.0015,1.95
933,1.2225,0.5,0.1,0.0,0.0015,1.95
934,1.222,0.0,0.0,0.0,0.0,1.95
935,1.2225,0.5,0.1,0.0,0.0015,1.95
936,1.2225,0.5,0.1,0.0,0.0015,1.95
937,1.222,0.0,0.0,0.0,0.0,1.95
938,1.2225,0.5,0.1,0.0,0.0015,1.95
939,1.222,0.0,0.0,0.0,0.0,1.95
940,1.222,0.0,0.0,0.0,0.0,1.95
941,1.2225,0.5,0.1,0.0,0.0015,1.95
942,1.222,0.0,0.0,0.0,0.0,1.95
943,1.222,0.0,0.0,0.0,0.0,1.95
944,1.222,0.0,0.0,0.0,0.0,1.95
945,1.2225,0.5,0.1,0.0,0.0015,1.95
946,1.2225,0.5,0.1,0.0,0.0015,1.95
947,1.2225,0.5,0.1,0.0,0.0015,1.95
948,1.222,0.0,0.0,0.0,0.0,1.95
949,1.2225,0.5,0.1,0.0,0.0015,1.95
950,1.222,0.0,0.0,0.0,0.0,1.95
951,1.2225,0.5,0.1,0.0,0.0015,1.95
952,1.2225,0.5,0.1,0.0,0.0015,1.95
953,1.222,0.0,0.0,0.0,0.0,1.95
954,1.222,0.0,0.0,0.0,0.0,1.95
955,1.2225,0.5,0.1,0.0,0.0015,1.95
956,1.222,0.0,0.0,0.0,0.0,1.95
957,1.222,0.0,0.0,0.0,0.0,1.95
958,1.222,0.0,0.0,0.0,0.0,1.95
959,1.222,0.0,0.0,0.0,0.0,1.95
960,1.2225,0.5,0.1,0.0,0.0015,1.95
961,1.222,0.0,0.0,0.0,0.0,1.95
962,1.222,0.0,0.0,0.0,0.0,1.95
963,1.222,0.0,0.0,0.0,0.0,1.95
964,1.222,0.0,0.0,0.0,0.0,1.95
965,1.2225,0.5,0.1,0.0,0.0015,1.95
966,1.222,0.0,0.0,0.0,0.0,1.95
967,1.222,0.0,0.0,0.0,0.0,1.95
968,1.222,0.0,0.0,0.0,0.0,1.95
969,1.222,0.0,0.0,0.0,0.0,1.95
970,1.222,0.0,0.0,0.0,0.0,1.95
971,1.222,0.0,0.0,0.0,0.0,1.95
972,1.2225,0.5,0.1,0.0,0.0015,1.95
973,1.2225,0.5,0.1,0.0,0.0015,1.95
974,1.222,0.0,0.0,0.0,0.0,1.95
975,1.222,0.0,0.0,0.0,0.0,1.95
976,1.222,0.0,0.0,0.0,0.0,1.95
977,1.2225,0.5,0.1,0.0,0.0015,1.95
978,1.2225,0.5,0.1,0.0,0.0015,1.95
979,1.222,0.0,0.0,0.0,0.0,1.95
980,1.222,0.0,0.0,0.0,0.0,1.95
981,1.222,0.0,0.0,0.0,0.0,1.95
982,1.222,0.0,0.0,0.0,0.0,1.95
983,1.222,0.0,0.0,0.0,0.0,1.95
984,1.222,0.0,0.0,0.0,0.0,1.95
985,1.222,0.0,0.0,0.0,0.0,1.95
986,1.222,0.0,0.0,0.0,0.0,1.95
987,1.222,0.0,0.0,0.0,0.0,1.95
988,1.222,0.0,0.0,0.0,0.0,1.95
989,1.222,0.0,0.0,0.0,0.0,1.95
990,1.2225,0.5,0.1,0.0,0.0015,1.95
991,1.2225,0.5,0.1,0.0,0.0015,1.95
992,1.222,0.0,0.0,0.0,0.0,1.95
993,1.2225,0.5,0.1,0.0,0.0015,1.95
994,1.2225,0.5,0.1,0.0,0.0015,1.95
995,1.222,0.0,0.0,0.0,0.0,1.95
996,1.2225,0.5,0.1,0.0,0.0015,1.95
997,1.2225,0.5,0.1,0.0,0.0015,1.95
998,1.2225,0.5,0.1,0.0,0.0015,1.95
999,1.222,0.0,0.0,0.0,0.0,1.95
1000,1.2225,0.5,0.1,0.0,0.0015,1.95
1001,1.2225,0.5,0.1,0.0,0.0015,1.95
1002,1.222,0.0,0.0,0.0,0.0,1.95
1003,1.2225,0.5,0.1,0.0,0.0015,1.95
1004,1.2225,0.5,0.1,0.0,0.0015,1.95
1005,1.222,0.0,0.0,0.0,0.0,1.95
1006,1.2225,0.5,0.1,0.0,0.0015,1.95
1007,1.2225,0.5,0.1,0.0,0.0015,1.95
1008,1.2225,0.5,0.1,0.0,0.0015,1.95
1009,1.222,0.0,0.0,0.0,0.0,1.95
1010,1.2225,0.5,0.1,0.0,0.0015,1.95
1011,1.222,0.0,0.0,0.0,0.0,1.95
1012,1.2225,0.5,0.1,0.0,0.0015,1.95
1013,1.2225,0.5,0.1,0.0,0.0015,1.95
1014,1.222,0.0,0.0,0.0,0.0,1.95
1015,1.222,0.0,0.0,0.0,0.0,1.95
1016,1.222,0.0,0.0,0.0,0.0,1.95
1017,1.2225,0.5,0.1,0.0,0.0015,1.95
1018,1.222,0.0,0.0,0.0,0.0,1.95
1019,1.222,0.0,0.0,0.0,0.0,1.95
1020,1.222,0.0,0.0,0.0,0.0,1.95
1021,1.2225,0.5,0.1,0.0,0.0015,1.95
1022,1.2225,0.5,0.1,0.0,0.0015,1.95
1023,1.2225,0.5,0.1,0.0,0.0015,1.95
1024,1.2225,0.5,0.1,0.0,0.0015,1.95
1025,1.222,0.0,0.0,0.0,0.0,1.95
1026,1.2225,0.5,0.1,0.0,0.0015,1.95
1027,1.2225,0.5,0.1,0.0,0.0015,1.95
1028,1.2225,0.5,0.1,0.0,0.0015,1.95
1029,1.2225,0.5,0.1,0.0,0.0015,1.95
1030,1.2225,0.5,0.1,0.0,0.0015,1.95
1031,1.2225,0.5,0.1,0.0,0.0015,1.95
1032,1.222,0.0,0.0,0.0,0.0,1.95
1033,1.2225,0.5,0.1,0.0,0.0015,1.95
1034,1.2225,0.5,0.1,0.0,0.0015,1.95
1035,1.2225,0.5,0.1,0.0,0.0015,1.95
1036,1.222,0.0,0.0,0.0,0.0,1.95
1037,1.222,0.0,0.0,0.0,0.0,1.95
1038,1.2225,0.5,0.1,0.0,0.0015,1.95
1039,1.222,0.0,0.0,0.0,0.0,1.95
1040,1.222,0.0,0.0,0.0,0.0,1.95
1041,1.2225,0.5,0.1,0.0,0.0015,1.95
1042,1.222,0.0,0.0,0.0,0.0,1.95
1043,1.222,0.0,0.0,0.0,0.0,1.95
1044,1.2225,0.5,0.1,0.0,0.0015,1.95
1045,1.2225,0.5,0.1,0.0,0.0015,1.95
1046,1.222,0.0,0.0,0.0,0.0,1.95
1047,1.222,0.0,0.0,0.0,0.0,1.95
1048,1.2225,0.5,0.1,0.0,0.0015,1.95
1049,1.2225,0.5,0.1,0.0,0.0015,1.95
1050,1.222,0.0,0.0,0.0,0.0,1.95
1051,1.2225,0.5,0.1,0.0,0.0015,1.95
1052,1.2225,0.5,0.1,0.0,0.0015,1.95
1053,1.2225,0.5,0.1,0.0,0.0015,1.95
1054,1.222,0.0,0.0,0.0,0.0,1.95
1055,1.2225,0.5,0.1,0.0,0.0015,1.95
1056,1.2225,0.5,0.1,0.0,0.0015,1.95
1057,1.2225,0.5,0.1,0.0,0.0015,1.95
1058,1.222,0.0,0.0,0.0,0.0,1.95
1059,1.2225,0.5,0.1,0.0,0.0015,1.95
1060,1.2225,0.5,0.1,0.0,0.0015,1.95
1061,1.222,0.0,0.0,0.0,0.0,1.95
1062,1.222,0.0,0.0,0.0,0.0,1.95
1063,1.2225,0.5,0.1,0.0,0.0015,1.95
1064,1.222,0.0,0.0,0.0,0.0,1.95
1065,1.222,0.0,0.0,0.0,0.0,1.95
1066,1.222,0.0,0.0,0.0,0.0,1.95
1067,1.222,0.0,0.0,0.0,0.0,1.95
1068,1.2225,0.5,0.1,0.0,0.0015,1.95
1069,1.2225,0.5,0.1,0.0,0.0015,1.95
1070,1.222,0.0,0.0,0.0,0.0,1.95
1071,1.222,0.0,0.0,0.0,0.0,1.95
1072,1.222,0.0,0.0,0.0,0.0,1.95
1073,1.222,0.0,0.0,0.0,0.0,1.95
1074,1.222,0.0,0.0,0.0,0.0,1.95
1075,1.222,0.0,0.0,0.0,0.0,1.95
1076,1.222,0.0,0.0,0.0,0.0,1.95
1077,1.2225,0.5,0.1,0.0,0.0015,1.95
1078,1.222,0.0,0.0,0.0,0.0,1.95
1079,1.222,0.0,0.0,0.0,0.0,1.95
1080,1.222,0.0,0.0,0.0,0.0,1.95
1081,1.222,0.0,0.0,0.0,0.0,1.95
1082,1.2225,0.5,0.1,0.0,0.0015,1.95
1083,1.222,0.0,0.0,0.0,0.0,1.95
1084,1.2225,0.5,0.1,0.0,0.0015,1.95
1085,1.222,0.0,0.0,0.0,0.0,1.95
1086,1.222,0.0,0.0,0.0,0.0,1.95
1087,1.2225,0.5,0.1,0.0,0.0015,1.95
1088,1.222,0.0,0.0,0.0,0.0,1.95
1089,1.222,0.0,0.0,0.0,0.0,1.95
1090,1.222,0.0,0.0,0.0,0.0,1.95
1091,1.2225,0.5,0.1,0.0,0.0015,1.95
1092,1.2225,0.5,0.1,0.0,0.0015,1.95
1093,1.222,0.0,0.0,0.0,0.0,1.95
1094,1.222,0.0,0.0,0.0,0.0,1.95
1095,1.222,0.0,0.0,0.0,0.0,1.95
1096,1.2225,0.5,0.1,0.0,0.0015,1.95
1097,1.2225,0.5,0.1,0.0,0.0015,1.95
1098,1.2225,0.5,0.1,0.0,0.0015,1.95
1099,1.222,0.0,0.0,0.0,0.0,1.95
1100,1.2225,0.5,0.1,0.0,0.0015,1.95
1101,1.222,0.0,0.0,0.0,0.0,1.95
1102,1.2225,0.5,0.1,0.0,0.0015,1.95
1103,1.222,0.0,0.0,0.0,0.0,1.95
1104,1.2225,0.5,0.1,0.0,0.0015,1.95
1105,1.222,0.0,0.0,0.0,0.0,1.95
1106,1.222,0.0,0.0,0.0,0.0,1.95
1107,1.222,0.0,0.0,0.0,0.0,1.95
1108,1.222,0.0,0.0,0.0,0.0,1.95
1109,1.2225,0.5,0.1,0.0,0.0015,1.95
1110,1.2225,0.5,0.1,0.0,0.0015,1.95
1111,1.2225,0.5,0.1,0.0,0.0015,1.95
1112,1.2225,0.5,0.1,0.0,0.0015,1.95
1113,1.2225,0.5,0.1,0.0,0.0015,1.95
1114,1.2225,0.5,0.1,0.0,0.0015,1.95
1115,1.2225,0.5,0.1,0.0,0.0015,1.95
1116,1.2225,0.5,0.1,0.0,0.0015,1.95
1117,1.222,0.0,0.0,0.0,0.0,1.95
1118,1.222,0.0,0.0,0.0,0.0,1.95
1119,1.2225,0.5,0.1,0.0,0.0015,1.95
1120,1.2225,0.5,0.1,0.0,0.0015,1.95
1121,1.222,0.0,0.0,0.0,0.0,1.95
1122,1.222,0.0,0.0,0.0,0.0,1.95
1123,1.2225,0.5,0.1,0.0,0.0015,1.95
1124,1.2225,0.5,0.1,0.0,0.0015,1.95
1125,1.2225,0.5,0.1,0.0,0.0015,1.95
1126,1.2225,0.5,0.1,0.0,0.0015,1.95
1127,1.2225,0.5,0.1,0.0,0.0015,1.95
1128,1.2225,0.5,0.1,0.0,0.0015,1.95
1129,1.222,0.0,0.0,0.0,0.0,1.95
1130,1.222,0.0,0.0,0.0,0.0,1.95
1131,1.222,0.0,0.0,0.0,0.0,1.95
1132,1.2225,0.5,0.1,0.0,0.0015,1.95
1133,1.2225,0.5,0.1,0.0,0.0015,1.95
1134,1.2225,0.5,0.1,0.0,0.0015,1.95
1135,1.222,0.0,0.0,0.0,0.0,1.95
1136,1.222,0.0,0.0,0.0,0.0,1.95
1137,1.2225,0.5,0.1,0.0,0.0015,1.95
1138,1.222,0.0,0.0,0.0,0.0,1.95
1139,1.2225,0.5,0.1,0.0,0.0015,1.95
1140,1.222,0.0,0.0,0.0,0.0,1.95
1141,1.222,0.0,0.0,0.0,0.0,1.95
1142,1.2225,0.5,0.1,0.0,0.0015,1.95
1143,1.2225,0.5,0.1,0.0,0.0015,1.95
1144,1.222,0.0,0.0,0.0,0.0,1.95
1145,1.2225,0.5,0.1,0.0,0.0015,1.95
1146,1.2225,0.5,0.1,0.0,0.0015,1.95
1147,1.2225,0.5,0.1,0.0,0.0015,1.95
1148,1.2225,0.5,0.1,0.0,0.0015,1.95
1149,1.2225,0.5,0.1,0.0,0.0015,1.95
1150,1.222,0.0,0.0,0.0,0.0,1.95
1151,1.222,0.0,0.0,0.0,0.0,1.95
1152,1.2225,0.5,0.1,0.0,0.0015,1.95
1153,1.222,0.0,0.0,0.0,0.0,1.95
1154,1.2225,0.5,0.1,0.0,0.0015,1.95
1155,1.2225,0.5,0.1,0.0,0.0015,1.95
1156,1.2225,0.5,0.1,0.0,0.0015,1.95
1157,1.222,0.0,0.0,0.0,0.0,1.95
1158,1.2225,0.5,0.1,0.0,0.0015,1.95
1159,1.222,0.0,0.0,0.0,0.0,1.95
1160,1.222,0.0,0.0,0.0,0.0,1.95
1161,1.2225,0.5,0.1,0.0,0.0015,1.95
1162,1.222,0.0,0.0,0.0,0.0,1.95
1163,1.2225,0.5,0.1,0.0,0.0015,1.95
1164,1.2225,0.5,0.1,0.0,0.0015,1.95
1165,1.2225,0.5,0.1,0.0,0.0015,1.95
1166,1.2225,0.5,0.1,0.0,0.0015,1.95
1167,1.222,0.0,0.0,0.0,0.0,1.95
1168,1.222,0.0,0.0,0.0,0.0,1.95
1169,1.222,0.0,0.0,0.0,0.0,1.95
1170,1.2225,0.5,0.1,0.0,0.0015,1.95
1171,1.222,0.0,0.0,0.0,0.0,1.95
1172,1.222,0.0,0.0,0.0,0.0,1.95
1173,1.2225,0.5,0.1,0.0,0.0015,1.95
1174,1.2225,0.5,0.1,0.0,0.0015,1.95
1175,1.222,0.0,0.0,0.0,0.0,1.95
1176,1.2225,0.5,0.1,0.0,0.0015,1.95
1177,1.222,0.0,0.0,0.0,0.0,1.95
1178,1.2225,0.5,0.1,0.0,0.0015,1.95
1179,1.222,0.0,0.0,0.0,0.0,1.95
1180,1.222,0.0,0.0,0.0,0.0,1.95
1181,1.2225,0.5,0.1,0.0,0.0015,1.95
1182,1.2225,0.5,0.1,0.0,0.0015,1.95
1183,1.2225,0.5,0.1,0.0,0.0015,1.95
1184,1.2225,0.5,0.1,0.0,0.0015,1.95
1185,1.222,0.0,0.0,0.0,0.0,1.95
1186,1.222,0.0,0.0,0.0,0.0,1.95
1187,1.222,0.0,0.0,0.0,0.0,1.95
1188,1.222,0.0,0.0,0.0,0.0,1.95
1189,1.222,0.0,0.0,0.0,0.0,1.95
1190,1.222,0.0,0.0,0.0,0.0,1.95
1191,1.222,0.0,0.0,0.0,0.0,1.95
1192,1.2225,0.5,0.1,0.0,0.0015,1.95
1193,1.2225,0.5,0.1,0.0,0.0015,1.95
1194,1.222,0.0,0.0,0.0,0.0,1.95
1195,1.222,0.0,0.0,0.0,0.0,1.95
1196,1.2225,0.5,0.1,0.0,0.0015,1.95
1197,1.2225,0.5,0.1,0.0,0.0015,1.95
1198,1.222,0.0,0.0,0.0,0.0,1.95
1199,1.2225,0.5,0.1,0.0,0.0015,1.95
1200,1.2225,0.5,0.1,0.0,0.0015,1.95
1201,1.222,0.0,0.0,0.0,0.0,1.95
1202,1.222,0.0,0.0,0.0,0.0,1.95
1203,1.222,0.0,0.0,0.0,0.0,1.95
1204,1.222,0.0,0.0,0.0,0.0,1.95
1205,1.2225,0.5,0.1,0.0,0.0015,1.95
1206,1.222,0.0,0.0,0.0,0.0,1.95
1207,1.222,0.0,0.0,0.0,0.0,1.95
1208,1.222,0.0,0.0,0.0,0.0,1.95
1209,1.2225,0.5,0.1,0.0,0.0015,1.95
1210,1.222,0.0,0.0,0.0,0.0,1.95
1211,1.222,0.0,0.0,0.0,0.0,1.95
1212,1.222,0.0,0.0,0.0,0.0,1.95
1213,1.222,0.0,0.0,0.0,0.0,1.95
1214,1.222,0.0,0.0,0.0,0.0,1.95
1215,1.222,0.0,0.0,0.0,0.0,1.95
1216,1.222,0.0,0.0,0.0,0.0,1.95
1217,1.222,0.0,0.0,0.0,0.0,1.95
1218,1.222,0.0,0.0,0.0,0.0,1.95
1219,1.2225,0.5,0.1,0.0,0.0015,1.95
1220,1.2225,0.5,0.1,0.0,0.0015,1.95
1221,1.2225,0.5,0.1,0.0,0.0015,1.95
1222,1.2225,0.5,0.1,0.0,0.0015,1.95
1223,1.222,0.0,0.0,0.0,0.0,1.95
1224,1.222,0.0,0.0,0.0,0.0,1.95
1225,1.2225,0.5,0.1,0.0,0.0015,1.95
1226,1.222,0.0,0.0,0.0,0.0,1.95
1227,1.222,0.0,0.0,0.0,0.0,1.95
1228,1.222,0.0,0.0,0.0,0.0,1.95
1229,1.222,0.0,0.0,0.0,0.0,1.95
1230,1.2225,0.5,0.1,0.0,0.0015,1.95
1231,1.2225,0.5,0.1,0.0,0.0015,1.95
1232,1.222,0.0,0.0,0.0,0.0,1.95
1233,1.2225,0.5,0.1,0.0,0.0015,1.95
1234,1.2225,0.5,0.1,0.0,0.0015,1.95
1235,1.222,0.0,0.0,0.0,0.0,1.95
1236,1.222,0.0,0.0,0.0,0.0,1.95
1237,1.222,0.0,0.0,0.0,0.0,1.95
1238,1.222,0.0,0.0,0.0,0.0,1.95
1239,1.222,0.0,0.0,0.0,0.0,1.95
1240,1.222,0.0,0.0,0.0,0.0,1.95
1241,1.2225,0.5,0.1,0.0,0.0015,1.95
1242,1.2225,0.5,0.1,0.0,0.0015,1.95
1243,1.222,0.0,0.0,0.0,0.0,1.95
1244,1.2225,0.5,0.1,0.0,0.0015,1.95
1245,1.2225,0.5,0.1,0.0,0.0015,1.95
1246,1.2225,0.5,0.1,0.0,0.0015,1.95
1247,1.222,0.0,0.0,0.0,0.0,1.95
1248,1.222,0.0,0.0,0.0,0.0,1.95
1249,1.222,0.0,0.0,0.0,0.0,1.95
1250,1.2225,0.5,0.1,0.0,0.0015,1.95
1251,1.222,0.0,0.0,0.0,0.0,1.95
1252,1.2225,0.5,0.1,0.0,0.0015,1.95
1253,1.222,0.0,0.0,0.0,0.0,1.95
1254,1.222,0.0,0.0,0.0,0.0,1.95
1255,1.2225,0.5,0.1,0.0,0.0015,1.95
1256,1.2225,0.5,0.1,0.0,0.0015,1.95
1257,1.2225,0.5,0.1,0.0,0.0015,1.95
1258,1.222,0.0,0.0,0.0,0.0,1.95
1259,1.222,0.0,0.0,0.0,0.0,1.95
1260,1.222,0.0,0.0,0.0,0.0,1.95
1261,1.222,0.0,0.0,0.0,0.0,1.95
1262,1.222,0.0,0.0,0.0,0.0,1.95
1263,1.222,0.0,0.0,0.0,0.0,1.95
1264,1.222,0.0,0.0,0.0,0.0,1.95
1265,1.222,0.0,0.0,0.0,0.0,1.95
1266,1.2225,0.5,0.1,0.0,0.0015,1.95
1267,1.2225,0.5,0.1,0.0,0.0015,1.95
1268,1.2225,0.5,0.1,0.0,0.0015,1.95
1269,1.222,0.0,0.0,0.0,0.0,1.95
1270,1.222,0.0,0.0,0.0,0.0,1.95
1271,1.2225,0.5,0.1,0.0,0.0015,1.95
1272,1.222,0.0,0.0,0.0,0.0,1.95
1273,1.2225,0.5,0.1,0.0,0.0015,1.95
1274,1.222,0.0,0.0,0.0,0.0,1.95
1275,1.2225,0.5,0.1,0.0,0.0015,1.95
1276,1.2225,0.5,0.1,0.0,0.0015,1.95
1277,1.222,0.0,0.0,0.0,0.0,1.95
1278,1.2225,0.5,0.1,0.0,0.0015,1.95
1279,1.222,0.0,0.0,0.0,0.0,1.95
1280,1.2225,0.5,0.1,0.0,0.0015,1.95
1281,1.222,0.0,0.0,0.0,0.0,1.95
1282,1.222,0.0,0.0,0.0,0.0,1.95
1283,1.2225,0.5,0.1,0.0,0.0015,1.95
1284,1.2225,0.5,0.1,0.0,0.0015,1.95
1285,1.2225,0.5,0.1,0.0,0.0015,1.95
1286,1.2225,0.5,0.1,0.0,0.0015,1.95
1287,1.2225,0.5,0.1,0.0,0.0015,1.95
1288,1.222,0.0,0.0,0.0,0.0,1.95
1289,1.222,0.0,0.0,0.0,0.0,1.95
1290,1.222,0.0,0.0,0.0,0.0,1.95
1291,1.222,0.0,0.0,0.0,0.0,1.95
1292,1.2225,0.5,0.1,0.0,0.0015,1.95
1293,1.2225,0.5,0.1,0.0,0.0015,1.95
1294,1.222,0.0,0.0,0.0,0.0,1.95
1295,1.222,0.0,0.0,0.0,0.0,1.95
1296,1.2225,0.5,0.1,0.0,0.0015,1.95
1297,1.222,0.0,0.0,0.0,0.0,1.95
1298,1.222,0.0,0.0,0.0,0.0,1.95
1299,1.222,0.0,0.0,0.0,0.0,1.95
1300,1.2225,0.5,0.1,0.0,0.0015,1.95
1301,1.2225,0.5,0.1,0.0,0.0015,1.95
1302,1.2225,0.5,0.1,0.0,0.0015,1.95
1303,1.222,0.0,0.0,0.0,0.0,1.95
1304,1.2225,0.5,0.1,0.0,0.0015,1.95
1305,1.222,0.0,0.0,0.0,0.0,1.95
1306,1.222,0.0,0.0,0.0,0.0,1.95
1307,1.222,0.0,0.0,0.0,0.0,1.95
1308,1.2225,0.5,0.1,0.0,0.0015,1.95
1309,1.2225,0.5,0.1,0.0,0.0015,1.95
1310,1.222,0.0,0.0,0.0,0.0,1.95
1311,1.2225,0.5,0.1,0.0,0.0015,1.95
1312,1.222,0.0,0.0,0.0,0.0,1.95
1313,1.222,0.0,0.0,0.0,0.0,1.95
1314,1.222,0.0,0.0,0.0,0.0,1.95
1315,1.2225,0.5,0.1,0.0,0.0015,1.95
1316,1.2225,0.5,0.1,0.0,0.0015,1.95
1317,1.222,0.0,0.0,0.0,0.0,1.95
1318,1.2225,0.5,0.1,0.0,0.0015,1.95
1319,1.2225,0.5,0.1,0.0,0.0015,1.95
1320,1.222,0.0,0.0,0.0,0.0,1.95
1321,1.222,0.0,0.0,0.0,0.0,1.95
1322,1.222,0.0,0.0,0.0,0.0,1.95
1323,1.2225,0.5,0.1,0.0,0.0015,1.95
1324,1.222,0.0,0.0,0.0,0.0,1.95
1325,1.222,0.0,0.0,0.0,0.0,1.95
1326,1.2225,0.5,0.1,0.0,0.0015,1.95
1327,1.2225,0.5,0.1,0.0,0.0015,1.95
1328,1.2225,0.5,0.1,0.0,0.0015,1.95
1329,1.222,0.0,0.0,0.0,0.0,1.95
1330,1.222,0.0,0.0,0.0,0.0,1.95
1331,1.222,0.0,0.0,0.0,0.0,1.95
1332,1.222,0.0,0.0,0.0,0.0,1.95
1333,1.222,0.0,0.0,0.0,0.0,1.95
1334,1.222,0.0,0.0,0.0,0.0,1.95
1335,1.222,0.0,0.0,0.0,0.0,1.95
1336,1.222,0.0,0.0,0.0,0.0,1.95
1337,1.222,0.0,0.0,0.0,0.0,1.95
1338,1.222,0.0,0.0,0.0,0.0,1.95
1339,1.222,0.0,0.0,0.0,0.0,1.95
1340,1.2225,0.5,0.1,0.0,0.0015,1.95
1341,1.222,0.0,0.0,0.0,0.0,1.95
1342,1.2225,0.5,0.1,0.0,0.0015,1.95
1343,1.222,0.0,0.0,0.0,0.0,1.95
1344,1.2225,0.5,0.1,0.0,0.0015,1.95
1345,1.2225,0.5,0.1,0.0,0.0015,1.95
1346,1.222,0.0,0.0,0.0,0.0,1.95
1347,1.2225,0.5,0.1,0.0,0.0015,1.95
1348,1.2225,0.5,0.1,0.0,0.0015,1.95
1349,1.2225,0.5,0.1,0.0,0.0015,1.95
1350,1.222,0.0,0.0,0.0,0.0,1.95
1351,1.222,0.0,0.0,0.0,0.0,1.95
1352,1.222,0.0,0.0,0.0,0.0,1.95
1353,1.222,0.0,0.0,0.0,0.0,1.95
1354,1.222,0.0,0.0,0.0,0.0,1.95
1355,1.2225,0.5,0.1,0.0,0.0015,1.95
1356,1.222,0.0,0.0,0.0,0.0,1.95
1357,1.222,0.0,0.0,0.0,0.0,1.95
1358,1.222,0.0,0.0,0.0,0.0,1.95
1359,1.2225,0.5,0.1,0.0,0.0015,1.95
1360,1.222,0.0,0.0,0.0,0.0,1.95
1361,1.222,0.0,0.0,0.0,0.0,1.95
1362,1.2225,0.5,0.1,0.0,0.0015,1.95
1363,1.222,0.0,0.0,0.0,0.0,1.95
1364,1.2225,0.5,0.1,0.0,0.0015,1.95
1365,1.2225,0.5,0.1,0.0,0.0015,1.95
1366,1.222,0.0,0.0,0.0,0.0,1.95
1367,1.222,0.0,0.0,0.0,0.0,1.95
1368,1.2225,0.5,0.1,0.0,0.0015,1.95
1369,1.222,0.0,0.0,0.0,0.0,1.95
1370,1.222,0.0,0.0,0.0,0.0,1.95
1371,1.222,0.0,0.0,0.0,0.0,1.95
1372,1.2225,0.5,0.1,0.0,0.0015,1.95
1373,1.222,0.0,0.0,0.0,0.0,1.95
1374,1.2225,0.5,0.1,0.0,0.0015,1.95
1375,1.2225,0.5,0.1,0.0,0.0015,1.95
1376,1.2225,0.5,0.1,0.0,0.0015,1.95
1377,1.222,0.0,0.0,0.0,0.0,1.95
1378,1.222,0.0,0.0,0.0,0.0,1.95
1379,1.2225,0.5,0.1,0.0,0.0015,1.95
1380,1.222,0.0,0.0,0.0,0.0,1.95
1381,1.222,0.0,0.0,0.0,0.0,1.95
1382,1.222,0.0,0.0,0.0,0.0,1.95
1383,1.222,0.0,0.0,0.0,0.0,1.95
1384,1.2225,0.5,0.1,0.0,0.0015,1.95
1385,1.2225,0.5,0.1,0.0,0.0015,1.95
1386,1.222,0.0,0.0,0.0,0.0,1.95
1387,1.222,0.0,0.0,0.0,0.0,1.95
1388,1.2225,0.5,0.1,0.0,0.0015,1.95
1389,1.222,0.0,0.0,0.0,0.0,1.95
1390,1.2225,0.5,0.1,0.0,0.0015,1.95
1391,1.222,0.0,0.0,0.0,0.0,1.95
1392,1.222,0.0,0.0,0.0,0.0,1.95
1393,1.222,0.0,0.0,0.0,0.0,1.95
1394,1.2225,0.5,0.1,0.0,0.0015,1.95
1395,1.222,0.0,0.0,0.0,0.0,1.95
1396,1.2225,0.5,0.1,0.0,0.0015,1.95
1397,1.2225,0.5,0.1,0.0,0.0015,1.95
1398,1.222,0.0,0.0,0.0,0.0,1.95
1399,1.222,0.0,0.0,0.0,0.0,1.95
1400,1.2225,0.5,0.1,0.0,0.0015,1.95
1401,1.2225,0.5,0.1,0.0,0.0015,1.95
1402,1.222,0.0,0.0,0.0,0.0,1.95
1403,1.222,0.0,0.0,0.0,0.0,1.95
1404,1.2225,0.5,0.1,0.0,0.0015,1.95
1405,1.222,0.0,0.0,0.0,0.0,1.95
1406,1.222,0.0,0.0,0.0,0.0,1.95
1407,1.2225,0.5,0.1,0.0,0.0015,1.95
1408,1.2225,0.5,0.1,0.0,0.0015,1.95
1409,1.2225,0.5,0.1,0.0,0.0015,1.95
1410,1.222,0.0,0.0,0.0,0.0,1.95
1411,1.222,0.0,0.0,0.0,0.0,1.95
1412,1.222,0.0,0.0,0.0,0.0,1.95
1413,1.222,0.0,0.0,0.0,0.0,1.95
1414,1.222,0.0,0.0,0.0,0.0,1.95
1415,1.222,0.0,0.0,0.0,0.0,1.95
1416,1.222,0.0,0.0,0.0,0.0,1.95
1417,1.2225,0.5,0.1,0.0,0.0015,1.95
1418,1.2225,0.5,0.1,0.0,0.0015,1.95
1419,1.222,0.0,0.0,0.0,0.0,1.95
1420,1.2225,0.5,0.1,0.0,0.0015,1.95
1421,1.2225,0.5,0.1,0.0,0.0015,1.95
1422,1.2225,0.5,0.1,0.0,0.0015,1.95
1423,1.222,0.0,0.0,0.0,0.0,1.95
1424,1.222,0.0,0.0,0.0,0.0,1.95
1425,1.2225,0.5,0.1,0.0,0.0015,1.95
1426,1.2225,0.5,0.1,0.0,0.0015,1.95
1427,1.2225,0.5,0.1,0.0,0.0015,1.95
1428,1.222,0.0,0.0,0.0,0.0,1.95
1429,1.222,0.0,0.0,0.0,0.0,1.95
1430,1.2225,0.5,0.1,0.0,0.0015,1.95
1431,1.222,0.0,0.0,0.0,0.0,1.95
1432,1.2225,0.5,0.1,0.0,0.0015,1.95
1433,1.222,0.0,0.0,0.0,0.0,1.95
1434,1.2225,0.5,0.1,0.0,0.0015,1.95
1435,1.222,0.0,0.0,0.0,0.0,1.95
1436,1.222,0.0,0.0,0.0,0.0,1.95
1437,1.222,0.0,0.0,0.0,0.0,1.95
1438,1.222,0.0,0.0,0.0,0.0,1.95
1439,1.2225,0.5,0.1,0.0,0.0015,1.95
1440,1.222,0.0,0.0,0.0,0.0,1.95
1441,1.222,0.0,0.0,0.0,0.0,1.95
1442,1.222,0.0,0.0,0.0,0.0,1.95
1443,1.222,0.0,0.0,0.0,0.0,1.95
1444,1.222,0.0,0.0,0.0,0.0,1.95
1445,1.2225,0.5,0.1,0.0,0.0015,1.95
1446,1.2225,0.5,0.1,0.0,0.0015,1.95
1447,1.2225,0.5,0.1,0.0,0.0015,1.95
1448,1.222,0.0,0.0,0.0,0.0,1.95
1449,1.2225,0.5,0.1,0.0,0.0015,1.95
1450,1.222,0.0,0.0,0.0,0.0,1.95
1451,1.2225,0.5,0.1,0.0,0.0015,1.95
1452,1.222,0.0,0.0,0.0,0.0,1.95
1453,1.222,0.0,0.0,0.0,0.0,1.95
1454,1.2225,0.5,0.1,0.0,0.0015,1.95
1455,1.222,0.0,0.0,0.0,0.0,1.95
1456,1.222,0.0,0.0,0.0,0.0,1.95
1457,1.222,0.0,0.0,0.0,0.0,1.95
1458,1.222,0.0,0.0,0.0,0.0,1.95
1459,1.222,0.0,0.0,0.0,0.0,1.95
1460,1.222,0.0,0.0,0.0,0.0,1.95
1461,1.222,0.0,0.0,0.0,0.0,1.95
1462,1.2225,0.5,0.1,0.0,0.0015,1.95
1463,1.2225,0.5,0.1,0.0,0.0015,1.95
1464,1.2225,0.5,0.1,0.0,0.0015,1.95
1465,1.2225,0.5,0.1,0.0,0.0015,1.95
1466,1.2225,0.5,0.1,0.0,0.0015,1.95
1467,1.2225,0.5,0.1,0.0,0.0015,1.95
1468,1.2225,0.5,0.1,0.0,0.0015,1.95
1469,1.2225,0.5,0.1,0.0,0.0015,1.95
1470,1.2225,0.5,0.1,0.0,0.0015,1.95
1471,1.222,0.0,0.0,0.0,0.0,1.95
1472,1.222,0.0,0.0,0.0,0.0,1.95
1473,1.222,0.0,0.0,0.0,0.0,1.95
1474,1.222,0.0,0.0,0.0,0.0,1.95
1475,1.2225,0.5,0.1,0.0,0.0015,1.95
1476,1.222,0.0,0.0,0.0,0.0,1.95
1477,1.2225,0.5,0.1,0.0,0.0015,1.95
1478,1.2225,0.5,0.1,0.0,0.0015,1.95
1479,1.222,0.0,0.0,0.0,0.0,1.95
1480,1.2225,0.5,0.1,0.0,0.0015,1.95
1481,1.222,0.0,0.0,0.0,0.0,1.95
1482,1.2225,0.5,0.1,0.0,0.0015,1.95
1483,1.2225,0.5,0.1,0.0,0.0015,1.95
1484,1.222,0.0,0.0,0.0,0.0,1.95
1485,1.2225,0.5,0.1,0.0,0.0015,1.95
1486,1.222,0.0,0.0,0.0,0.0,1.95
1487,1.2225,0.5,0.1,0.0,0.0015,1.95
1488,1.2225,0.5,0.1,0.0,0.0015,1.95
1489,1.2225,0.5,0.1,0.0,0.0015,1.95
1490,1.222,0.0,0.0,0.0,0.0,1.95
1491,1.2225,0.5,0.1,0.0,0.0015,1.95
1492,1.2225,0.5,0.1,0.0,0.0015,1.95
1493,1.2225,0.5,0.1,0.0,0.0015,1.95
1494,1.2225,0.5,0.1,0.0,0.0015,1.95
1495,1.2225,0.5,0.1,0.0,0.0015,1.95
1496,1.2225,0.5,0.1,0.0,0.0015,1.95
1497,1.222,0.0,0.0,0.0,0.0,1.95
1498,1.2225,0.5,0.1,0.0,0.0015,1.95
1499,1.2225,0.5,0.1,0.0,0.0015,1.95
1500,1.222,0.0,0.0,0.0,0.0,1.95
1501,1.222,0.0,0.0,0.0,0.0,1.95
1502,1.2225,0.5,0.1,0.0,0.0015,1.95
1503,1.2225,0.5,0.1,0.0,0.0015,1.95
1504,1.222,0.0,0.0,0.0,0.0,1.95
1505,1.2225,0.5,0.1,0.0,0.0015,1.95
1506,1.2225,0.5,0.1,0.0,0.0015,1.95
1507,1.2225,0.5,0.1,0.0,0.0015,1.95
1508,1.2225,0.5,0.1,0.0,0.0015,1.95
1509,1.2225,0.5,0.1,0.0,0.0015,1.95
1510,1.2225,0.5,0.1,0.0,0.0015,1.95
1511,1.222,0.0,0.0,0.0,0.0,1.95
1512,1.2225,0.5,0.1,0.0,0.0015,1.95
1513,1.222,0.0,0.0,0.0,0.0,1.95
1514,1.2225,0.5,0.1,0.0,0.0015,1.95
1515,1.222,0.0,0.0,0.0,0.0,1.95
1516,1.222,0.0,0.0,0.0,0.0,1.95
1517,1.222,0.0,0.0,0.0,0.0,1.95
1518,1.222,0.0,0.0,0.0,0.0,1.95
1519,1.222,0.0,0.0,0.0,0.0,1.95
1520,1.222,0.0,0.0,0.0,0.0,1.95
1521,1.2225,0.5,0.1,0.0,0.0015,1.95
1522,1.2225,0.5,0.1,0.0,0.0015,1.95
1523,1.2225,0.5,0.1,0.0,0.0015,1.95
1524,1.222,0.0,0.0,0.0,0.0,1.95
1525,1.222,0.0,0.0,0.0,0.0,1.95
1526,1.2225,0.5,0.1,0.0,0.0015,1.95
1527,1.222,0.0,0.0,0.0,0.0,1.95
1528,1.222,0.0,0.0,0.0,0.0,1.95
1529,1.222,0.0,0.0,0.0,0.0,1.95
1530,1.222,0.0,0.0,0.0,0.0,1.95
1531,1.2225,0.5,0.1,0.0,0.0015,1.95
1532,1.222,0.0,0.0,0.0,0.0,1.95
1533,1.222,0.0,0.0,0.0,0.0,1.95
1534,1.222,0.0,0.0,0.0,0.0,1.95
1535,1.2225,0.5,0.1,0.0,0.0015,1.95
1536,1.2225,0.5,0.1,0.0,0.0015,1.95
1537,1.2225,0.5,0.1,0.0,0.0015,1.95
1538,1.222,0.0,0.0,0.0,0.0,1.95
1539,1.2225,0.5,0.1,0.0,0.0015,1.95
1540,1.2225,0.5,0.1,0.0,0.0015,1.95
1541,1.222,0.0,0.0,0.0,0.0,1.95
1542,1.222,0.0,0.0,0.0,0.0,1.95
1543,1.2225,0.5,0.1,0.0,0.0015,1.95
1544,1.2225,0.5,0.1,0.0,0.0015,1.95
1545,1.2225,0.5,0.1,0.0,0.0015,1.95
1546,1.2225,0.5,0.1,0.0,0.0015,1.95
1547,1.222,0.0,0.0,0.0,0.0,1.95
1548,1.222,0.0,0.0,0.0,0.0,1.95
1549,1.222,0.0,0.0,0.0,0.0,1.95
1550,1.2225,0.5,0.1,0.0,0.0015,1.95
1551,1.2225,0.5,0.1,0.0,0.0015,1.95
1552,1.2225,0.5,0.1,0.0,0.0015,1.95
1553,1.2225,0.5,0.1,0.0,0.0015,1.95
1554,1.2225,0.5,0.1,0.0,0.0015,1.95
1555,1.2225,0.5,0.1,0.0,0.0015,1.95
1556,1.222,0.0,0.0,0.0,0.0,1.95
1557,1.222,0.0,0.0,0.0,0.0,1.95
1558,1.222,0.0,0.0,0.0,0.0,1.95
1559,1.2225,0.5,0.1,0.0,0.0015,1.95
1560,1.222,0.0,0.0,0.0,0.0,1.95
1561,1.2225,0.5,0.1,0.0,0.0015,1.95
1562,1.2225,0.5,0.1,0.0,0.0015,1.95
1563,1.222,0.0,0.0,0.0,0.0,1.95
1564,1.222,0.0,0.0,0.0,0.0,1.95
1565,1.222,0.0,0.0,0.0,0.0,1.95
1566,1.222,0.0,0.0,0.0,0.0,1.95
1567,1.2225,0.5,0.1,0.0,0.0015,1.95
1568,1.222,0.0,0.0,0.0,0.0,1.95
1569,1.222,0.0,0.0,0.0,0.0,1.95
1570,1.2225,0.5,0.1,0.0,0.0015,1.95
1571,1.2225,0.5,0.1,0.0,0.0015,1.95
1572,1.222,0.0,0.0,0.0,0.0,1.95
1573,1.2225,0.5,0.1,0.0,0.0015,1.95
1574,1.2225,0.5,0.1,0.0,0.0015,1.95
1575,1.222,0.0,0.0,0.0,0.0,1.95
1576,1.222,0.0,0.0,0.0,0.0,1.95
1577,1.2225,0.5,0.1,0.0,0.0015,1.95
1578,1.222,0.0,0.0,0.0,0.0,1.95
1579,1.2225,0.5,0.1,0.0,0.0015,1.95
1580,1.2225,0.5,0.1,0.0,0.0015,1.95
1581,1.222,0.0,0.0,0.0,0.0,1.95
1582,1.2225,0.5,0.1,0.0,0.0015,1.95
1583,1.2225,0.5,0.1,0.0,0.0015,1.95
1584,1.222,0.0,0.0,0.0,0.0,1.95
1585,1.2225,0.5,0.1,0.0,0.0015,1.95
1586,1.2225,0.5,0.1,0.0,0.0015,1.95
1587,1.222,0.0,0.0,0.0,0.0,1.95
1588,1.222,0.0,0.0,0.0,0.0,1.95
1589,1.2225,0.5,0.1,0.0,0.0015,1.95
1590,1.2225,0.5,0.1,0.0,0.0015,1.95
1591,1.2225,0.5,0.1,0.0,0.0015,1.95
1592,1.2225,0.5,0.1,0.0,0.0015,1.95
1593,1.2225,0.5,0.1,0.0,0.0015,1.95
1594,1.222,0.0,0.0,0.0,0.0,1.95
1595,1.2225,0.5,0.1,0.0,0.0015,1.95
1596,1.2225,0.5,0.1,0.0,0.0015,1.95
1597,1.2225,0.5,0.1,0.0,0.0015,1.95
1598,1.222,0.0,0.0,0.0,0.0,1.95
1599,1.2225,0.5,0.1,0.0,0.0015,1.95
1600,1.222,0.0,0.0,0.0,0.0,1.95
1601,1.222,0.0,0.0,0.0,0.0,1.95
1602,1.222,0.0,0.0,0.0,0.0,1.95
1603,1.222,0.0,0.0,0.0,0.0,1.95
1604,1.222,0.0,0.0,0.0,0.0,1.95
1605,1.2225,0.5,0.1,0.0,0.0015,1.95
1606,1.2225,0.5,0.1,0.0,0.0015,1.95
1607,1.2225,0.5,0.1,0.0,0.0015,1.95
1608,1.2225,0.5,0.1,0.0,0.0015,1.95
1609,1.2225,0.5,0.1,0.0,0.0015,1.95
1610,1.222,0.0,0.0,0.0,0.0,1.95
1611,1.222,0.0,0.0,0.0,0.0,1.95
1612,1.2225,0.5,0.1,0.0,0.0015,1.95
1613,1.2225,0.5,0.1,0.0,0.0015,1.95
1614,1.222,0.0,0.0,0.0,0.0,1.95
1615,1.222,0.0,0.0,0.0,0.0,1.95
1616,1.222,0.0,0.0,0.0,0.0,1.95
1617,1.222,0.0,0.0,0.0,0.0,1.95
1618,1.222,0.0,0.0,0.0,0.0,1.95
1619,1.2225,0.5,0.1,0.0,0.0015,1.95
1620,1.2225,0.5,0.1,0.0,0.0015,1.95
1621,1.222,0.0,0.0,0.0,0.0,1.95
1622,1.2225,0.5,0.1,0.0,0.0015,1.95
1623,1.222,0.0,0.0,0.0,0.0,1.95
1624,1.222,0.0,0.0,0.0,0.0,1.95
1625,1.2225,0.5,0.1,0.0,0.0015,1.95
1626,1.2225,0.5,0.1,0.0,0.0015,1.95
1627,1.2225,0.5,0.1,0.0,0.0015,1.95
1628,1.222,0.0,0.0,0.0,0.0,1.95
1629,1.2225,0.5,0.1,0.0,0.0015,1.95
1630,1.222,0.0,0.0,0.0,0.0,1.95
1631,1.222,0.0,0.0,0.0,0.0,1.95
1632,1.2225,0.5,0.1,0.0,0.0015,1.95
1633,1.222,0.0,0.0,0.0,0.0,1.95
1634,1.2225,0.5,0.1,0.0,0.0015,1.95
1635,1.2225,0.5,0.1,0.0,0.0015,1.95
1636,1.2225,0.5,0.1,0.0,0.0015,1.95
1637,1.2225,0.5,0.1,0.0,0.0015,1.95
1638,1.222,0.0,0.0,0.0,0.0,1.95
1639,1.222,0.0,0.0,0.0,0.0,1.95
1640,1.222,0.0,0.0,0.0,0.0,1.95
1641,1.2225,0.5,0.1,0.0,0.0015,1.95
1642,1.2225,0.5,0.1,0.0,0.0015,1.95
1643,1.222,0.0,0.0,0.0,0.0,1.95
1644,1.2225,0.5,0.1,0.0,0.0015,1.95
1645,1.2225,0.5,0.1,0.0,0.0015,1.95
1646,1.2225,0.5,0.1,0.0,0.0015,1.95
1647,1.222,0.0,0.0,0.0,0.0,1.95
1648,1.2225,0.5,0.1,0.0,0.0015,1.95
1649,1.2225,0.5,0.1,0.0,0.0015,1.95
1650,1.222,0.0,0.0,0.0,0.0,1.95
1651,1.222,0.0,0.0,0.0,0.0,1.95
1652,1.222,0.0,0.0,0.0,0.0,1.95
1653,1.2225,0.5,0.1,0.0,0.0015,1.95
1654,1.2225,0.5,0.1,0.0,0.0015,1.95
1655,1.2225,0.5,0.1,0.0,0.0015,1.95
1656,1.222,0.0,0.0,0.0,0.0,1.95
1657,1.2225,0.5,0.1,0.0,0.0015,1.95
1658,1.222,0.0,0.0,0.0,0.0,1.95
1659,1.222,0.0,0.0,0.0,0.0,1.95
1660,1.222,0.0,0.0,0.0,0.0,1.95
1661,1.2225,0.5,0.1,0.0,0.0015,1.95
1662,1.222,0.0,0.0,0.0,0.0,1.95
1663,1.222,0.0,0.0,0.0,0.0,1.95
1664,1.222,0.0,0.0,0.0,0.0,1.95
1665,1.222,0.0,0.0,0.0,0.0,1.95
1666,1.222,0.0,0.0,0.0,0.0,1.95
1667,1.222,0.0,0.0,0.0,0.0,1.95
1668,1.2225,0.5,0.1,0.0,0.0015,1.95
1669,1.2225,0.5,0.1,0.0,0.0015,1.95
1670,1.2225,0.5,0.1,0.0,0.0015,1.95
1671,1.2225,0.5,0.1,0.0,0.0015,1.95
1672,1.2225,0.5,0.1,0.0,0.0015,1.95
1673,1.2225,0.5,0.1,0.0,0.0015,1.95
1674,1.2225,0.5,0.1,0.0,0.0015,1.95
1675,1.222,0.0,0.0,0.0,0.0,1.95
1676,1.2225,0.5,0.1,0.0,0.0015,1.95
1677,1.222,0.0,0.0,0.0,0.0,1.95
1678,1.2225,0.5,0.1,0.0,0.0015,1.95
1679,1.2225,0.5,0.1,0.0,0.0015,1.95
1680,1.222,0.0,0.0,0.0,0.0,1.95
1681,1.2225,0.5,0.1,0.0,0.0015,1.95
1682,1.2225,0.5,0.1,0.0,0.0015,1.95
1683,1.222,0.0,0.0,0.0,0.0,1.95
1684,1.222,0.0,0.0,0.0,0.0,1.95
1685,1.222,0.0,0.0,0.0,0.0,1.95
1686,1.2225,0.5,0.1,0.0,0.0015,1.95
1687,1.2225,0.5,0.1,0.0,0.0015,1.95
1688,1.222,0.0,0.0,0.0,0.0,1.95
1689,1.2225,0.5,0.1,0.0,0.0015,1.95
1690,1.222,0.0,0.0,0.0,0.0,1.95
1691,1.2225,0.5,0.1,0.0,0.0015,1.95
1692,1.2225,0.5,0.1,0.0,0.0015,1.95
1693,1.222,0.0,0.0,0.0,0.0,1.95
1694,1.2225,0.5,0.1,0.0,0.0015,1.95
1695,1.2225,0.5,0.1,0.0,0.0015,1.95
1696,1.222,0.0,0.0,0.0,0.0,1.95
1697,1.222,0.0,0.0,0.0,0.0,1.95
1698,1.2225,0.5,0.1,0.0,0.0015,1.95
1699,1.2225,0.5,0.1,0.0,0.0015,1.95
1700,1.222,0.0,0.0,0.0,0.0,1.95
1701,1.2225,0.5,0.1,0.0,0.0015,1.95
1702,1.2225,0.5,0.1,0.0,0.0015,1.95
1703,1.222,0.0,0.0,0.0,0.0,1.95
1704,1.222,0.0,0.0,0.0,0.0,1.95
1705,1.2225,0.5,0.1,0.0,0.0015,1.95
1706,1.2225,0.5,0.1,0.0,0.0015,1.95
1707,1.222,0.0,0.0,0.0,0.0,1.95
1708,1.222,0.0,0.0,0.0,0.0,1.95
1709,1.222,0.0,0.0,0.0,0.0,1.95
1710,1.2225,0.5,0.1,0.0,0.0015,1.95
1711,1.2225,0.5,0.1,0.0,0.0015,1.95
1712,1.222,0.0,0.0,0.0,0.0,1.95
1713,1.2225,0.5,0.1,0.0,0.0015,1.95
1714,1.2225,0.5,0.1,0.0,0.0015,1.95
1715,1.2225,0.5,0.1,0.0,0.0015,1.95
1716,1.222,0.0,0.0,0.0,0.0,1.95
1717,1.222,0.0,0.0,0.0,0.0,1.95
1718,1.2225,0.5,0.1,0.0,0.0015,1.95
1719,1.222,0.0,0.0,0.0,0.0,1.95
1720,1.222,0.0,0.0,0.0,0.0,1.95
1721,1.222,0.0,0.0,0.0,0.0,1.95
1722,1.222,0.0,0.0,0.0,0.0,1.95
1723,1.222,0.0,0.0,0.0,0.0,1.95
1724,1.222,0.0,0.0,0.0,0.0,1.95
1725,1.2225,0.5,0.1,0.0,0.0015,1.95
1726,1.222,0.0,0.0,0.0,0.0,1.95
1727,1.2225,0.5,0.1,0.0,0.0015,1.95
1728,1.2225,0.5,0.1,0.0,0.0015,1.95
1729,1.2225,0.5,0.1,0.0,0.0015,1.95
1730,1.2225,0.5,0.1,0.0,0.0015,1.95
1731,1.222,0.0,0.0,0.0,0.0,1.95
1732,1.222,0.0,0.0,0.0,0.0,1.95
1733,1.222,0.0,0.0,0.0,0.0,1.95
1734,1.2225,0.5,0.1,0.0,0.0015,1.95
1735,1.2225,0.5,0.1,0.0,0.0015,1.95
1736,1.222,0.0,0.0,0.0,0.0,1.95
1737,1.222,0.0,0.0,0.0,0.0,1.95
1738,1.222,0.0,0.0,0.0,0.0,1.95
1739,1.222,0.0,0.0,0.0,0.0,1.95
1740,1.2225,0.5,0.1,0.0,0.0015,1.95
1741,1.222,0.0,0.0,0.0,0.0,1.95
1742,1.222,0.0,0.0,0.0,0.0,1.95
1743,1.2225,0.5,0.1,0.0,0.0015,1.95
1744,1.2225,0.5,0.1,0.0,0.0015,1.95
1745,1.222,0.0,0.0,0.0,0.0,1.95
1746,1.222,0.0,0.0,0.0,0.0,1.95
1747,1.2225,0.5,0.1,0.0,0.0015,1.95
1748,1.222,0.0,0.0,0.0,0.0,1.95
1749,1.222,0.0,0.0,0.0,0.0,1.95
1750,1.2225,0.5,0.1,0.0,0.0015,1.95
1751,1.222,0.0,0.0,0.0,0.0,1.95
1752,1.2225,0.5,0.1,0.0,0.0015,1.95
1753,1.2225,0.5,0.1,0.0,0.0015,1.95
1754,1.2225,0.5,0.1,0.0,0.0015,1.95
1755,1.222,0.0,0.0,0.0,0.0,1.95
1756,1.2225,0.5,0.1,0.0,0.0015,1.95
1757,1.2225,0.5,0.1,0.0,0.0015,1.95
1758,1.2225,0.5,0.1,0.0,0.0015,1.95
1759,1.222,0.0,0.0,0.0,0.0,1.95
1760,1.222,0.0,0.0,0.0,0.0,1.95
1761,1.2225,0.5,0.1,0.0,0.0015,1.95
1762,1.2225,0.5,0.1,0.0,0.0015,1.95
1763,1.222,0.0,0.0,0.0,0.0,1.95
1764,1.222,0.0,0.0,0.0,0.0,1.95
1765,1.222,0.0,0.0,0.0,0.0,1.95
1766,1.222,0.0,0.0,0.0,0.0,1.95
1767,1.222,0.0,0.0,0.0,0.0,1.95
1768,1.2225,0.5,0.1,0.0,0.0015,1.95
1769,1.222,0.0,0.0,0.0,0.0,1.95
1770,1.2225,0.5,0.1,0.0,0.0015,1.95
1771,1.2225,0.5,0.1,0.0,0.0015,1.95
1772,1.2225,0.5,0.1,0.0,0.0015,1.95
1773,1.2225,0.5,0.1,0.0,0.0015,1.95
1774,1.2225,0.5,0.1,0.0,0.0015,1.95
1775,1.222,0.0,0.0,0.0,0.0,1.95
1776,1.2225,0.5,0.1,0.0,0.0015,1.95
1777,1.2225,0.5,0.1,0.0,0.0015,1.95
1778,1.2225,0.5,0.1,0.0,0.0015,1.95
1779,1.222,0.0,0.0,0.0,0.0,1.95
1780,1.222,0.0,0.0,0.0,0.0,1.95
1781,1.2225,0.5,0.1,0.0,0.0015,1.95
1782,1.2225,0.5,0.1,0.0,0.0015,1.95
1783,1.222,0.0,0.0,0.0,0.0,1.95
1784,1.222,0.0,0.0,0.0,0.0,1.95
1785,1.222,0.0,0.0,0.0,0.0,1.95
1786,1.2225,0.5,0.1,0.0,0.0015,1.95
1787,1.2225,0.5,0.1,0.0,0.0015,1.95
1788,1.2225,0.5,0.1,0.0,0.0015,1.95
1789,1.2225,0.5,0.1,0.0,0.0015,1.95
1790,1.2225,0.5,0.1,0.0,0.0015,1.95
1791,1.2225,0.5,0.1,0.0,0.0015,1.95
1792,1.2225,0.5,0.1,0.0,0.0015,1.95
1793,1.222,0.0,0.0,0.0,0.0,1.95
1794,1.2225,0.5,0.1,0.0,0.0015,1.95
1795,1.2225,0.5,0.1,0.0,0.0015,1.95
1796,1.222,0.0,0.0,0.0,0.0,1.95
1797,1.222,0.0,0.0,0.0,0.0,1.95
1798,1.2225,0.5,0.1,0.0,0.0015,1.95
1799,1.2225,0.5,0.1,0.0,0.0015,1.95
1800,1.2225,0.5,0.1,0.0,0.0015,1.95
1801,1.222,0.0,0.0,0.0,0.0,1.95
1802,1.222,0.0,0.0,0.0,0.0,1.95
1803,1.2225,0.5,0.1,0.0,0.0015,1.95
1804,1.2225,0.5,0.1,0.0,0.0015,1.95
1805,1.2225,0.5,0.1,0.0,0.0015,1.95
1806,1.2225,0.5,0.1,0.0,0.0015,1.95
1807,1.2225,0.5,0.1,0.0,0.0015,1.95
1808,1.222,0.0,0.0,0.0,0.0,1.95
1809,1.2225,0.5,0.1,0.0,0.0015,1.95
1810,1.222,0.0,0.0,0.0,0.0,1.95
1811,1.222,0.0,0.0,0.0,0.0,1.95
1812,1.222,0.0,0.0,0.0,0.0,1.95
1813,1.222,0.0,0.0,0.0,0.0,1.95
1814,1.222,0.0,0.0,0.0,0.0,1.95
1815,1.222,0.0,0.0,0.0,0.0,1.95
1816,1.2225,0.5,0.1,0.0,0.0015,1.95
1817,1.2225,0.5,0.1,0.0,0.0015,1.95
1818,1.222,0.0,0.0,0.0,0.0,1.95
1819,1.2225,0.5,0.1,0.0,0.0015,1.95
1820,1.2225,0.5,0.1,0.0,0.0015,1.95
1821,1.222,0.0,0.0,0.0,0.0,1.95
1822,1.222,0.0,0.0,0.0,0.0,1.95
1823,1.222,0.0,0.0,0.0,0.0,1.95
1824,1.222,0.0,0.0,0.0,0.0,1.95
1825,1.2225,0.5,0.1,0.0,0.0015,1.95
1826,1.222,0.0,0.0,0.0,0.0,1.95
1827,1.2225,0.5,0.1,0.0,0.0015,1.95
1828,1.2225,0.5,0.1,0.0,0.0015,1.95
1829,1.2225,0.5,0.1,0.0,0.0015,1.95
1830,1.222,0.0,0.0,0.0,0.0,1.95
1831,1.2225,0.5,0.1,0.0,0.0015,1.95
1832,1.2225,0.5,0.1,0.0,0.0015,1.95
1833,1.2225,0.5,0.1,0.0,0.0015,1.95
1834,1.2225,0.5,0.1,0.0,0.0015,1.95
1835,1.2225,0.5,0.1,0.0,0.0015,1.95
1836,1.2225,0.5,0.1,0.0,0.0015,1.95
1837,1.222,0.0,0.0,0.0,0.0,1.95
1838,1.222,0.0,0.0,0.0,0.0,1.95
1839,1.222,0.0,0.0,0.0,0.0,1.95
1840,1.222,0.0,0.0,0.0,0.0,1.95
1841,1.2225,0.5,0.1,0.0,0.0015,1.95
1842,1.222,0.0,0.0,0.0,0.0,1.95
1843,1.2225,0.5,0.1,0.0,0.0015,1.95
1844,1.2225,0.5,0.1,0.0,0.0015,1.95
1845,1.222,0.0,0.0,0.0,0.0,1.95
1846,1.222,0.0,0.0,0.0,0.0,1.95
1847,1.222,0.0,0.0,0.0,0.0,1.95
1848,1.222,0.0,0.0,0.0,0.0,1.95
1849,1.222,0.0,0.0,0.0,0.0,1.95
1850,1.222,0.0,0.0,0.0,0.0,1.95
1851,1.222,0.0,0.0,0.0,0.0,1.95
1852,1.222,0.0,0.0,0.0,0.0,1.95
1853,1.2225,0.5,0.1,0.0,0.0015,1.95
1854,1.2225,0.5,0.1,0.0,0.0015,1.95
1855,1.2225,0.5,0.1,0.0,0.0015,1.95
1856,1.222,0.0,0.0,0.0,0.0,1.95
1857,1.222,0.0,0.0,0.0,0.0,1.95
1858,1.2225,0.5,0.1,0.0,0.0015,1.95
1859,1.2225,0.5,0.1,0.0,0.0015,1.95
1860,1.222,0.0,0.0,0.0,0.0,1.95
1861,1.222,0.0,0.0,0.0,0.0,1.95
1862,1.222,0.0,0.0,0.0,0.0,1.95
1863,1.2225,0.5,0.1,0.0,0.0015,1.95
1864,1.222,0.0,0.0,0.0,0.0,1.95
1865,1.2225,0.5,0.1,0.0,0.0015,1.95
1866,1.222,0.0,0.0,0.0,0.0,1.95
1867,1.2225,0.5,0.1,0.0,0.0015,1.95
1868,1.222,0.0,0.0,0.0,0.0,1.95
1869,1.222,0.0,0.0,0.0,0.0,1.95
1870,1.2225,0.5,0.1,0.0,0.0015,1.95
1871,1.2225,0.5,0.1,0.0,0.0015,1.95
1872,1.2225,0.5,0.1,0.0,0.0015,1.95
1873,1.2225,0.5,0.1,0.0,0.0015,1.95
1874,1.222,0.0,0.0,0.0,0.0,1.95
1875,1.2225,0.5,0.1,0.0,0.0015,1.95
1876,1.222,0.0,0.0,0.0,0.0,1.95
1877,1.222,0.0,0.0,0.0,0.0,1.95
1878,1.2225,0.5,0.1,0.0,0.0015,1.95
1879,1.222,0.0,0.0,0.0,0.0,1.95
1880,1.222,0.0,0.0,0.0,0.0,1.95
1881,1.222,0.0,0.0,0.0,0.0,1.95
1882,1.222,0.0,0.0,0.0,0.0,1.95
1883,1.222,0.0,0.0,0.0,0.0,1.95
1884,1.2225,0.5,0.1,0.0,0.0015,1.95
1885,1.2225,0.5,0.1,0.0,0.0015,1.95
1886,1.2225,0.5,0.1,0.0,0.0015,1.95
1887,1.2225,0.5,0.1,0.0,0.0015,1.95
1888,1.222,0.0,0.0,0.0,0.0,1.95
1889,1.222,0.0,0.0,0.0,0.0,1.95
1890,1.2225,0.5,0.1,0.0,0.0015,1.95
1891,1.222,0.0,0.0,0.0,0.0,1.95
1892,1.2225,0.5,0.1,0.0,0.0015,1.95
1893,1.222,0.0,0.0,0.0,0.0,1.95
1894,1.2225,0.5,0.1,0.0,0.0015,1.95
1895,1.222,0.0,0.0,0.0,0.0,1.95
1896,1.2225,0.5,0.1,0.0,0.0015,1.95
1897,1.2225,0.5,0.1,0.0,0.0015,1.95
1898,1.2225,0.5,0.1,0.0,0.0015,1.95
1899,1.222,0.0,0.0,0.0,0.0,1.95
1900,1.222,0.0,0.0,0.0,0.0,1.95
1901,1.2225,0.5,0.1,0.0,0.0015,1.95
1902,1.2225,0.5,0.1,0.0,0.0015,1.95
1903,1.222,0.0,0.0,0.0,0.0,1.95
1904,1.2225,0.5,0.1,0.0,0.0015,1.95
1905,1.2225,0.5,0.1,0.0,0.0015,1.95
1906,1.222,0.0,0.0,0.0,0.0,1.95
1907,1.2225,0.5,0.1,0.0,0.0015,1.95
1908,1.222,0.0,0.0,0.0,0.0,1.95
1909,1.222,0.0,0.0,0.0,0.0,1.95
1910,1.2225,0.5,0.1,0.0,0.0015,1.95
1911,1.2225,0.5,0.1,0.0,0.0015,1.95
1912,1.2225,0.5,0.1,0.0,0.0015,1.95
1913,1.222,0.0,0.0,0.0,0.0,1.95
1914,1.2225,0.5,0.1,0.0,0.0015,1.95
1915,1.2225,0.5,0.1,0.0,0.0015,1.95
1916,1.2225,0.5,0.1,0.0,0.0015,1.95
1917,1.222,0.0,0.0,0.0,0.0,1.95
1918,1.222,0.0,0.0,0.0,0.0,1.95
1919,1.2225,0.5,0.1,0.0,0.0015,1.95
1920,1.2225,0.5,0.1,0.0,0.0015,1.95
1921,1.2225,0.5,0.1,0.0,0.0015,1.95
1922,1.2225,0.5,0.1,0.0,0.0015,1.95
1923,1.2225,0.5,0.1,0.0,0.0015,1.95
1924,1.222,0.0,0.0,0.0,0.0,1.95
1925,1.2225,0.5,0.1,0.0,0.0015,1.95
1926,1.2225,0.5,0.1,0.0,0.0015,1.95
1927,1.222,0.0,0.0,0.0,0.0,1.95
1928,1.2225,0.5,0.1,0.0,0.0015,1.95
1929,1.222,0.0,0.0,0.0,0.0,1.95
1930,1.2225,0.5,0.1,0.0,0.0015,1.95
1931,1.2225,0.5,0.1,0.0,0.0015,1.95
1932,1.2225,0.5,0.1,0.0,0.0015,1.95
1933,1.2225,0.5,0.1,0.0,0.0015,1.95
1934,1.2225,0.5,0.1,0.0,0.0015,1.95
1935,1.222,0.0,0.0,0.0,0.0,1.95
1936,1.2225,0.5,0.1,0.0,0.0015,1.95
1937,1.2225,0.5,0.1,0.0,0.0015,1.95
1938,1.2225,0.5,0.1,0.0,0.0015,1.95
1939,1.222,0.0,0.0,0.0,0.0,1.95
1940,1.2225,0.5,0.1,0.0,0.0015,1.95
1941,1.2225,0.5,0.1,0.0,0.0015,1.95
1942,1.2225,0.5,0.1,0.0,0.0015,1.95
1943,1.2225,0.5,0.1,0.0,0.0015,1.95
1944,1.2225,0.5,0.1,0.0,0.0015,1.95
1945,1.2225,0.5,0.1,0.0,0.0015,1.95
1946,1.222,0.0,0.0,0.0,0.0,1.95
1947,1.222,0.0,0.0,0.0,0.0,1.95
1948,1.222,0.0,0.0,0.0,0.0,1.95
1949,1.222,0.0,0.0,0.0,0.0,1.95
1950,1.2225,0.5,0.1,0.0,0.0015,1.95
1951,1.2225,0.5,0.1,0.0,0.0015,1.95
1952,1.2225,0.5,0.1,0.0,0.0015,1.95
1953,1.222,0.0,0.0,0.0,0.0,1.95
1954,1.2225,0.5,0.1,0.0,0.0015,1.95
1955,1.2225,0.5,0.1,0.0,0.0015,1.95
1956,1.2225,0.5,0.1,0.0,0.0015,1.95
1957,1.2225,0.5,0.1,0.0,0.0015,1.95
1958,1.2225,0.5,0.1,0.0,0.0015,1.95
1959,1.222,0.0,0.0,0.0,0.0,1.95
1960,1.2225,0.5,0.1,0.0,0.0015,1.95
1961,1.222,0.0,0.0,0.0,0.0,1.95
1962,1.2225,0.5,0.1,0.0,0.0015,1.95
1963,1.2225,0.5,0.1,0.0,0.0015,1.95
1964,1.222,0.0,0.0,0.0,0.0,1.95
1965,1.222,0.0,0.0,0.0,0.0,1.95
1966,1.222,0.0,0.0,0.0,0.0,1.95
1967,1.2225,0.5,0.1,0.0,0.0015,1.95
1968,1.222,0.0,0.0,0.0,0.0,1.95
1969,1.222,0.0,0.0,0.0,0.0,1.95
1970,1.2225,0.5,0.1,0.0,0.0015,1.95
1971,1.2225,0.5,0.1,0.0,0.0015,1.95
1972,1.222,0.0,0.0,0.0,0.0,1.95
1973,1.222,0.0,0.0,0.0,0.0,1.95
1974,1.222,0.0,0.0,0.0,0.0,1.95
1975,1.2225,0.5,0.1,0.0,0.0015,1.95
1976,1.2225,0.5,0.1,0.0,0.0015,1.95
1977,1.222,0.0,0.0,0.0,0.0,1.95
1978,1.2225,0.5,0.1,0.0,0.0015,1.95
1979,1.2225,0.5,0.1,0.0,0.0015,1.95
1980,1.2225,0.5,0.1,0.0,0.0015,1.95
1981,1.2225,0.5,0.1,0.0,0.0015,1.95
1982,1.222,0.0,0.0,0.0,0.0,1.95
1983,1.2225,0.5,0.1,0.0,0.0015,1.95
1984,1.222,0.0,0.0,0.0,0.0,1.95
1985,1.2225,0.5,0.1,0.0,0.0015,1.95
1986,1.222,0.0,0.0,0.0,0.0,1.95
1987,1.222,0.0,0.0,0.0,0.0,1.95
1988,1.2225,0.5,0.1,0.0,0.0015,1.95
1989,1.222,0.0,0.0,0.0,0.0,1.95
1990,1.2225,0.5,0.1,0.0,0.0015,1.95
1991,1.222,0.0,0.0,0.0,0.0,1.95
1992,1.2225,0.5,0.1,0.0,0.0015,1.95
1993,1.222,0.0,0.0,0.0,0.0,1.95
1994,1.222,0.0,0.0,0.0,0.0,1.95
1995,1.2225,0.5,0.1,0.0,0.0015,1.95
1996,1.222,0.0,0.0,0.0,0.0,1.95
1997,1.2225,0.5,0.1,0.0,0.0015,1.95
1998,1.222,0.0,0.0,0.0,0.0,1.95
1999,1.222,0.0,0.0,0.0,0.0,1.95
2000,1.222,0.0,0.0,0.0,0.0,1.95
2001,1.2225,0.5,0.1,0.0,0.0015,1.95
2002,1.2225,0.5,0.1,0.0,0.0015,1.95
2003,1.222,0.0,0.0,0.0,0.0,1.95
2004,1.222,0.0,0.0,0.0,0.0,1.95
2005,1.2225,0.5,0.1,0.0,0.0015,1.95
2006,1.2225,0.5,0.1,0.0,0.0015,1.95
2007,1.222,0.0,0.0,0.0,0.0,1.95
2008,1.222,0.0,0.0,0.0,0.0,1.95
2009,1.222,0.0,0.0,0.0,0.0,1.95
2010,1.222,0.0,0.0,0.0,0.0,1.95
2011,1.222,0.0,0.0,0.0,0.0,1.95
2012,1.2225,0.5,0.1,0.0,0.0015,1.95
2013,1.222,0.0,0.0,0.0,0.0,1.95
2014,1.222,0.0,0.0,0.0,0.0,1.95
2015,1.2225,0.5,0.1,0.0,0.0015,1.95
2016,1.2225,0.5,0.1,0.0,0.0015,1.95
2017,1.222,0.0,0.0,0.0,0.0,1.95
2018,1.2225,0.5,0.1,0.0,0.0015,1.95
2019,1.2225,0.5,0.1,0.0,0.0015,1.95
2020,1.2225,0.5,0.1,0.0,0.0015,1.95
2021,1.222,0.0,0.0,0.0,0.0,1.95
2022,1.222,0.0,0.0,0.0,0.0,1.95
2023,1.222,0.0,0.0,0.0,0.0,1.95
2024,1.222,0.0,0.0,0.0,0.0,1.95
2025,1.2225,0.5,0.1,0.0,0.0015,1.95
2026,1.2225,0.5,0.1,0.0,0.0015,1.95
2027,1.222,0.0,0.0,0.0,0.0,1.95
2028,1.2225,0.5,0.1,0.0,0.0015,1.95
2029,1.222,0.0,0.0,0.0,0.0,1.95
2030,1.2225,0.5,0.1,0.0,0.0015,1.95
2031,1.222,0.0,0.0,0.0,0.0,1.95
2032,1.2225,0.5,0.1,0.0,0.0015,1.95
2033,1.222,0.0,0.0,0.0,0.0,1.95
2034,1.2225,0.5,0.1,0.0,0.0015,1.95
2035,1.2225,0.5,0.1,0.0,0.0015,1.95
2036,1.222,0.0,0.0,0.0,0.0,1.95
2037,1.2225,0.5,0.1,0.0,0.0015,1.95
2038,1.222,0.0,0.0,0.0,0.0,1.95
2039,1.2225,0.5,0.1,0.0,0.0015,1.95
2040,1.222,0.0,0.0,0.0,0.0,1.95
2041,1.222,0.0,0.0,0.0,0.0,1.95
2042,1.2225,0.5,0.1,0.0,0.0015,1.95
2043,1.222,0.0,0.0,0.0,0.0,1.95
2044,1.222,0.0,0.0,0.0,0.0,1.95
2045,1.222,0.0,0.0,0.0,0.0,1.95
2046,1.2225,0.5,0.1,0.0,0.0015,1.95
2047,1.2225,0.5,0.1,0.0,0.0015,1.95
2048,1.222,0.0,0.0,0.0,0.0,1.95
2049,1.222,0.0,0.0,0.0,0.0,1.95
2050,1.222,0.0,0.0,0.0,0.0,1.95
2051,1.222,0.0,0.0,0.0,0.0,1.95
2052,1.222,0.0,0.0,0.0,0.0,1.95
2053,1.222,0.0,0.0,0.0,0.0,1.95
2054,1.222,0.0,0.0,0.0,0.0,1.95
2055,1.2225,0.5,0.1,0.0,0.0015,1.95
2056,1.2225,0.5,0.1,0.0,0.0015,1.95
2057,1.2225,0.5,0.1,0.0,0.0015,1.95
2058,1.222,0.0,0.0,0.0,0.0,1.95
2059,1.222,0.0,0.0,0.0,0.0,1.95
2060,1.2225,0.5,0.1,0.0,0.0015,1.95
2061,1.222,0.0,0.0,0.0,0.0,1.95
2062,1.2225,0.5,0.1,0.0,0.0015,1.95
2063,1.222,0.0,0.0,0.0,0.0,1.95
2064,1.2225,0.5,0.1,0.0,0.0015,1.95
2065,1.222,0.0,0.0,0.0,0.0,1.95
2066,1.2225,0.5,0.1,0.0,0.0015,1.95
2067,1.2225,0.5,0.1,0.0,0.0015,1.95
2068,1.222,0.0,0.0,0.0,0.0,1.95
2069,1.2225,0.5,0.1,0.0,0.0015,1.95
2070,1.2225,0.5,0.1,0.0,0.0015,1.95
2071,1.2225,0.5,0.1,0.0,0.0015,1.95
2072,1.222,0.0,0.0,0.0,0.0,1.95
2073,1.222,0.0,0.0,0.0,0.0,1.95
2074,1.222,0.0,0.0,0.0,0.0,1.95
2075,1.222,0.0,0.0,0.0,0.0,1.95
2076,1.222,0.0,0.0,0.0,0.0,1.95
2077,1.2225,0.5,0.1,0.0,0.0015,1.95
2078,1.222,0.0,0.0,0.0,0.0,1.95
2079,1.2225,0.5,0.1,0.0,0.0015,1.95
2080,1.2225,0.5,0.1,0.0,0.0015,1.95
2081,1.2225,0.5,0.1,0.0,0.0015,1.95
2082,1.222,0.0,0.0,0.0,0.0,1.95
2083,1.2225,0.5,0.1,0.0,0.0015,1.95
2084,1.222,0.0,0.0,0.0,0.0,1.95
2085,1.222,0.0,0.0,0.0,0.0,1.95
2086,1.2225,0.5,0.1,0.0,0.0015,1.95
2087,1.222,0.0,0.0,0.0,0.0,1.95
2088,1.222,0.0,0.0,0.0,0.0,1.95
2089,1.222,0.0,0.0,0.0,0.0,1.95
2090,1.222,0.0,0.0,0.0,0.0,1.95
2091,1.222,0.0,0.0,0.0,0.0,1.95
2092,1.2225,0.5,0.1,0.0,0.0015,1.95
2093,1.222,0.0,0.0,0.0,0.0,1.95
2094,1.222,0.0,0.0,0.0,0.0,1.95
2095,1.222,0.0,0.0,0.0,0.0,1.95
2096,1.222,0.0,0.0,0.0,0.0,1.95
2097,1.2225,0.5,0.1,0.0,0.0015,1.95
2098,1.2225,0.5,0.1,0.0,0.0015,1.95
2099,1.2225,0.5,0.1,0.0,0.0015,1.95
2100,1.2225,0.5,0.1,0.0,0.0015,1.95
2101,1.222,0.0,0.0,0.0,0.0,1.95
2102,1.222,0.0,0.0,0.0,0.0,1.95
2103,1.2225,0.5,0.1,0.0,0.0015,1.95
2104,1.2225,0.5,0.1,0.0,0.0015,1.95
2105,1.222,0.0,0.0,0.0,0.0,1.95
2106,1.2225,0.5,0.1,0.0,0.0015,1.95
2107,1.222,0.0,0.0,0.0,0.0,1.95
2108,1.222,0.0,0.0,0.0,0.0,1.95
2109,1.222,0.0,0.0,0.0,0.0,1.95
2110,1.222,0.0,0.0,0.0,0.0,1.95
2111,1.2225,0.5,0.1,0.0,0.0015,1.95
2112,1.222,0.0,0.0,0.0,0.0,1.95
2113,1.2225,0.5,0.1,0.0,0.0015,1.95
2114,1.222,0.0,0.0,0.0,0.0,1.95
2115,1.222,0.0,0.0,0.0,0.0,1.95
2116,1.222,0.0,0.0,0.0,0.0,1.95
2117,1.222,0.0,0.0,0.0,0.0,1.95
2118,1.2225,0.5,0.1,0.0,0.0015,1.95
2119,1.2225,0.5,0.1,0.0,0.0015,1.95
2120,1.222,0.0,0.0,0.0,0.0,1.95
2121,1.2225,0.5,0.1,0.0,0.0015,1.95
2122,1.2225,0.5,0.1,0.0,0.0015,1.95
2123,1.222,0.0,0.0,0.0,0.0,1.95
2124,1.222,0.0,0.0,0.0,0.0,1.95
2125,1.222,0.0,0.0,0.0,0.0,1.95
2126,1.2225,0.5,0.1,0.0,0.0015,1.95
2127,1.222,0.0,0.0,0.0,0.0,1.95
2128,1.222,0.0,0.0,0.0,0.0,1.95
2129,1.222,0.0,0.0,0.0,0.0,1.95
2130,1.222,0.0,0.0,0.0,0.0,1.95
2131,1.2225,0.5,0.1,0.0,0.0015,1.95
2132,1.222,0.0,0.0,0.0,0.0,1.95
2133,1.222,0.0,0.0,0.0,0.0,1.95
2134,1.222,0.0,0.0,0.0,0.0,1.95
2135,1.222,0.0,0.0,0.0,0.0,1.95
2136,1.2225,0.5,0.1,0.0,0.0015,1.95
2137,1.2225,0.5,0.1,0.0,0.0015,1.95
2138,1.2225,0.5,0.1,0.0,0.0015,1.95
2139,1.222,0.0,0.0,0.0,0.0,1.95
2140,1.222,0.0,0.0,0.0,0.0,1.95
2141,1.2225,0.5,0.1,0.0,0.0015,1.95
2142,1.2225,0.5,0.1,0.0,0.0015,1.95
2143,1.2225,0.5,0.1,0.0,0.0015,1.95
2144,1.2225,0.5,0.1,0.0,0.0015,1.95
2145,1.222,0.0,0.0,0.0,0.0,1.95
2146,1.222,0.0,0.0,0.0,0.0,1.95
2147,1.2225,0.5,0.1,0.0,0.0015,1.95
2148,1.2225,0.5,0.1,0.0,0.0015,1.95
2149,1.222,0.0,0.0,0.0,0.0,1.95
2150,1.222,0.0,0.0,0.0,0.0,1.95
2151,1.222,0.0,0.0,0.0,0.0,1.95
2152,1.222,0.0,0.0,0.0,0.0,1.95
2153,1.2225,0.5,0.1,0.0,0.0015,1.95
2154,1.2225,0.5,0.1,0.0,0.0015,1.95
2155,1.222,0.0,0.0,0.0,0.0,1.95
2156,1.222,0.0,0.0,0.0,0.0,1.95
2157,1.222,0.0,0.0,0.0,0.0,1.95
2158,1.2225,0.5,0.1,0.0,0.0015,1.95
2159,1.2225,0.5,0.1,0.0,0.0015,1.95
2160,1.2225,0.5,0.1,0.0,0.0015,1.95
2161,1.222,0.0,0.0,0.0,0.0,1.95
2162,1.2225,0.5,0.1,0.0,0.0015,1.95
2163,1.2225,0.5,0.1,0.0,0.0015,1.95
2164,1.2225,0.5,0.1,0.0,0.0015,1.95
2165,1.2225,0.5,0.1,0.0,0.0015,1.95
2166,1.2225,0.5,0.1,0.0,0.0015,1.95
2167,1.2225,0.5,0.1,0.0,0.0015,1.95
2168,1.2225,0.5,0.1,0.0,0.0015,1.95
2169,1.222,0.0,0.0,0.0,0.0,1.95
2170,1.2225,0.5,0.1,0.0,0.0015,1.95
2171,1.2225,0.5,0.1,0.0,0.0015,1.95
2172,1.222,0.0,0.0,0.0,0.0,1.95
2173,1.222,0.0,0.0,0.0,0.0,1.95
2174,1.222,0.0,0.0,0.0,0.0,1.95
2175,1.2225,0.5,0.1,0.0,0.0015,1.95
2176,1.222,0.0,0.0,0.0,0.0,1.95
2177,1.222,0.0,0.0,0.0,0.0,1.95
2178,1.222,0.0,0.0,0.0,0.0,1.95
2179,1.222,0.0,0.0,0.0,0.0,1.95
2180,1.222,0.0,0.0,0.0,0.0,1.95
2181,1.2225,0.5,0.1,0.0,0.0015,1.95
2182,1.222,0.0,0.0,0.0,0.0,1.95
2183,1.2225,0.5,0.1,0.0,0.0015,1.95
2184,1.2225,0.5,0.1,0.0,0.0015,1.95
2185,1.222,0.0,0.0,0.0,0.0,1.95
2186,1.2225,0.5,0.1,0.0,0.0015,1.95
2187,1.2225,0.5,0.1,0.0,0.0015,1.95
2188,1.2225,0.5,0.1,0.0,0.0015,1.95
2189,1.2225,0.5,0.1,0.0,0.0015,1.95
2190,1.222,0.0,0.0,0.0,0.0,1.95
2191,1.222,0.0,0.0,0.0,0.0,1.95
2192,1.222,0.0,0.0,0.0,0.0,1.95
2193,1.2225,0.5,0.1,0.0,0.0015,1.95
2194,1.222,0.0,0.0,0.0,0.0,1.95
2195,1.2225,0.5,0.1,0.0,0.0015,1.95
2196,1.222,0.0,0.0,0.0,0.0,1.95
2197,1.222,0.0,0.0,0.0,0.0,1.95
2198,1.222,0.0,0.0,0.0,0.0,1.95
2199,1.2225,0.5,0.1,0.0,0.0015,1.95
2200,1.2225,0.5,0.1,0.0,0.0015,1.95
2201,1.2225,0.5,0.1,0.0,0.0015,1.95
2202,1.2225,0.5,0.1,0.0,0.0015,1.95
2203,1.222,0.0,0.0,0.0,0.0,1.95
2204,1.2225,0.5,0.1,0.0,0.0015,1.95
2205,1.2225,0.5,0.1,0.0,0.0015,1.95
2206,1.2225,0.5,0.1,0.0,0.0015,1.95
2207,1.222,0.0,0.0,0.0,0.0,1.95
2208,1.222,0.0,0.0,0.0,0.0,1.95
2209,1.2225,0.5,0.1,0.0,0.0015,1.95
2210,1.222,0.0,0.0,0.0,0.0,1.95
2211,1.2225,0.5,0.1,0.0,0.0015,1.95
2212,1.222,0.0,0.0,0.0,0.0,1.95
2213,1.2225,0.5,0.1,0.0,0.0015,1.95
2214,1.2225,0.5,0.1,0.0,0.0015,1.95
2215,1.222,0.0,0.0,0.0,0.0,1.95
2216,1.2225,0.5,0.1,0.0,0.0015,1.95
2217,1.222,0.0,0.0,0.0,0.0,1.95
2218,1.222,0.0,0.0,0.0,0.0,1.95
2219,1.2225,0.5,0.1,0.0,0.0015,1.95
2220,1.222,0.0,0.0,0.0,0.0,1.95
2221,1.222,0.0,0.0,0.0,0.0,1.95
2222,1.222,0.0,0.0,0.0,0.0,1.95
2223,1.2225,0.5,0.1,0.0,0.0015,1.95
2224,1.222,0.0,0.0,0.0,0.0,1.95
2225,1.2225,0.5,0.1,0.0,0.0015,1.95
2226,1.2225,0.5,0.1,0.0,0.0015,1.95
2227,1.222,0.0,0.0,0.0,0.0,1.95
2228,1.222,0.0,0.0,0.0,0.0,1.95
2229,1.2225,0.5,0.1,0.0,0.0015,1.95
2230,1.2225,0.5,0.1,0.0,0.0015,1.95
2231,1.222,0.0,0.0,0.0,0.0,1.95
2232,1.2225,0.5,0.1,0.0,0.0015,1.95
2233,1.222,0.0,0.0,0.0,0.0,1.95
2234,1.2225,0.5,0.1,0.0,0.0015,1.95
2235,1.222,0.0,0.0,0.0,0.0,1.95
2236,1.2225,0.5,0.1,0.0,0.0015,1.95
2237,1.2225,0.5,0.1,0.0,0.0015,1.95
2238,1.2225,0.5,0.1,0.0,0.0015,1.95
2239,1.2225,0.5,0.1,0.0,0.0015,1.95
2240,1.222,0.0,0.0,0.0,0.0,1.95
2241,1.222,0.0,0.0,0.0,0.0,1.95
2242,1.222,0.0,0.0,0.0,0.0,1.95
2243,1.222,0.0,0.0,0.0,0.0,1.95
2244,1.222,0.0,0.0,0.0,0.0,1.95
2245,1.2225,0.5,0.1,0.0,0.0015,1.95
2246,1.222,0.0,0.0,0.0,0.0,1.95
2247,1.2225,0.5,0.1,0.0,0.0015,1.95
2248,1.2225,0.5,0.1,0.0,0.0015,1.95
2249,1.222,0.0,0.0,0.0,0.0,1.95
2250,1.2225,0.5,0.1,0.0,0.0015,1.95
2251,1.222,0.0,0.0,0.0,0.0,1.95
2252,1.222,0.0,0.0,0.0,0.0,1.95
2253,1.222,0.0,0.0,0.0,0.0,1.95
2254,1.222,0.0,0.0,0.0,0.0,1.95
2255,1.222,0.0,0.0,0.0,0.0,1.95
2256,1.222,0.0,0.0,0.0,0.0,1.95
2257,1.2225,0.5,0.1,0.0,0.0015,1.95
2258,1.2225,0.5,0.1,0.0,0.0015,1.95
2259,1.222,0.0,0.0,0.0,0.0,1.95
2260,1.2225,0.5,0.1,0.0,0.0015,1.95
2261,1.2225,0.5,0.1,0.0,0.0015,1.95
2262,1.2225,0.5,0.1,0.0,0.0015,1.95
2263,1.2225,0.5,0.1,0.0,0.0015,1.95
2264,1.2225,0.5,0.1,0.0,0.0015,1.95
2265,1.2225,0.5,0.1,0.0,0.0015,1.95
2266,1.2225,0.5,0.1,0.0,0.0015,1.95
2267,1.222,0.0,0.0,0.0,0.0,1.95
2268,1.2225,0.5,0.1,0.0,0.0015,1.95
2269,1.222,0.0,0.0,0.0,0.0,1.95
2270,1.222,0.0,0.0,0.0,0.0,1.95
2271,1.222,0.0,0.0,0.0,0.0,1.95
2272,1.2225,0.5,0.1,0.0,0.0015,1.95
2273,1.222,0.0,0.0,0.0,0.0,1.95
2274,1.222,0.0,0.0,0.0,0.0,1.95
2275,1.2225,0.5,0.1,0.0,0.0015,1.95
2276,1.222,0.0,0.0,0.0,0.0,1.95
2277,1.222,0.0,0.0,0.0,0.0,1.95
2278,1.2225,0.5,0.1,0.0,0.0015,1.95
2279,1.2225,0.5,0.1,0.0,0.0015,1.95
2280,1.2225,0.5,0.1,0.0,0.0015,1.95
2281,1.2225,0.5,0.1,0.0,0.0015,1.95
2282,1.2225,0.5,0.1,0.0,0.0015,1.95
2283,1.222,0.0,0.0,0.0,0.0,1.95
2284,1.2225,0.5,0.1,0.0,0.0015,1.95
2285,1.222,0.0,0.0,0.0,0.0,1.95
2286,1.222,0.0,0.0,0.0,0.0,1.95
2287,1.222,0.0,0.0,0.0,0.0,1.95
2288,1.222,0.0,0.0,0.0,0.0,1.95
2289,1.222,0.0,0.0,0.0,0.0,1.95
2290,1.2225,0.5,0.1,0.0,0.0015,1.95
2291,1.2225,0.5,0.1,0.0,0.0015,1.95
2292,1.2225,0.5,0.1,0.0,0.0015,1.95
2293,1.2225,0.5,0.1,0.0,0.0015,1.95
2294,1.222,0.0,0.0,0.0,0.0,1.95
2295,1.222,0.0,0.0,0.0,0.0,1.95
2296,1.2225,0.5,0.1,0.0,0.0015,1.95
2297,1.222,0.0,0.0,0.0,0.0,1.95
2298,1.2225,0.5,0.1,0.0,0.0015,1.95
2299,1.222,0.0,0.0,0.0,0.0,1.95
2300,1.222,0.0,0.0,0.0,0.0,1.95
2301,1.222,0.0,0.0,0.0,0.0,1.95
2302,1.222,0.0,0.0,0.0,0.0,1.95
2303,1.222,0.0,0.0,0.0,0.0,1.95
2304,1.222,0.0,0.0,0.0,0.0,1.95
2305,1.222,0.0,0.0,0.0,0.0,1.95
2306,1.222,0.0,0.0,0.0,0.0,1.95
2307,1.222,0.0,0.0,0.0,0.0,1.95
2308,1.222,0.0,0.0,0.0,0.0,1.95
2309,1.2225,0.5,0.1,0.0,0.0015,1.95
2310,1.222,0.0,0.0,0.0,0.0,1.95
2311,1.222,0.0,0.0,0.0,0.0,1.95
2312,1.222,0.0,0.0,0.0,0.0,1.95
2313,1.2225,0.5,0.1,0.0,0.0015,1.95
2314,1.222,0.0,0.0,0.0,0.0,1.95
2315,1.222,0.0,0.0,0.0,0.0,1.95
2316,1.222,0.0,0.0,0.0,0.0,1.95
2317,1.222,0.0,0.0,0.0,0.0,1.95
2318,1.222,0.0,0.0,0.0,0.0,1.95
2319,1.2225,0.5,0.1,0.0,0.0015,1.95
2320,1.2225,0.5,0.1,0.0,0.0015,1.95
2321,1.222,0.0,0.0,0.0,0.0,1.95
2322,1.222,0.0,0.0,0.0,0.0,1.95
2323,1.2225,0.5,0.1,0.0,0.0015,1.95
2324,1.2225,0.5,0.1,0.0,0.0015,1.95
2325,1.222,0.0,0.0,0.0,0.0,1.95
2326,1.222,0.0,0.0,0.0,0.0,1.95
2327,1.222,0.0,0.0,0.0,0.0,1.95
2328,1.222,0.0,0.0,0.0,0.0,1.95
2329,1.2225,0.5,0.1,0.0,0.0015,1.95
2330,1.2225,0.5,0.1,0.0,0.0015,1.95
2331,1.2225,0.5,0.1,0.0,0.0015,1.95
2332,1.222,0.0,0.0,0.0,0.0,1.95
2333,1.2225,0.5,0.1,0.0,0.0015,1.95
2334,1.222,0.0,0.0,0.0,0.0,1.95
2335,1.2225,0.5,0.1,0.0,0.0015,1.95
2336,1.222,0.0,0.0,0.0,0.0,1.95
2337,1.2225,0.5,0.1,0.0,0.0015,1.95
2338,1.222,0.0,0.0,0.0,0.0,1.95
2339,1.2225,0.5,0.1,0.0,0.0015,1.95
2340,1.222,0.0,0.0,0.0,0.0,1.95
2341,1.222,0.0,0.0,0.0,0.0,1.95
2342,1.222,0.0,0.0,0.0,0.0,1.95
2343,1.222,0.0,0.0,0.0,0.0,1.95
2344,1.2225,0.5,0.1,0.0,0.0015,1.95
2345,1.2225,0.5,0.1,0.0,0.0015,1.95
2346,1.2225,0.5,0.1,0.0,0.0015,1.95
2347,1.222,0.0,0.0,0.0,0.0,1.95
2348,1.2225,0.5,0.1,0.0,0.0015,1.95
2349,1.2225,0.5,0.1,0.0,0.0015,1.95
2350,1.222,0.0,0.0,0.0,0.0,1.95
2351,1.2225,0.5,0.1,0.0,0.0015,1.95
2352,1.222,0.0,0.0,0.0,0.0,1.95
2353,1.2225,0.5,0.1,0.0,0.0015,1.95
2354,1.222,0.0,0.0,0.0,0.0,1.95
2355,1.222,0.0,0.0,0.0,0.0,1.95
2356,1.222,0.0,0.0,0.0,0.0,1.95
2357,1.222,0.0,0.0,0.0,0.0,1.95
2358,1.222,0.0,0.0,0.0,0.0,1.95
2359,1.222,0.0,0.0,0.0,0.0,1.95
2360,1.222,0.0,0.0,0.0,0.0,1.95
2361,1.2225,0.5,0.1,0.0,0.0015,1.95
2362,1.222,0.0,0.0,0.0,0.0,1.95
2363,1.222,0.0,0.0,0.0,0.0,1.95
2364,1.2225,0.5,0.1,0.0,0.0015,1.95
2365,1.2225,0.5,0.1,0.0,0.0015,1.95
2366,1.2225,0.5,0.1,0.0,0.0015,1.95
2367,1.2225,0.5,0.1,0.0,0.0015,1.95
2368,1.2225,0.5,0.1,0.0,0.0015,1.95
2369,1.222,0.0,0.0,0.0,0.0,1.95
2370,1.222,0.0,0.0,0.0,0.0,1.95
2371,1.222,0.0,0.0,0.0,0.0,1.95
2372,1.2225,0.5,0.1,0.0,0.0015,1.95
2373,1.222,0.0,0.0,0.0,0.0,1.95
2374,1.2225,0.5,0.1,0.0,0.0015,1.95
2375,1.222,0.0,0.0,0.0,0.0,1.95
2376,1.222,0.0,0.0,0.0,0.0,1.95
2377,1.2225,0.5,0.1,0.0,0.0015,1.95
2378,1.2225,0.5,0.1,0.0,0.0015,1.95
2379,1.2225,0.5,0.1,0.0,0.0015,1.95
2380,1.2225,0.5,0.1,0.0,0.0015,1.95
2381,1.222,0.0,0.0,0.0,0.0,1.95
2382,1.2225,0.5,0.1,0.0,0.0015,1.95
2383,1.222,0.0,0.0,0.0,0.0,1.95
2384,1.222,0.0,0.0,0.0,0.0,1.95
2385,1.2225,0.5,0.1,0.0,0.0015,1.95
2386,1.2225,0.5,0.1,0.0,0.0015,1.95
2387,1.2225,0.5,0.1,0.0,0.0015,1.95
2388,1.222,0.0,0.0,0.0,0.0,1.95
2389,1.2225,0.5,0.1,0.0,0.0015,1.95
2390,1.222,0.0,0.0,0.0,0.0,1.95
2391,1.222,0.0,0.0,0.0,0.0,1.95
2392,1.2225,0.5,0.1,0.0,0.0015,1.95
2393,1.222,0.0,0.0,0.0,0.0,1.95
2394,1.222,0.0,0.0,0.0,0.0,1.95
2395,1.222,0.0,0.0,0.0,0.0,1.95
2396,1.2225,0.5,0.1,0.0,0.0015,1.95
2397,1.222,0.0,0.0,0.0,0.0,1.95
2398,1.222,0.0,0.0,0.0,0.0,1.95
2399,1.2225,0.5,0.1,0.0,0.0015,1.95
2400,1.222,0.0,0.0,0.0,0.0,1.95
2401,1.222,0.0,0.0,0.0,0.0,1.95
2402,1.2225,0.5,0.1,0.0,0.0015,1.95
2403,1.2225,0.5,0.1,0.0,0.0015,1.95
2404,1.2225,0.5,0.1,0.0,0.0015,1.95
2405,1.2225,0.5,0.1,0.0,0.0015,1.95
2406,1.222,0.0,0.0,0.0,0.0,1.95
2407,1.222,0.0,0.0,0.0,0.0,1.95
2408,1.2225,0.5,0.1,0.0,0.0015,1.95
2409,1.2225,0.5,0.1,0.0,0.0015,1.95
2410,1.2225,0.5,0.1,0.0,0.0015,1.95
2411,1.2225,0.5,0.1,0.0,0.0015,1.95
2412,1.222,0.0,0.0,0.0,0.0,1.95
2413,1.222,0.0,0.0,0.0,0.0,1.95
2414,1.2225,0.5,0.1,0.0,0.0015,1.95
2415,1.2225,0.5,0.1,0.0,0.0015,1.95
2416,1.222,0.0,0.0,0.0,0.0,1.95
2417,1.222,0.0,0.0,0.0,0.0,1.95
2418,1.222,0.0,0.0,0.0,0.0,1.95
2419,1.2225,0.5,0.1,0.0,0.0015,1.95
2420,1.2225,0.5,0.1,0.0,0.0015,1.95
2421,1.222,0.0,0.0,0.0,0.0,1.95
2422,1.222,0.0,0.0,0.0,0.0,1.95
2423,1.222,0.0,0.0,0.0,0.0,1.95
2424,1.2225,0.5,0.1,0.0,0.0015,1.95
2425,1.222,0.0,0.0,0.0,0.0,1.95
2426,1.222,0.0,0.0,0.0,0.0,1.95
2427,1.222,0.0,0.0,0.0,0.0,1.95
2428,1.2225,0.5,0.1,0.0,0.0015,1.95
2429,1.2225,0.5,0.1,0.0,0.0015,1.95
2430,1.222,0.0,0.0,0.0,0.0,1.95
2431,1.2225,0.5,0.1,0.0,0.0015,1.95
2432,1.2225,0.5,0.1,0.0,0.0015,1.95
2433,1.222,0.0,0.0,0.0,0.0,1.95
2434,1.222,0.0,0.0,0.0,0.0,1.95
2435,1.2225,0.5,0.1,0.0,0.0015,1.95
2436,1.222,0.0,0.0,0.0,0.0,1.95
2437,1.222,0.0,0.0,0.0,0.0,1.95
2438,1.222,0.0,0.0,0.0,0.0,1.95
2439,1.222,0.0,0.0,0.0,0.0,1.95
2440,1.222,0.0,0.0,0.0,0.0,1.95
2441,1.2225,0.5,0.1,0.0,0.0015,1.95
2442,1.222,0.0,0.0,0.0,0.0,1.95
2443,1.222,0.0,0.0,0.0,0.0,1.95
2444,1.2225,0.5,0.1,0.0,0.0015,1.95
2445,1.222,0.0,0.0,0.0,0.0,1.95
2446,1.2225,0.5,0.1,0.0,0.0015,1.95
2447,1.222,0.0,0.0,0.0,0.0,1.95
2448,1.2225,0.5,0.1,0.0,0.0015,1.95
2449,1.222,0.0,0.0,0.0,0.0,1.95
2450,1.222,0.0,0.0,0.0,0.0,1.95
2451,1.2225,0.5,0.1,0.0,0.0015,1.95
2452,1.222,0.0,0.0,0.0,0.0,1.95
2453,1.222,0.0,0.0,0.0,0.0,1.95
2454,1.222,0.0,0.0,0.0,0.0,1.95
2455,1.2225,0.5,0.1,0.0,0.0015,1.95
2456,1.2225,0.5,0.1,0.0,0.0015,1.95
2457,1.2225,0.5,0.1,0.0,0.0015,1.95
2458,1.222,0.0,0.0,0.0,0.0,1.95
2459,1.222,0.0,0.0,0.0,0.0,1.95
2460,1.222,0.0,0.0,0.0,0.0,1.95
2461,1.222,0.0,0.0,0.0,0.0,1.95
2462,1.222,0.0,0.0,0.0,0.0,1.95
2463,1.222,0.0,0.0,0.0,0.0,1.95
2464,1.222,0.0,0.0,0.0,0.0,1.95
2465,1.2225,0.5,0.1,0.0,0.0015,1.95
2466,1.2225,0.5,0.1,0.0,0.0015,1.95
2467,1.2225,0.5,0.1,0.0,0.0015,1.95
2468,1.222,0.0,0.0,0.0,0.0,1.95
2469,1.2225,0.5,0.1,0.0,0.0015,1.95
2470,1.2225,0.5,0.1,0.0,0.0015,1.95
2471,1.2225,0.5,0.1,0.0,0.0015,1.95
2472,1.2225,0.5,0.1,0.0,0.0015,1.95
2473,1.222,0.0,0.0,0.0,0.0,1.95
2474,1.222,0.0,0.0,0.0,0.0,1.95
2475,1.222,0.0,0.0,0.0,0.0,1.95
2476,1.222,0.0,0.0,0.0,0.0,1.95
2477,1.222,0.0,0.0,0.0,0.0,1.95
2478,1.2225,0.5,0.1,0.0,0.0015,1.95
2479,1.2225,0.5,0.1,0.0,0.0015,1.95
2480,1.222,0.0,0.0,0.0,0.0,1.95
2481,1.222,0.0,0.0,0.0,0.0,1.95
2482,1.2225,0.5,0.1,0.0,0.0015,1.95
2483,1.2225,0.5,0.1,0.0,0.0015,1.95
2484,1.222,0.0,0.0,0.0,0.0,1.95
2485,1.2225,0.5,0.1,0.0,0.0015,1.95
2486,1.222,0.0,0.0,0.0,0.0,1.95
2487,1.2225,0.5,0.1,0.0,0.0015,1.95
2488,1.222,0.0,0.0,0.0,0.0,1.95
2489,1.2225,0.5,0.1,0.0,0.0015,1.95
2490,1.222,0.0,0.0,0.0,0.0,1.95
2491,1.222,0.0,0.0,0.0,0.0,1.95
2492,1.222,0.0,0.0,0.0,0.0,1.95
2493,1.2225,0.5,0.1,0.0,0.0015,1.95
2494,1.222,0.0,0.0,0.0,0.0,1.95
2495,1.2225,0.5,0.1,0.0,0.0015,1.95
2496,1.222,0.0,0.0,0.0,0.0,1.95
2497,1.222,0.0,0.0,0.0,0.0,1.95
2498,1.222,0.0,0.0,0.0,0.0,1.95
2499,1.2225,0.5,0.1,0.0,0.0015,1.95
2500,1.222,0.0,0.0,0.0,0.0,1.95
2501,1.2225,0.5,0.1,0.0,0.0015,1.95
2502,1.2225,0.5,0.1,0.0,0.0015,1.95
2503,1.2225,0.5,0.1,0.0,0.0015,1.95
2504,1.222,0.0,0.0,0.0,0.0,1.95
2505,1.222,0.0,0.0,0.0,0.0,1.95
2506,1.2225,0.5,0.1,0.0,0.0015,1.95
2507,1.222,0.0,0.0,0.0,0.0,1.95
2508,1.222,0.0,0.0,0.0,0.0,1.95
2509,1.2225,0.5,0.1,0.0,0.0015,1.95
2510,1.2225,0.5,0.1,0.0,0.0015,1.95
2511,1.222,0.0,0.0,0.0,0.0,1.95
2512,1.2225,0.5,0.1,0.0,0.0015,1.95
2513,1.222,0.0,0.0,0.0,0.0,1.95
2514,1.222,0.0,0.0,0.0,0.0,1.95
2515,1.2225,0.5,0.1,0.0,0.0015,1.95
2516,1.222,0.0,0.0,0.0,0.0,1.95
2517,1.2225,0.5,0.1,0.0,0.0015,1.95
2518,1.2225,0.5,0.1,0.0,0.0015,1.95
2519,1.222,0.0,0.0,0.0,0.0,1.95
2520,1.2225,0.5,0.1,0.0,0.0015,1.95
2521,1.222,0.0,0.0,0.0,0.0,1.95
2522,1.222,0.0,0.0,0.0,0.0,1.95
2523,1.222,0.0,0.0,0.0,0.0,1.95
2524,1.222,0.0,0.0,0.0,0.0,1.95
2525,1.222,0.0,0.0,0.0,0.0,1.95
2526,1.222,0.0,0.0,0.0,0.0,1.95
2527,1.2225,0.5,0.1,0.0,0.0015,1.95
2528,1.2225,0.5,0.1,0.0,0.0015,1.95
2529,1.2225,0.5,0.1,0.0,0.0015,1.95
2530,1.222,0.0,0.0,0.0,0.0,1.95
2531,1.222,0.0,0.0,0.0,0.0,1.95
2532,1.222,0.0,0.0,0.0,0.0,1.95
2533,1.2225,0.5,0.1,0.0,0.0015,1.95
2534,1.2225,0.5,0.1,0.0,0.0015,1.95
2535,1.222,0.0,0.0,0.0,0.0,1.95
2536,1.222,0.0,0.0,0.0,0.0,1.95
2537,1.222,0.0,0.0,0.0,0.0,1.95
2538,1.222,0.0,0.0,0.0,0.0,1.95
2539,1.222,0.0,0.0,0.0,0.0,1.95
2540,1.2225,0.5,0.1,0.0,0.0015,1.95
2541,1.2225,0.5,0.1,0.0,0.0015,1.95
2542,1.2225,0.5,0.1,0.0,0.0015,1.95
2543,1.2225,0.5,0.1,0.0,0.0015,1.95
2544,1.2225,0.5,0.1,0.0,0.0015,1.95
2545,1.222,0.0,0.0,0.0,0.0,1.95
2546,1.222,0.0,0.0,0.0,0.0,1.95
2547,1.222,0.0,0.0,0.0,0.0,1.95
2548,1.222,0.0,0.0,0.0,0.0,1.95
2549,1.222,0.0,0.0,0.0,0.0,1.95
2550,1.222,0.0,0.0,0.0,0.0,1.95
2551,1.2225,0.5,0.1,0.0,0.0015,1.95
2552,1.222,0.0,0.0,0.0,0.0,1.95
2553,1.222,0.0,0.0,0.0,0.0,1.95
2554,1.2225,0.5,0.1,0.0,0.0015,1.95
2555,1.222,0.0,0.0,0.0,0.0,1.95
2556,1.222,0.0,0.0,0.0,0.0,1.95
2557,1.2225,0.5,0.1,0.0,0.0015,1.95
2558,1.2225,0.5,0.1,0.0,0.0015,1.95
2559,1.2225,0.5,0.1,0.0,0.0015,1.95
2560,1.2225,0.5,0.1,0.0,0.0015,1.95
2561,1.2225,0.5,0.1,0.0,0.0015,1.95
2562,1.2225,0.5,0.1,0.0,0.0015,1.95
2563,1.2225,0.5,0.1,0.0,0.0015,1.95
2564,1.222,0.0,0.0,0.0,0.0,1.95
2565,1.222,0.0,0.0,0.0,0.0,1.95
2566,1.2225,0.5,0.1,0.0,0.0015,1.95
2567,1.2225,0.5,0.1,0.0,0.0015,1.95
2568,1.2225,0.5,0.1,0.0,0.0015,1.95
2569,1.2225,0.5,0.1,0.0,0.0015,1.95
2570,1.2225,0.5,0.1,0.0,0.0015,1.95
2571,1.2225,0.5,0.1,0.0,0.0015,1.95
2572,1.222,0.0,0.0,0.0,0.0,1.95
2573,1.222,0.0,0.0,0.0,0.0,1.95
2574,1.2225,0.5,0.1,0.0,0.0015,1.95
2575,1.222,0.0,0.0,0.0,0.0,1.95
2576,1.2225,0.5,0.1,0.0,0.0015,1.95
2577,1.222,0.0,0.0,0.0,0.0,1.95
2578,1.2225,0.5,0.1,0.0,0.0015,1.95
2579,1.222,0.0,0.0,0.0,0.0,1.95
2580,1.2225,0.5,0.1,0.0,0.0015,1.95
2581,1.222,0.0,0.0,0.0,0.0,1.95
2582,1.222,0.0,0.0,0.0,0.0,1.95
2583,1.2225,0.5,0.1,0.0,0.0015,1.95
2584,1.222,0.0,0.0,0.0,0.0,1.95
2585,1.222,0.0,0.0,0.0,0.0,1.95
2586,1.2225,0.5,0.1,0.0,0.0015,1.95
2587,1.222,0.0,0.0,0.0,0.0,1.95
2588,1.222,0.0,0.0,0.0,0.0,1.95
2589,1.222,0.0,0.0,0.0,0.0,1.95
2590,1.222,0.0,0.0,0.0,0.0,1.95
2591,1.2225,0.5,0.1,0.0,0.0015,1.95
2592,1.2225,0.5,0.1,0.0,0.0015,1.95
2593,1.222,0.0,0.0,0.0,0.0,1.95
2594,1.222,0.0,0.0,0.0,0.0,1.95
2595,1.2225,0.5,0.1,0.0,0.0015,1.95
2596,1.222,0.0,0.0,0.0,0.0,1.95
2597,1.2225,0.5,0.1,0.0,0.0015,1.95
2598,1.222,0.0,0.0,0.0,0.0,1.95
2599,1.222,0.0,0.0,0.0,0.0,1.95
2600,1.2225,0.5,0.1,0.0,0.0015,1.95
2601,1.222,0.0,0.0,0.0,0.0,1.95
2602,1.2225,0.5,0.1,0.0,0.0015,1.95
2603,1.222,0.0,0.0,0.0,0.0,1.95
2604,1.222,0.0,0.0,0.0,0.0,1.95
2605,1.222,0.0,0.0,0.0,0.0,1.95
2606,1.2225,0.5,0.1,0.0,0.0015,1.95
2607,1.2225,0.5,0.1,0.0,0.0015,1.95
2608,1.2225,0.5,0.1,0.0,0.0015,1.95
2609,1.222,0.0,0.0,0.0,0.0,1.95
2610,1.2225,0.5,0.1,0.0,0.0015,1.95
2611,1.222,0.0,0.0,0.0,0.0,1.95
2612,1.2225,0.5,0.1,0.0,0.0015,1.95
2613,1.222,0.0,0.0,0.0,0.0,1.95
2614,1.222,0.0,0.0,0.0,0.0,1.95
2615,1.222,0.0,0.0,0.0,0.0,1.95
2616,1.222,0.0,0.0,0.0,0.0,1.95
2617,1.222,0.0,0.0,0.0,0.0,1.95
2618,1.2225,0.5,0.1,0.0,0.0015,1.95
2619,1.222,0.0,0.0,0.0,0.0,1.95
2620,1.222,0.0,0.0,0.0,0.0,1.95
2621,1.222,0.0,0.0,0.0,0.0,1.95
2622,1.2225,0.5,0.1,0.0,0.0015,1.95
2623,1.222,0.0,0.0,0.0,0.0,1.95
2624,1.2225,0.5,0.1,0.0,0.0015,1.95
2625,1.222,0.0,0.0,0.0,0.0,1.95
2626,1.2225,0.5,0.1,0.0,0.0015,1.95
2627,1.2225,0.5,0.1,0.0,0.0015,1.95
2628,1.2225,0.5,0.1,0.0,0.0015,1.95
2629,1.2225,0.5,0.1,0.0,0.0015,1.95
2630,1.222,0.0,0.0,0.0,0.0,1.95
2631,1.2225,0.5,0.1,0.0,0.0015,1.95
2632,1.2225,0.5,0.1,0.0,0.0015,1.95
2633,1.222,0.0,0.0,0.0,0.0,1.95
2634,1.222,0.0,0.0,0.0,0.0,1.95
2635,1.222,0.0,0.0,0.0,0.0,1.95
2636,1.2225,0.5,0.1,0.0,0.0015,1.95
2637,1.2225,0.5,0.1,0.0,0.0015,1.95
2638,1.2225,0.5,0.1,0.0,0.0015,1.95
2639,1.2225,0.5,0.1,0.0,0.0015,1.95
2640,1.222,0.0,0.0,0.0,0.0,1.95
2641,1.222,0.0,0.0,0.0,0.0,1.95
2642,1.2225,0.5,0.1,0.0,0.0015,1.95
2643,1.222,0.0,0.0,0.0,0.0,1.95
2644,1.2225,0.5,0.1,0.0,0.0015,1.95
2645,1.2225,0.5,0.1,0.0,0.0015,1.95
2646,1.222,0.0,0.0,0.0,0.0,1.95
2647,1.2225,0.5,0.1,0.0,0.0015,1.95
2648,1.2225,0.5,0.1,0.0,0.0015,1.95
2649,1.2225,0.5,0.1,0.0,0.0015,1.95
2650,1.222,0.0,0.0,0.0,0.0,1.95
2651,1.2225,0.5,0.1,0.0,0.0015,1.95
2652,1.2225,0.5,0.1,0.0,0.0015,1.95
2653,1.222,0.0,0.0,0.0,0.0,1.95
2654,1.222,0.0,0.0,0.0,0.0,1.95
2655,1.222,0.0,0.0,0.0,0.0,1.95
2656,1.222,0.0,0.0,0.0,0.0,1.95
2657,1.222,0.0,0.0,0.0,0.0,1.95
2658,1.222,0.0,0.0,0.0,0.0,1.95
2659,1.2225,0.5,0.1,0.0,0.0015,1.95
2660,1.222,0.0,0.0,0.0,0.0,1.95
2661,1.2225,0.5,0.1,0.0,0.0015,1.95
2662,1.2225,0.5,0.1,0.0,0.0015,1.95
2663,1.2225,0.5,0.1,0.0,0.0015,1.95
2664,1.2225,0.5,0.1,0.0,0.0015,1.95
2665,1.222,0.0,0.0,0.0,0.0,1.95
2666,1.222,0.0,0.0,0.0,0.0,1.95
2667,1.2225,0.5,0.1,0.0,0.0015,1.95
2668,1.2225,0.5,0.1,0.0,0.0015,1.95
2669,1.222,0.0,0.0,0.0,0.0,1.95
2670,1.2225,0.5,0.1,0.0,0.0015,1.95
2671,1.2225,0.5,0.1,0.0,0.0015,1.95
2672,1.222,0.0,0.0,0.0,0.0,1.95
2673,1.2225,0.5,0.1,0.0,0.0015,1.95
2674,1.222,0.0,0.0,0.0,0.0,1.95
2675,1.222,0.0,0.0,0.0,0.0,1.95
2676,1.222,0.0,0.0,0.0,0.0,1.95
2677,1.222,0.0,0.0,0.0,0.0,1.95
2678,1.222,0.0,0.0,0.0,0.0,1.95
2679,1.222,0.0,0.0,0.0,0.0,1.95
2680,1.222,0.0,0.0,0.0,0.0,1.95
2681,1.2225,0.5,0.1,0.0,0.0015,1.95
2682,1.2225,0.5,0.1,0.0,0.0015,1.95
2683,1.222,0.0,0.0,0.0,0.0,1.95
2684,1.2225,0.5,0.1,0.0,0.0015,1.95
2685,1.2225,0.5,0.1,0.0,0.0015,1.95
2686,1.2225,0.5,0.1,0.0,0.0015,1.95
2687,1.2225,0.5,0.1,0.0,0.0015,1.95
2688,1.2225,0.5,0.1,0.0,0.0015,1.95
2689,1.2225,0.5,0.1,0.0,0.0015,1.95
2690,1.222,0.0,0.0,0.0,0.0,1.95
2691,1.222,0.0,0.0,0.0,0.0,1.95
2692,1.222,0.0,0.0,0.0,0.0,1.95
2693,1.222,0.0,0.0,0.0,0.0,1.95
2694,1.2225,0.5,0.1,0.0,0.0015,1.95
2695,1.222,0.0,0.0,0.0,0.0,1.95
2696,1.222,0.0,0.0,0.0,0.0,1.95
2697,1.2225,0.5,0.1,0.0,0.0015,1.95
2698,1.222,0.0,0.0,0.0,0.0,1.95
2699,1.222,0.0,0.0,0.0,0.0,1.95
2700,1.222,0.0,0.0,0.0,0.0,1.95
2701,1.222,0.0,0.0,0.0,0.0,1.95
2702,1.2225,0.5,0.1,0.0,0.0015,1.95
2703,1.2225,0.5,0.1,0.0,0.0015,1.95
2704,1.2225,0.5,0.1,0.0,0.0015,1.95
2705,1.2225,0.5,0.1,0.0,0.0015,1.95
2706,1.222,0.0,0.0,0.0,0.0,1.95
2707,1.222,0.0,0.0,0.0,0.0,1.95
2708,1.2225,0.5,0.1,0.0,0.0015,1.95
2709,1.222,0.0,0.0,0.0,0.0,1.95
2710,1.2225,0.5,0.1,0.0,0.0015,1.95
2711,1.222,0.0,0.0,0.0,0.0,1.95
2712,1.222,0.0,0.0,0.0,0.0,1.95
2713,1.2225,0.5,0.1,0.0,0.0015,1.95
2714,1.222,0.0,0.0,0.0,0.0,1.95
2715,1.222,0.0,0.0,0.0,0.0,1.95
2716,1.222,0.0,0.0,0.0,0.0,1.95
2717,1.222,0.0,0.0,0.0,0.0,1.95
2718,1.2225,0.5,0.1,0.0,0.0015,1.95
2719,1.2225,0.5,0.1,0.0,0.0015,1.95
2720,1.2225,0.5,0.1,0.0,0.0015,1.95
2721,1.2225,0.5,0.1,0.0,0.0015,1.95
2722,1.222,0.0,0.0,0.0,0.0,1.95
2723,1.222,0.0,0.0,0.0,0.0,1.95
2724,1.222,0.0,0.0,0.0,0.0,1.95
2725,1.222,0.0,0.0,0.0,0.0,1.95
2726,1.2225,0.5,0.1,0.0,0.0015,1.95
2727,1.222,0.0,0.0,0.0,0.0,1.95
2728,1.2225,0.5,0.1,0.0,0.0015,1.95
2729,1.222,0.0,0.0,0.0,0.0,1.95
2730,1.222,0.0,0.0,0.0,0.0,1.95
2731,1.222,0.0,0.0,0.0,0.0,1.95
2732,1.222,0.0,0.0,0.0,0.0,1.95
2733,1.2225,0.5,0.1,0.0,0.0015,1.95
2734,1.222,0.0,0.0,0.0,0.0,1.95
2735,1.222,0.0,0.0,0.0,0.0,1.95
2736,1.222,0.0,0.0,0.0,0.0,1.95
2737,1.2225,0.5,0.1,0.0,0.0015,1.95
2738,1.222,0.0,0.0,0.0,0.0,1.95
2739,1.2225,0.5,0.1,0.0,0.0015,1.95
2740,1.2225,0.5,0.1,0.0,0.0015,1.95
2741,1.2225,0.5,0.1,0.0,0.0015,1.95
2742,1.222,0.0,0.0,0.0,0.0,1.95
2743,1.222,0.0,0.0,0.0,0.0,1.95
2744,1.2225,0.5,0.1,0.0,0.0015,1.95
2745,1.222,0.0,0.0,0.0,0.0,1.95
2746,1.222,0.0,0.0,0.0,0.0,1.95
2747,1.2225,0.5,0.1,0.0,0.0015,1.95
2748,1.222,0.0,0.0,0.0,0.0,1.95
2749,1.2225,0.5,0.1,0.0,0.0015,1.95
2750,1.2225,0.5,0.1,0.0,0.0015,1.95
2751,1.2225,0.5,0.1,0.0,0.0015,1.95
2752,1.2225,0.5,0.1,0.0,0.0015,1.95
2753,1.222,0.0,0.0,0.0,0.0,1.95
2754,1.222,0.0,0.0,0.0,0.0,1.95
2755,1.2225,0.5,0.1,0.0,0.0015,1.95
2756,1.2225,0.5,0.1,0.0,0.0015,1.95
2757,1.222,0.0,0.0,0.0,0.0,1.95
2758,1.2225,0.5,0.1,0.0,0.0015,1.95
2759,1.2225,0.5,0.1,0.0,0.0015,1.95
2760,1.2225,0.5,0.1,0.0,0.0015,1.95
2761,1.2225,0.5,0.1,0.0,0.0015,1.95
2762,1.2225,0.5,0.1,0.0,0.0015,1.95
2763,1.2225,0.5,0.1,0.0,0.0015,1.95
2764,1.2225,0.5,0.1,0.0,0.0015,1.95
2765,1.222,0.0,0.0,0.0,0.0,1.95
2766,1.222,0.0,0.0,0.0,0.0,1.95
2767,1.222,0.0,0.0,0.0,0.0,1.95
2768,1.222,0.0,0.0,0.0,0.0,1.95
2769,1.222,0.0,0.0,0.0,0.0,1.95
2770,1.222,0.0,0.0,0.0,0.0,1.95
2771,1.222,0.0,0.0,0.0,0.0,1.95
2772,1.222,0.0,0.0,0.0,0.0,1.95
2773,1.2225,0.5,0.1,0.0,0.0015,1.95
2774,1.222,0.0,0.0,0.0,0.0,1.95
2775,1.2225,0.5,0.1,0.0,0.0015,1.95
2776,1.222,0.0,0.0,0.0,0.0,1.95
2777,1.222,0.0,0.0,0.0,0.0,1.95
2778,1.222,0.0,0.0,0.0,0.0,1.95
2779,1.222,0.0,0.0,0.0,0.0,1.95
2780,1.222,0.0,0.0,0.0,0.0,1.95
2781,1.222,0.0,0.0,0.0,0.0,1.95
2782,1.2225,0.5,0.1,0.0,0.0015,1.95
2783,1.222,0.0,0.0,0.0,0.0,1.95
2784,1.2225,0.5,0.1,0.0,0.0015,1.95
2785,1.222,0.0,0.0,0.0,0.0,1.95
2786,1.222,0.0,0.0,0.0,0.0,1.95
2787,1.2225,0.5,0.1,0.0,0.0015,1.95
2788,1.2225,0.5,0.1,0.0,0.0015,1.95
2789,1.222,0.0,0.0,0.0,0.0,1.95
2790,1.222,0.0,0.0,0.0,0.0,1.95
2791,1.222,0.0,0.0,0.0,0.0,1.95
2792,1.2225,0.5,0.1,0.0,0.0015,1.95
2793,1.2225,0.5,0.1,0.0,0.0015,1.95
2794,1.222,0.0,0.0,0.0,0.0,1.95
2795,1.2225,0.5,0.1,0.0,0.0015,1.95
2796,1.222,0.0,0.0,0.0,0.0,1.95
2797,1.2225,0.5,0.1,0.0,0.0015,1.95
2798,1.2225,0.5,0.1,0.0,0.0015,1.95
2799,1.222,0.0,0.0,0.0,0.0,1.95
2800,1.222,0.0,0.0,0.0,0.0,1.95
2801,1.222,0.0,0.0,0.0,0.0,1.95
2802,1.222,0.0,0.0,0.0,0.0,1.95
2803,1.222,0.0,0.0,0.0,0.0,1.95
2804,1.222,0.0,0.0,0.0,0.0,1.95
2805,1.222,0.0,0.0,0.0,0.0,1.95
2806,1.222,0.0,0.0,0.0,0.0,1.95
2807,1.222,0.0,0.0,0.0,0.0,1.95
2808,1.2225,0.5,0.1,0.0,0.0015,1.95
2809,1.2225,0.5,0.1,0.0,0.0015,1.95
2810,1.2225,0.5,0.1,0.0,0.0015,1.95
2811,1.222,0.0,0.0,0.0,0.0,1.95
2812,1.222,0.0,0.0,0.0,0.0,1.95
2813,1.222,0.0,0.0,0.0,0.0,1.95
2814,1.2225,0.5,0.1,0.0,0.0015,1.95
2815,1.2225,0.5,0.1,0.0,0.0015,1.95
2816,1.222,0.0,0.0,0.0,0.0,1.95
2817,1.2225,0.5,0.1,0.0,0.0015,1.95
2818,1.222,0.0,0.0,0.0,0.0,1.95
2819,1.222,0.0,0.0,0.0,0.0,1.95
2820,1.2225,0.5,0.1,0.0,0.0015,1.95
2821,1.2225,0.5,0.1,0.0,0.0015,1.95
2822,1.2225,0.5,0.1,0.0,0.0015,1.95
2823,1.222,0.0,0.0,0.0,0.0,1.95
2824,1.222,0.0,0.0,0.0,0.0,1.95
2825,1.2225,0.5,0.1,0.0,0.0015,1.95
2826,1.222,0.0,0.0,0.0,0.0,1.95
2827,1.222,0.0,0.0,0.0,0.0,1.95
2828,1.2225,0.5,0.1,0.0,0.0015,1.95
2829,1.222,0.0,0.0,0.0,0.0,1.95
2830,1.2225,0.5,0.1,0.0,0.0015,1.95
2831,1.222,0.0,0.0,0.0,0.0,1.95
2832,1.2225,0.5,0.1,0.0,0.0015,1.95
2833,1.222,0.0,0.0,0.0,0.0,1.95
2834,1.2225,0.5,0.1,0.0,0.0015,1.95
2835,1.222,0.0,0.0,0.0,0.0,1.95
2836,1.222,0.0,0.0,0.0,0.0,1.95
2837,1.2225,0.5,0.1,0.0,0.0015,1.95
2838,1.222,0.0,0.0,0.0,0.0,1.95
2839,1.2225,0.5,0.1,0.0,0.0015,1.95
2840,1.222,0.0,0.0,0.0,0.0,1.95
2841,1.2225,0.5,0.1,0.0,0.0015,1.95
2842,1.222,0.0,0.0,0.0,0.0,1.95
2843,1.222,0.0,0.0,0.0,0.0,1.95
2844,1.222,0.0,0.0,0.0,0.0,1.95
2845,1.2225,0.5,0.1,0.0,0.0015,1.95
2846,1.222,0.0,0.0,0.0,0.0,1.95
2847,1.222,0.0,0.0,0.0,0.0,1.95
2848,1.222,0.0,0.0,0.0,0.0,1.95
2849,1.2225,0.5,0.1,0.0,0.0015,1.95
2850,1.222,0.0,0.0,0.0,0.0,1.95
2851,1.222,0.0,0.0,0.0,0.0,1.95
2852,1.2225,0.5,0.1,0.0,0.0015,1.95
2853,1.222,0.0,0.0,0.0,0.0,1.95
2854,1.2225,0.5,0.1,0.0,0.0015,1.95
2855,1.222,0.0,0.0,0.0,0.0,1.95
2856,1.222,0.0,0.0,0.0,0.0,1.95
2857,1.222,0.0,0.0,0.0,0.0,1.95
2858,1.2225,0.5,0.1,0.0,0.0015,1.95
2859,1.2225,0.5,0.1,0.0,0.0015,1.95
2860,1.222,0.0,0.0,0.0,0.0,1.95
2861,1.2225,0.5,0.1,0.0,0.0015,1.95
2862,1.2225,0.5,0.1,0.0,0.0015,1.95
2863,1.2225,0.5,0.1,0.0,0.0015,1.95
2864,1.222,0.0,0.0,0.0,0.0,1.95
2865,1.2225,0.5,0.1,0.0,0.0015,1.95
2866,1.222,0.0,0.0,0.0,0.0,1.95
2867,1.222,0.0,0.0,0.0,0.0,1.95
2868,1.2225,0.5,0.1,0.0,0.0015,1.95
2869,1.2225,0.5,0.1,0.0,0.0015,1.95
2870,1.222,0.0,0.0,0.0,0.0,1.95
2871,1.222,0.0,0.0,0.0,0.0,1.95
2872,1.2225,0.5,0.1,0.0,0.0015,1.95
2873,1.222,0.0,0.0,0.0,0.0,1.95
2874,1.222,0.0,0.0,0.0,0.0,1.95
2875,1.222,0.0,0.0,0.0,0.0,1.95
2876,1.222,0.0,0.0,0.0,0.0,1.95
2877,1.222,0.0,0.0,0.0,0.0,1.95
2878,1.2225,0.5,0.1,0.0,0.0015,1.95
2879,1.2225,0.5,0.1,0.0,0.0015,1.95
2880,1.222,0.0,0.0,0.0,0.0,1.95
2881,1.2225,0.5,0.1,0.0,0.0015,1.95
2882,1.2225,0.5,0.1,0.0,0.0015,1.95
2883,1.2225,0.5,0.1,0.0,0.0015,1.95
2884,1.222,0.0,0.0,0.0,0.0,1.95
2885,1.222,0.0,0.0,0.0,0.0,1.95
2886,1.2225,0.5,0.1,0.0,0.0015,1.95
2887,1.2225,0.5,0.1,0.0,0.0015,1.95
2888,1.2225,0.5,0.1,0.0,0.0015,1.95
2889,1.222,0.0,0.0,0.0,0.0,1.95
2890,1.222,0.0,0.0,0.0,0.0,1.95
2891,1.2225,0.5,0.1,0.0,0.0015,1.95
2892,1.222,0.0,0.0,0.0,0.0,1.95
2893,1.222,0.0,0.0,0.0,0.0,1.95
2894,1.222,0.0,0.0,0.0,0.0,1.95
2895,1.2225,0.5,0.1,0.0,0.0015,1.95
2896,1.222,0.0,0.0,0.0,0.0,1.95
2897,1.222,0.0,0.0,0.0,0.0,1.95
2898,1.222,0.0,0.0,0.0,0.0,1.95
2899,1.222,0.0,0.0,0.0,0.0,1.95
2900,1.222,0.0,0.0,0.0,0.0,1.95
2901,1.2225,0.5,0.1,0.0,0.0015,1.95
2902,1.2225,0.5,0.1,0.0,0.0015,1.95
2903,1.222,0.0,0.0,0.0,0.0,1.95
2904,1.222,0.0,0.0,0.0,0.0,1.95
2905,1.222,0.0,0.0,0.0,0.0,1.95
2906,1.2225,0.5,0.1,0.0,0.0015,1.95
2907,1.222,0.0,0.0,0.0,0.0,1.95
2908,1.2225,0.5,0.1,0.0,0.0015,1.95
2909,1.2225,0.5,0.1,0.0,0.0015,1.95
2910,1.222,0.0,0.0,0.0,0.0,1.95
2911,1.2225,0.5,0.1,0.0,0.0015,1.95
2912,1.222,0.0,0.0,0.0,0.0,1.95
2913,1.222,0.0,0.0,0.0,0.0,1.95
2914,1.222,0.0,0.0,0.0,0.0,1.95
2915,1.2225,0.5,0.1,0.0,0.0015,1.95
2916,1.222,0.0,0.0,0.0,0.0,1.95
2917,1.222,0.0,0.0,0.0,0.0,1.95
2918,1.222,0.0,0.0,0.0,0.0,1.95
2919,1.222,0.0,0.0,0.0,0.0,1.95
2920,1.2225,0.5,0.1,0.0,0.0015,1.95
2921,1.2225,0.5,0.1,0.0,0.0015,1.95
2922,1.222,0.0,0.0,0.0,0.0,1.95
2923,1.222,0.0,0.0,0.0,0.0,1.95
2924,1.222,0.0,0.0,0.0,0.0,1.95
2925,1.222,0.0,0.0,0.0,0.0,1.95
2926,1.222,0.0,0.0,0.0,0.0,1.95
2927,1.2225,0.5,0.1,0.0,0.0015,1.95
2928,1.222,0.0,0.0,0.0,0.0,1.95
2929,1.2225,0.5,0.1,0.0,0.0015,1.95
2930,1.222,0.0,0.0,0.0,0.0,1.95
2931,1.2225,0.5,0.1,0.0,0.0015,1.95
2932,1.2225,0.5,0.1,0.0,0.0015,1.95
2933,1.222,0.0,0.0,0.0,0.0,1.95
2934,1.2225,0.5,0.1,0.0,0.0015,1.95
2935,1.2225,0.5,0.1,0.0,0.0015,1.95
2936,1.222,0.0,0.0,0.0,0.0,1.95
2937,1.222,0.0,0.0,0.0,0.0,1.95
2938,1.222,0.0,0.0,0.0,0.0,1.95
2939,1.222,0.0,0.0,0.0,0.0,1.95
2940,1.2225,0.5,0.1,0.0,0.0015,1.95
2941,1.222,0.0,0.0,0.0,0.0,1.95
2942,1.2225,0.5,0.1,0.0,0.0015,1.95
2943,1.222,0.0,0.0,0.0,0.0,1.95
2944,1.222,0.0,0.0,0.0,0.0,1.95
2945,1.2225,0.5,0.1,0.0,0.0015,1.95
2946,1.222,0.0,0.0,0.0,0.0,1.95
2947,1.222,0.0,0.0,0.0,0.0,1.95
2948,1.222,0.0,0.0,0.0,0.0,1.95
2949,1.2225,0.5,0.1,0.0,0.0015,1.95
2950,1.2225,0.5,0.1,0.0,0.0015,1.95
2951,1.2225,0.5,0.1,0.0,0.0015,1.95
2952,1.2225,0.5,0.1,0.0,0.0015,1.95
2953,1.222,0.0,0.0,0.0,0.0,1.95
2954,1.2225,0.5,0.1,0.0,0.0015,1.95
2955,1.2225,0.5,0.1,0.0,0.0015,1.95
2956,1.222,0.0,0.0,0.0,0.0,1.95
2957,1.222,0.0,0.0,0.0,0.0,1.95
2958,1.222,0.0,0.0,0.0,0.0,1.95
2959,1.222,0.0,0.0,0.0,0.0,1.95
2960,1.222,0.0,0.0,0.0,0.0,1.95
2961,1.222,0.0,0.0,0.0,0.0,1.95
2962,1.2225,0.5,0.1,0.0,0.0015,1.95
2963,1.2225,0.5,0.1,0.0,0.0015,1.95
2964,1.222,0.0,0.0,0.0,0.0,1.95
2965,1.2225,0.5,0.1,0.0,0.0015,1.95
2966,1.222,0.0,0.0,0.0,0.0,1.95
2967,1.222,0.0,0.0,0.0,0.0,1.95
2968,1.2225,0.5,0.1,0.0,0.0015,1.95
2969,1.2225,0.5,0.1,0.0,0.0015,1.95
2970,1.2225,0.5,0.1,0.0,0.0015,1.95
2971,1.222,0.0,0.0,0.0,0.0,1.95
2972,1.222,0.0,0.0,0.0,0.0,1.95
2973,1.222,0.0,0.0,0.0,0.0,1.95
2974,1.2225,0.5,0.1,0.0,0.0015,1.95
2975,1.222,0.0,0.0,0.0,0.0,1.95
2976,1.222,0.0,0.0,0.0,0.0,1.95
2977,1.222,0.0,0.0,0.0,0.0,1.95
2978,1.2225,0.5,0.1,0.0,0.0015,1.95
2979,1.222,0.0,0.0,0.0,0.0,1.95
2980,1.2225,0.5,0.1,0.0,0.0015,1.95
2981,1.222,0.0,0.0,0.0,0.0,1.95
2982,1.2225,0.5,0.1,0.0,0.0015,1.95
2983,1.2225,0.5,0.1,0.0,0.0015,1.95
2984,1.2225,0.5,0.1,0.0,0.0015,1.95
2985,1.222,0.0,0.0,0.0,0.0,1.95
2986,1.2225,0.5,0.1,0.0,0.0015,1.95
2987,1.222,0.0,0.0,0.0,0.0,1.95
2988,1.222,0.0,0.0,0.0,0.0,1.95
2989,1.2225,0.5,0.1,0.0,0.0015,1.95
2990,1.2225,0.5,0.1,0.0,0.0015,1.95
2991,1.222,0.0,0.0,0.0,0.0,1.95
2992,1.2225,0.5,0.1,0.0,0.0015,1.95
2993,1.222,0.0,0.0,0.0,0.0,1.95
2994,1.222,0.0,0.0,0.0,0.0,1.95
2995,1.2225,0.5,0.1,0.0,0.0015,1.95
2996,1.2225,0.5,0.1,0.0,0.0015,1.95
2997,1.222,0.0,0.0,0.0,0.0,1.95
2998,1.2225,0.5,0.1,0.0,0.0015,1.95
2999,1.222,0.0,0.0,0.0,0.0,1.95
3000,1.2225,0.5,0.1,0.0,0.0015,1.95
3001,1.222,0.0,0.0,0.0,0.0,1.95
3002,1.222,0.0,0.0,0.0,0.0,1.95
3003,1.222,0.0,0.0,0.0,0.0,1.95
3004,1.222,0.0,0.0,0.0,0.0,1.95
3005,1.222,0.0,0.0,0.0,0.0,1.95
3006,1.222,0.0,0.0,0.0,0.0,1.95
3007,1.2225,0.5,0.1,0.0,0.0015,1.95
3008,1.2225,0.5,0.1,0.0,0.0015,1.95
3009,1.222,0.0,0.0,0.0,0.0,1.95
3010,1.222,0.0,0.0,0.0,0.0,1.95
3011,1.222,0.0,0.0,0.0,0.0,1.95
3012,1.222,0.0,0.0,0.0,0.0,1.95
3013,1.2225,0.5,0.1,0.0,0.0015,1.95
3014,1.222,0.0,0.0,0.0,0.0,1.95
3015,1.2225,0.5,0.1,0.0,0.0015,1.95
3016,1.2225,0.5,0.1,0.0,0.0015,1.95
3017,1.222,0.0,0.0,0.0,0.0,1.95
3018,1.2225,0.5,0.1,0.0,0.0015,1.95
3019,1.222,0.0,0.0,0.0,0.0,1.95
3020,1.2225,0.5,0.1,0.0,0.0015,1.95
3021,1.222,0.0,0.0,0.0,0.0,1.95
3022,1.222,0.0,0.0,0.0,0.0,1.95
3023,1.222,0.0,0.0,0.0,0.0,1.95
3024,1.222,0.0,0.0,0.0,0.0,1.95
3025,1.222,0.0,0.0,0.0,0.0,1.95
3026,1.222,0.0,0.0,0.0,0.0,1.95
3027,1.222,0.0,0.0,0.0,0.0,1.95
3028,1.222,0.0,0.0,0.0,0.0,1.95
3029,1.222,0.0,0.0,0.0,0.0,1.95
3030,1.2225,0.5,0.1,0.0,0.0015,1.95
3031,1.2225,0.5,0.1,0.0,0.0015,1.95
3032,1.2225,0.5,0.1,0.0,0.0015,1.95
3033,1.222,0.0,0.0,0.0,0.0,1.95
3034,1.2225,0.5,0.1,0.0,0.0015,1.95
3035,1.2225,0.5,0.1,0.0,0.0015,1.95
3036,1.222,0.0,0.0,0.0,0.0,1.95
3037,1.222,0.0,0.0,0.0,0.0,1.95
3038,1.222,0.0,0.0,0.0,0.0,1.95
3039,1.2225,0.5,0.1,0.0,0.0015,1.95
3040,1.2225,0.5,0.1,0.0,0.0015,1.95
3041,1.222,0.0,0.0,0.0,0.0,1.95
3042,1.2225,0.5,0.1,0.0,0.0015,1.95
3043,1.222,0.0,0.0,0.0,0.0,1.95
3044,1.222,0.0,0.0,0.0,0.0,1.95
3045,1.2225,0.5,0.1,0.0,0.0015,1.95
3046,1.2225,0.5,0.1,0.0,0.0015,1.95
3047,1.222,0.0,0.0,0.0,0.0,1.95
3048,1.222,0.0,0.0,0.0,0.0,1.95
3049,1.2225,0.5,0.1,0.0,0.0015,1.95
3050,1.222,0.0,0.0,0.0,0.0,1.95
3051,1.222,0.0,0.0,0.0,0.0,1.95
3052,1.222,0.0,0.0,0.0,0.0,1.95
3053,1.2225,0.5,0.1,0.0,0.0015,1.95
3054,1.2225,0.5,0.1,0.0,0.0015,1.95
3055,1.222,0.0,0.0,0.0,0.0,1.95
3056,1.222,0.0,0.0,0.0,0.0,1.95
3057,1.2225,0.5,0.1,0.0,0.0015,1.95
3058,1.2225,0.5,0.1,0.0,0.0015,1.95
3059,1.222,0.0,0.0,0.0,0.0,1.95
3060,1.222,0.0,0.0,0.0,0.0,1.95
3061,1.222,0.0,0.0,0.0,0.0,1.95
3062,1.222,0.0,0.0,0.0,0.0,1.95
3063,1.222,0.0,0.0,0.0,0.0,1.95
3064,1.222,0.0,0.0,0.0,0.0,1.95
3065,1.2225,0.5,0.1,0.0,0.0015,1.95
3066,1.2225,0.5,0.1,0.0,0.0015,1.95
3067,1.2225,0.5,0.1,0.0,0.0015,1.95
3068,1.2225,0.5,0.1,0.0,0.0015,1.95
3069,1.222,0.0,0.0,0.0,0.0,1.95
3070,1.222,0.0,0.0,0.0,0.0,1.95
3071,1.222,0.0,0.0,0.0,0.0,1.95
3072,1.222,0.0,0.0,0.0,0.0,1.95
3073,1.2225,0.5,0.1,0.0,0.0015,1.95
3074,1.222,0.0,0.0,0.0,0.0,1.95
3075,1.2225,0.5,0.1,0.0,0.0015,1.95
3076,1.2225,0.5,0.1,0.0,0.0015,1.95
3077,1.2225,0.5,0.1,0.0,0.0015,1.95
3078,1.2225,0.5,0.1,0.0,0.0015,1.95
3079,1.222,0.0,0.0,0.0,0.0,1.95
3080,1.2225,0.5,0.1,0.0,0.0015,1.95
3081,1.2225,0.5,0.1,0.0,0.0015,1.95
3082,1.2225,0.5,0.1,0.0,0.0015,1.95
3083,1.2225,0.5,0.1,0.0,0.0015,1.95
3084,1.2225,0.5,0.1,0.0,0.0015,1.95
3085,1.222,0.0,0.0,0.0,0.0,1.95
3086,1.222,0.0,0.0,0.0,0.0,1.95
3087,1.2225,0.5,0.1,0.0,0.0015,1.95
3088,1.222,0.0,0.0,0.0,0.0,1.95
3089,1.2225,0.5,0.1,0.0,0.0015,1.95
3090,1.222,0.0,0.0,0.0,0.0,1.95
3091,1.222,0.0,0.0,0.0,0.0,1.95
3092,1.2225,0.5,0.1,0.0,0.0015,1.95
3093,1.2225,0.5,0.1,0.0,0.0015,1.95
3094,1.2225,0.5,0.1,0.0,0.0015,1.95
3095,1.222,0.0,0.0,0.0,0.0,1.95
3096,1.222,0.0,0.0,0.0,0.0,1.95
3097,1.2225,0.5,0.1,0.0,0.0015,1.95
3098,1.222,0.0,0.0,0.0,0.0,1.95
3099,1.2225,0.5,0.1,0.0,0.0015,1.95
3100,1.222,0.0,0.0,0.0,0.0,1.95
3101,1.2225,0.5,0.1,0.0,0.0015,1.95
3102,1.222,0.0,0.0,0.0,0.0,1.95
3103,1.2225,0.5,0.1,0.0,0.0015,1.95
3104,1.222,0.0,0.0,0.0,0.0,1.95
3105,1.222,0.0,0.0,0.0,0.0,1.95
3106,1.2225,0.5,0.1,0.0,0.0015,1.95
3107,1.222,0.0,0.0,0.0,0.0,1.95
3108,1.2225,0.5,0.1,0.0,0.0015,1.95
3109,1.2225,0.5,0.1,0.0,0.0015,1.95
3110,1.2225,0.5,0.1,0.0,0.0015,1.95
3111,1.2225,0.5,0.1,0.0,0.0015,1.95
3112,1.2225,0.5,0.1,0.0,0.0015,1.95
3113,1.2225,0.5,0.1,0.0,0.0015,1.95
3114,1.222,0.0,0.0,0.0,0.0,1.95
3115,1.222,0.0,0.0,0.0,0.0,1.95
3116,1.2225,0.5,0.1,0.0,0.0015,1.95
3117,1.2225,0.5,0.1,0.0,0.0015,1.95
3118,1.2225,0.5,0.1,0.0,0.0015,1.95
3119,1.222,0.0,0.0,0.0,0.0,1.95
3120,1.222,0.0,0.0,0.0,0.0,1.95
3121,1.2225,0.5,0.1,0.0,0.0015,1.95
3122,1.2225,0.5,0.1,0.0,0.0015,1.95
3123,1.2225,0.5,0.1,0.0,0.0015,1.95
3124,1.2225,0.5,0.1,0.0,0.0015,1.95
3125,1.222,0.0,0.0,0.0,0.0,1.95
3126,1.2225,0.5,0.1,0.0,0.0015,1.95
3127,1.2225,0.5,0.1,0.0,0.0015,1.95
3128,1.2225,0.5,0.1,0.0,0.0015,1.95
3129,1.222,0.0,0.0,0.0,0.0,1.95
3130,1.2225,0.5,0.1,0.0,0.0015,1.95
3131,1.2225,0.5,0.1,0.0,0.0015,1.95
3132,1.222,0.0,0.0,0.0,0.0,1.95
3133,1.2225,0.5,0.1,0.0,0.0015,1.95
3134,1.2225,0.5,0.1,0.0,0.0015,1.95
3135,1.2225,0.5,0.1,0.0,0.0015,1.95
3136,1.2225,0.5,0.1,0.0,0.0015,1.95
3137,1.222,0.0,0.0,0.0,0.0,1.95
3138,1.222,0.0,0.0,0.0,0.0,1.95
3139,1.2225,0.5,0.1,0.0,0.0015,1.95
3140,1.222,0.0,0.0,0.0,0.0,1.95
3141,1.2225,0.5,0.1,0.0,0.0015,1.95
3142,1.222,0.0,0.0,0.0,0.0,1.95
3143,1.222,0.0,0.0,0.0,0.0,1.95
3144,1.222,0.0,0.0,0.0,0.0,1.95
3145,1.2225,0.5,0.1,0.0,0.0015,1.95
3146,1.222,0.0,0.0,0.0,0.0,1.95
3147,1.222,0.0,0.0,0.0,0.0,1.95
3148,1.222,0.0,0.0,0.0,0.0,1.95
3149,1.2225,0.5,0.1,0.0,0.0015,1.95
3150,1.2225,0.5,0.1,0.0,0.0015,1.95
3151,1.222,0.0,0.0,0.0,0.0,1.95
3152,1.2225,0.5,0.1,0.0,0.0015,1.95
3153,1.2225,0.5,0.1,0.0,0.0015,1.95
3154,1.222,0.0,0.0,0.0,0.0,1.95
3155,1.222,0.0,0.0,0.0,0.0,1.95
3156,1.2225,0.5,0.1,0.0,0.0015,1.95
3157,1.2225,0.5,0.1,0.0,0.0015,1.95
3158,1.222,0.0,0.0,0.0,0.0,1.95
3159,1.222,0.0,0.0,0.0,0.0,1.95
3160,1.2225,0.5,0.1,0.0,0.0015,1.95
3161,1.222,0.0,0.0,0.0,0.0,1.95
3162,1.222,0.0,0.0,0.0,0.0,1.95
3163,1.2225,0.5,0.1,0.0,0.0015,1.95
3164,1.2225,0.5,0.1,0.0,0.0015,1.95
3165,1.2225,0.5,0.1,0.0,0.0015,1.95
3166,1.2225,0.5,0.1,0.0,0.0015,1.95
3167,1.2225,0.5,0.1,0.0,0.0015,1.95
3168,1.222,0.0,0.0,0.0,0.0,1.95
3169,1.222,0.0,0.0,0.0,0.0,1.95
3170,1.222,0.0,0.0,0.0,0.0,1.95
3171,1.2225,0.5,0.1,0.0,0.0015,1.95
3172,1.222,0.0,0.0,0.0,0.0,1.95
3173,1.2225,0.5,0.1,0.0,0.0015,1.95
3174,1.2225,0.5,0.1,0.0,0.0015,1.95
3175,1.222,0.0,0.0,0.0,0.0,1.95
3176,1.2225,0.5,0.1,0.0,0.0015,1.95
3177,1.2225,0.5,0.1,0.0,0.0015,1.95
3178,1.222,0.0,0.0,0.0,0.0,1.95
3179,1.222,0.0,0.0,0.0,0.0,1.95
3180,1.2225,0.5,0.1,0.0,0.0015,1.95
3181,1.2225,0.5,0.1,0.0,0.0015,1.95
3182,1.2225,0.5,0.1,0.0,0.0015,1.95
3183,1.222,0.0,0.0,0.0,0.0,1.95
3184,1.222,0.0,0.0,0.0,0.0,1.95
3185,1.222,0.0,0.0,0.0,0.0,1.95
3186,1.2225,0.5,0.1,0.0,0.0015,1.95
3187,1.2225,0.5,0.1,0.0,0.0015,1.95
3188,1.2225,0.5,0.1,0.0,0.0015,1.95
3189,1.222,0.0,0.0,0.0,0.0,1.95
3190,1.222,0.0,0.0,0.0,0.0,1.95
3191,1.222,0.0,0.0,0.0,0.0,1.95
3192,1.222,0.0,0.0,0.0,0.0,1.95
3193,1.2225,0.5,0.1,0.0,0.0015,1.95
3194,1.2225,0.5,0.1,0.0,0.0015,1.95
3195,1.2225,0.5,0.1,0.0,0.0015,1.95
3196,1.222,0.0,0.0,0.0,0.0,1.95
3197,1.2225,0.5,0.1,0.0,0.0015,1.95
3198,1.2225,0.5,0.1,0.0,0.0015,1.95
3199,1.222,0.0,0.0,0.0,0.0,1.95
3200,1.2225,0.5,0.1,0.0,0.0015,1.95
3201,1.222,0.0,0.0,0.0,0.0,1.95
3202,1.222,0.0,0.0,0.0,0.0,1.95
3203,1.2225,0.5,0.1,0.0,0.0015,1.95
3204,1.222,0.0,0.0,0.0,0.0,1.95
3205,1.2225,0.5,0.1,0.0,0.0015,1.95
3206,1.2225,0.5,0.1,0.0,0.0015,1.95
3207,1.222,0.0,0.0,0.0,0.0,1.95
3208,1.222,0.0,0.0,0.0,0.0,1.95
3209,1.2225,0.5,0.1,0.0,0.0015,1.95
3210,1.222,0.0,0.0,0.0,0.0,1.95
3211,1.222,0.0,0.0,0.0,0.0,1.95
3212,1.222,0.0,0.0,0.0,0.0,1.95
3213,1.2225,0.5,0.1,0.0,0.0015,1.95
3214,1.222,0.0,0.0,0.0,0.0,1.95
3215,1.2225,0.5,0.1,0.0,0.0015,1.95
3216,1.222,0.0,0.0,0.0,0.0,1.95
3217,1.2225,0.5,0.1,0.0,0.0015,1.95
3218,1.2225,0.5,0.1,0.0,0.0015,1.95
3219,1.2225,0.5,0.1,0.0,0.0015,1.95
3220,1.2225,0.5,0.1,0.0,0.0015,1.95
3221,1.2225,0.5,0.1,0.0,0.0015,1.95
3222,1.222,0.0,0.0,0.0,0.0,1.95
3223,1.2225,0.5,0.1,0.0,0.0015,1.95
3224,1.2225,0.5,0.1,0.0,0.0015,1.95
3225,1.222,0.0,0.0,0.0,0.0,1.95
3226,1.2225,0.5,0.1,0.0,0.0015,1.95
3227,1.222,0.0,0.0,0.0,0.0,1.95
3228,1.222,0.0,0.0,0.0,0.0,1.95
3229,1.2225,0.5,0.1,0.0,0.0015,1.95
3230,1.222,0.0,0.0,0.0,0.0,1.95
3231,1.222,0.0,0.0,0.0,0.0,1.95
3232,1.222,0.0,0.0,0.0,0.0,1.95
3233,1.222,0.0,0.0,0.0,0.0,1.95
3234,1.222,0.0,0.0,0.0,0.0,1.95
3235,1.222,0.0,0.0,0.0,0.0,1.95
3236,1.222,0.0,0.0,0.0,0.0,1.95
3237,1.222,0.0,0.0,0.0,0.0,1.95
3238,1.2225,0.5,0.1,0.0,0.0015,1.95
3239,1.222,0.0,0.0,0.0,0.0,1.95
3240,1.2225,0.5,0.1,0.0,0.0015,1.95
3241,1.2225,0.5,0.1,0.0,0.0015,1.95
3242,1.222,0.0,0.0,0.0,0.0,1.95
3243,1.222,0.0,0.0,0.0,0.0,1.95
3244,1.222,0.0,0.0,0.0,0.0,1.95
3245,1.2225,0.5,0.1,0.0,0.0015,1.95
3246,1.222,0.0,0.0,0.0,0.0,1.95
3247,1.2225,0.5,0.1,0.0,0.0015,1.95
3248,1.222,0.0,0.0,0.0,0.0,1.95
3249,1.2225,0.5,0.1,0.0,0.0015,1.95
3250,1.2225,0.5,0.1,0.0,0.0015,1.95
3251,1.222,0.0,0.0,0.0,0.0,1.95
3252,1.222,0.0,0.0,0.0,0.0,1.95
3253,1.222,0.0,0.0,0.0,0.0,1.95
3254,1.222,0.0,0.0,0.0,0.0,1.95
3255,1.2225,0.5,0.1,0.0,0.0015,1.95
3256,1.2225,0.5,0.1,0.0,0.0015,1.95
3257,1.2225,0.5,0.1,0.0,0.0015,1.95
3258,1.222,0.0,0.0,0.0,0.0,1.95
3259,1.222,0.0,0.0,0.0,0.0,1.95
3260,1.222,0.0,0.0,0.0,0.0,1.95
3261,1.2225,0.5,0.1,0.0,0.0015,1.95
3262,1.222,0.0,0.0,0.0,0.0,1.95
3263,1.222,0.0,0.0,0.0,0.0,1.95
3264,1.222,0.0,0.0,0.0,0.0,1.95
3265,1.2225,0.5,0.1,0.0,0.0015,1.95
3266,1.2225,0.5,0.1,0.0,0.0015,1.95
3267,1.2225,0.5,0.1,0.0,0.0015,1.95
3268,1.2225,0.5,0.1,0.0,0.0015,1.95
3269,1.2225,0.5,0.1,0.0,0.0015,1.95
3270,1.222,0.0,0.0,0.0,0.0,1.95
3271,1.222,0.0,0.0,0.0,0.0,1.95
3272,1.2225,0.5,0.1,0.0,0.0015,1.95
3273,1.222,0.0,0.0,0.0,0.0,1.95
3274,1.2225,0.5,0.1,0.0,0.0015,1.95
3275,1.2225,0.5,0.1,0.0,0.0015,1.95
3276,1.222,0.0,0.0,0.0,0.0,1.95
3277,1.222,0.0,0.0,0.0,0.0,1.95
3278,1.2225,0.5,0.1,0.0,0.0015,1.95
3279,1.2225,0.5,0.1,0.0,0.0015,1.95
3280,1.2225,0.5,0.1,0.0,0.0015,1.95
3281,1.2225,0.5,0.1,0.0,0.0015,1.95
3282,1.222,0.0,0.0,0.0,0.0,1.95
3283,1.2225,0.5,0.1,0.0,0.0015,1.95
3284,1.222,0.0,0.0,0.0,0.0,1.95
3285,1.222,0.0,0.0,0.0,0.0,1.95
3286,1.222,0.0,0.0,0.0,0.0,1.95
3287,1.2225,0.5,0.1,0.0,0.0015,1.95
3288,1.2225,0.5,0.1,0.0,0.0015,1.95
3289,1.222,0.0,0.0,0.0,0.0,1.95
3290,1.222,0.0,0.0,0.0,0.0,1.95
3291,1.222,0.0,0.0,0.0,0.0,1.95
3292,1.222,0.0,0.0,0.0,0.0,1.95
3293,1.222,0.0,0.0,0.0,0.0,1.95
3294,1.222,0.0,0.0,0.0,0.0,1.95
3295,1.2225,0.5,0.1,0.0,0.0015,1.95
3296,1.222,0.0,0.0,0.0,0.0,1.95
3297,1.2225,0.5,0.1,0.0,0.0015,1.95
3298,1.222,0.0,0.0,0.0,0.0,1.95
3299,1.222,0.0,0.0,0.0,0.0,1.95
3300,1.222,0.0,0.0,0.0,0.0,1.95
3301,1.2225,0.5,0.1,0.0,0.0015,1.95
3302,1.222,0.0,0.0,0.0,0.0,1.95
3303,1.2225,0.5,0.1,0.0,0.0015,1.95
3304,1.222,0.0,0.0,0.0,0.0,1.95
3305,1.2225,0.5,0.1,0.0,0.0015,1.95
3306,1.2225,0.5,0.1,0.0,0.0015,1.95
3307,1.2225,0.5,0.1,0.0,0.0015,1.95
3308,1.2225,0.5,0.1,0.0,0.0015,1.95
3309,1.222,0.0,0.0,0.0,0.0,1.95
3310,1.2225,0.5,0.1,0.0,0.0015,1.95
3311,1.222,0.0,0.0,0.0,0.0,1.95
3312,1.222,0.0,0.0,0.0,0.0,1.95
3313,1.222,0.0,0.0,0.0,0.0,1.95
3314,1.2225,0.5,0.1,0.0,0.0015,1.95
3315,1.222,0.0,0.0,0.0,0.0,1.95
3316,1.222,0.0,0.0,0.0,0.0,1.95
3317,1.2225,0.5,0.1,0.0,0.0015,1.95
3318,1.2225,0.5,0.1,0.0,0.0015,1.95
3319,1.2225,0.5,0.1,0.0,0.0015,1.95
3320,1.222,0.0,0.0,0.0,0.0,1.95
3321,1.2225,0.5,0.1,0.0,0.0015,1.95
3322,1.2225,0.5,0.1,0.0,0.0015,1.95
3323,1.222,0.0,0.0,0.0,0.0,1.95
3324,1.222,0.0,0.0,0.0,0.0,1.95
3325,1.2225,0.5,0.1,0.0,0.0015,1.95
3326,1.2225,0.5,0.1,0.0,0.0015,1.95
3327,1.2225,0.5,0.1,0.0,0.0015,1.95
3328,1.2225,0.5,0.1,0.0,0.0015,1.95
3329,1.222,0.0,0.0,0.0,0.0,1.95
3330,1.222,0.0,0.0,0.0,0.0,1.95
3331,1.222,0.0,0.0,0.0,0.0,1.95
3332,1.2225,0.5,0.1,0.0,0.0015,1.95
3333,1.2225,0.5,0.1,0.0,0.0015,1.95
3334,1.2225,0.5,0.1,0.0,0.0015,1.95
3335,1.222,0.0,0.0,0.0,0.0,1.95
3336,1.2225,0.5,0.1,0.0,0.0015,1.95
3337,1.222,0.0,0.0,0.0,0.0,1.95
3338,1.222,0.0,0.0,0.0,0.0,1.95
3339,1.2225,0.5,0.1,0.0,0.0015,1.95
3340,1.222,0.0,0.0,0.0,0.0,1.95
3341,1.222,0.0,0.0,0.0,0.0,1.95
3342,1.2225,0.5,0.1,0.0,0.0015,1.95
3343,1.2225,0.5,0.1,0.0,0.0015,1.95
3344,1.2225,0.5,0.1,0.0,0.0015,1.95
3345,1.222,0.0,0.0,0.0,0.0,1.95
3346,1.2225,0.5,0.1,0.0,0.0015,1.95
3347,1.2225,0.5,0.1,0.0,0.0015,1.95
3348,1.2225,0.5,0.1,0.0,0.0015,1.95
3349,1.2225,0.5,0.1,0.0,0.0015,1.95
3350,1.2225,0.5,0.1,0.0,0.0015,1.95
3351,1.222,0.0,0.0,0.0,0.0,1.95
3352,1.222,0.0,0.0,0.0,0.0,1.95
3353,1.2225,0.5,0.1,0.0,0.0015,1.95
3354,1.222,0.0,0.0,0.0,0.0,1.95
3355,1.222,0.0,0.0,0.0,0.0,1.95
3356,1.222,0.0,0.0,0.0,0.0,1.95
3357,1.2225,0.5,0.1,0.0,0.0015,1.95
3358,1.222,0.0,0.0,0.0,0.0,1.95
3359,1.222,0.0,0.0,0.0,0.0,1.95
3360,1.2225,0.5,0.1,0.0,0.0015,1.95
3361,1.2225,0.5,0.1,0.0,0.0015,1.95
3362,1.2225,0.5,0.1,0.0,0.0015,1.95
3363,1.2225,0.5,0.1,0.0,0.0015,1.95
3364,1.2225,0.5,0.1,0.0,0.0015,1.95
3365,1.2225,0.5,0.1,0.0,0.0015,1.95
3366,1.222,0.0,0.0,0.0,0.0,1.95
3367,1.222,0.0,0.0,0.0,0.0,1.95
3368,1.2225,0.5,0.1,0.0,0.0015,1.95
3369,1.2225,0.5,0.1,0.0,0.0015,1.95
3370,1.2225,0.5,0.1,0.0,0.0015,1.95
3371,1.2225,0.5,0.1,0.0,0.0015,1.95
3372,1.2225,0.5,0.1,0.0,0.0015,1.95
3373,1.2225,0.5,0.1,0.0,0.0015,1.95
3374,1.222,0.0,0.0,0.0,0.0,1.95
3375,1.2225,0.5,0.1,0.0,0.0015,1.95
3376,1.222,0.0,0.0,0.0,0.0,1.95
3377,1.222,0.0,0.0,0.0,0.0,1.95
3378,1.2225,0.5,0.1,0.0,0.0015,1.95
3379,1.2225,0.5,0.1,0.0,0.0015,1.95
3380,1.2225,0.5,0.1,0.0,0.0015,1.95
3381,1.222,0.0,0.0,0.0,0.0,1.95
3382,1.2225,0.5,0.1,0.0,0.0015,1.95
3383,1.222,0.0,0.0,0.0,0.0,1.95
3384,1.222,0.0,0.0,0.0,0.0,1.95
3385,1.222,0.0,0.0,0.0,0.0,1.95
3386,1.222,0.0,0.0,0.0,0.0,1.95
3387,1.2225,0.5,0.1,0.0,0.0015,1.95
3388,1.222,0.0,0.0,0.0,0.0,1.95
3389,1.2225,0.5,0.1,0.0,0.0015,1.95
3390,1.222,0.0,0.0,0.0,0.0,1.95
3391,1.222,0.0,0.0,0.0,0.0,1.95
3392,1.2225,0.5,0.1,0.0,0.0015,1.95
3393,1.222,0.0,0.0,0.0,0.0,1.95
3394,1.2225,0.5,0.1,0.0,0.0015,1.95
3395,1.2225,0.5,0.1,0.0,0.0015,1.95
3396,1.2225,0.5,0.1,0.0,0.0015,1.95
3397,1.222,0.0,0.0,0.0,0.0,1.95
3398,1.222,0.0,0.0,0.0,0.0,1.95
3399,1.222,0.0,0.0,0.0,0.0,1.95
3400,1.2225,0.5,0.1,0.0,0.0015,1.95
3401,1.2225,0.5,0.1,0.0,0.0015,1.95
3402,1.222,0.0,0.0,0.0,0.0,1.95
3403,1.222,0.0,0.0,0.0,0.0,1.95
3404,1.2225,0.5,0.1,0.0,0.0015,1.95
3405,1.222,0.0,0.0,0.0,0.0,1.95
3406,1.222,0.0,0.0,0.0,0.0,1.95
3407,1.222,0.0,0.0,0.0,0.0,1.95
3408,1.222,0.0,0.0,0.0,0.0,1.95
3409,1.222,0.0,0.0,0.0,0.0,1.95
3410,1.2225,0.5,0.1,0.0,0.0015,1.95
3411,1.222,0.0,0.0,0.0,0.0,1.95
3412,1.2225,0.5,0.1,0.0,0.0015,1.95
3413,1.222,0.0,0.0,0.0,0.0,1.95
3414,1.222,0.0,0.0,0.0,0.0,1.95
3415,1.222,0.0,0.0,0.0,0.0,1.95
3416,1.2225,0.5,0.1,0.0,0.0015,1.95
3417,1.2225,0.5,0.1,0.0,0.0015,1.95
3418,1.222,0.0,0.0,0.0,0.0,1.95
3419,1.222,0.0,0.0,0.0,0.0,1.95
3420,1.222,0.0,0.0,0.0,0.0,1.95
3421,1.222,0.0,0.0,0.0,0.0,1.95
3422,1.2225,0.5,0.1,0.0,0.0015,1.95
3423,1.2225,0.5,0.1,0.0,0.0015,1.95
3424,1.222,0.0,0.0,0.0,0.0,1.95
3425,1.222,0.0,0.0,0.0,0.0,1.95
3426,1.222,0.0,0.0,0.0,0.0,1.95
3427,1.2225,0.5,0.1,0.0,0.0015,1.95
3428,1.222,0.0,0.0,0.0,0.0,1.95
3429,1.222,0.0,0.0,0.0,0.0,1.95
3430,1.2225,0.5,0.1,0.0,0.0015,1.95
3431,1.222,0.0,0.0,0.0,0.0,1.95
3432,1.2225,0.5,0.1,0.0,0.0015,1.95
3433,1.2225,0.5,0.1,0.0,0.0015,1.95
3434,1.222,0.0,0.0,0.0,0.0,1.95
3435,1.222,0.0,0.0,0.0,0.0,1.95
3436,1.222,0.0,0.0,0.0,0.0,1.95
3437,1.2225,0.5,0.1,0.0,0.0015,1.95
3438,1.2225,0.5,0.1,0.0,0.0015,1.95
3439,1.222,0.0,0.0,0.0,0.0,1.95
3440,1.222,0.0,0.0,0.0,0.0,1.95
3441,1.2225,0.5,0.1,0.0,0.0015,1.95
3442,1.2225,0.5,0.1,0.0,0.0015,1.95
3443,1.222,0.0,0.0,0.0,0.0,1.95
3444,1.222,0.0,0.0,0.0,0.0,1.95
3445,1.2225,0.5,0.1,0.0,0.0015,1.95
3446,1.2225,0.5,0.1,0.0,0.0015,1.95
3447,1.222,0.0,0.0,0.0,0.0,1.95
3448,1.2225,0.5,0.1,0.0,0.0015,1.95
3449,1.2225,0.5,0.1,0.0,0.0015,1.95
3450,1.222,0.0,0.0,0.0,0.0,1.95
3451,1.222,0.0,0.0,0.0,0.0,1.95
3452,1.2225,0.5,0.1,0.0,0.0015,1.95
3453,1.222,0.0,0.0,0.0,0.0,1.95
3454,1.2225,0.5,0.1,0.0,0.0015,1.95
3455,1.222,0.0,0.0,0.0,0.0,1.95
3456,1.222,0.0,0.0,0.0,0.0,1.95
3457,1.222,0.0,0.0,0.0,0.0,1.95
3458,1.2225,0.5,0.1,0.0,0.0015,1.95
3459,1.2225,0.5,0.1,0.0,0.0015,1.95
3460,1.2225,0.5,0.1,0.0,0.0015,1.95
3461,1.2225,0.5,0.1,0.0,0.0015,1.95
3462,1.222,0.0,0.0,0.0,0.0,1.95
3463,1.222,0.0,0.0,0.0,0.0,1.95
3464,1.222,0.0,0.0,0.0,0.0,1.95
3465,1.2225,0.5,0.1,0.0,0.0015,1.95
3466,1.2225,0.5,0.1,0.0,0.0015,1.95
3467,1.222,0.0,0.0,0.0,0.0,1.95
3468,1.2225,0.5,0.1,0.0,0.0015,1.95
3469,1.222,0.0,0.0,0.0,0.0,1.95
3470,1.222,0.0,0.0,0.0,0.0,1.95
3471,1.222,0.0,0.0,0.0,0.0,1.95
3472,1.222,0.0,0.0,0.0,0.0,1.95
3473,1.2225,0.5,0.1,0.0,0.0015,1.95
3474,1.2225,0.5,0.1,0.0,0.0015,1.95
3475,1.222,0.0,0.0,0.0,0.0,1.95
3476,1.2225,0.5,0.1,0.0,0.0015,1.95
3477,1.2225,0.5,0.1,0.0,0.0015,1.95
3478,1.222,0.0,0.0,0.0,0.0,1.95
3479,1.222,0.0,0.0,0.0,0.0,1.95
3480,1.222,0.0,0.0,0.0,0.0,1.95
3481,1.222,0.0,0.0,0.0,0.0,1.95
3482,1.222,0.0,0.0,0.0,0.0,1.95
3483,1.2225,0.5,0.1,0.0,0.0015,1.95
3484,1.222,0.0,0.0,0.0,0.0,1.95
3485,1.2225,0.5,0.1,0.0,0.0015,1.95
3486,1.2225,0.5,0.1,0.0,0.0015,1.95
3487,1.222,0.0,0.0,0.0,0.0,1.95
3488,1.222,0.0,0.0,0.0,0.0,1.95
3489,1.2225,0.5,0.1,0.0,0.0015,1.95
3490,1.222,0.0,0.0,0.0,0.0,1.95
3491,1.222,0.0,0.0,0.0,0.0,1.95
3492,1.222,0.0,0.0,0.0,0.0,1.95
3493,1.2225,0.5,0.1,0.0,0.0015,1.95
3494,1.222,0.0,0.0,0.0,0.0,1.95
3495,1.2225,0.5,0.1,0.0,0.0015,1.95
3496,1.222,0.0,0.0,0.0,0.0,1.95
3497,1.2225,0.5,0.1,0.0,0.0015,1.95
3498,1.222,0.0,0.0,0.0,0.0,1.95
3499,1.222,0.0,0.0,0.0,0.0,1.95
3500,1.2225,0.5,0.1,0.0,0.0015,1.95
3501,1.222,0.0,0.0,0.0,0.0,1.95
3502,1.222,0.0,0.0,0.0,0.0,1.95
3503,1.2225,0.5,0.1,0.0,0.0015,1.95
3504,1.222,0.0,0.0,0.0,0.0,1.95
3505,1.2225,0.5,0.1,0.0,0.0015,1.95
3506,1.222,0.0,0.0,0.0,0.0,1.95
3507,1.222,0.0,0.0,0.0,0.0,1.95
3508,1.222,0.0,0.0,0.0,0.0,1.95
3509,1.2225,0.5,0.1,0.0,0.0015,1.95
3510,1.2225,0.5,0.1,0.0,0.0015,1.95
3511,1.222,0.0,0.0,0.0,0.0,1.95
3512,1.222,0.0,0.0,0.0,0.0,1.95
3513,1.2225,0.5,0.1,0.0,0.0015,1.95
3514,1.222,0.0,0.0,0.0,0.0,1.95
3515,1.2225,0.5,0.1,0.0,0.0015,1.95
3516,1.222,0.0,0.0,0.0,0.0,1.95
3517,1.2225,0.5,0.1,0.0,0.0015,1.95
3518,1.222,0.0,0.0,0.0,0.0,1.95
3519,1.2225,0.5,0.1,0.0,0.0015,1.95
3520,1.222,0.0,0.0,0.0,0.0,1.95
3521,1.222,0.0,0.0,0.0,0.0,1.95
3522,1.2225,0.5,0.1,0.0,0.0015,1.95
3523,1.2225,0.5,0.1,0.0,0.0015,1.95
3524,1.2225,0.5,0.1,0.0,0.0015,1.95
3525,1.2225,0.5,0.1,0.0,0.0015,1.95
3526,1.2225,0.5,0.1,0.0,0.0015,1.95
3527,1.2225,0.5,0.1,0.0,0.0015,1.95
3528,1.222,0.0,0.0,0.0,0.0,1.95
3529,1.2225,0.5,0.1,0.0,0.0015,1.95
3530,1.222,0.0,0.0,0.0,0.0,1.95
3531,1.222,0.0,0.0,0.0,0.0,1.95
3532,1.222,0.0,0.0,0.0,0.0,1.95
3533,1.222,0.0,0.0,0.0,0.0,1.95
3534,1.222,0.0,0.0,0.0,0.0,1.95
3535,1.222,0.0,0.0,0.0,0.0,1.95
3536,1.222,0.0,0.0,0.0,0.0,1.95
3537,1.222,0.0,0.0,0.0,0.0,1.95
3538,1.2225,0.5,0.1,0.0,0.0015,1.95
3539,1.222,0.0,0.0,0.0,0.0,1.95
3540,1.2225,0.5,0.1,0.0,0.0015,1.95
3541,1.2225,0.5,0.1,0.0,0.0015,1.95
3542,1.222,0.0,0.0,0.0,0.0,1.95
3543,1.222,0.0,0.0,0.0,0.0,1.95
3544,1.2225,0.5,0.1,0.0,0.0015,1.95
3545,1.222,0.0,0.0,0.0,0.0,1.95
3546,1.2225,0.5,0.1,0.0,0.0015,1.95
3547,1.222,0.0,0.0,0.0,0.0,1.95
3548,1.2225,0.5,0.1,0.0,0.0015,1.95
3549,1.222,0.0,0.0,0.0,0.0,1.95
3550,1.222,0.0,0.0,0.0,0.0,1.95
3551,1.2225,0.5,0.1,0.0,0.0015,1.95
3552,1.2225,0.5,0.1,0.0,0.0015,1.95
3553,1.2225,0.5,0.1,0.0,0.0015,1.95
3554,1.222,0.0,0.0,0.0,0.0,1.95
3555,1.222,0.0,0.0,0.0,0.0,1.95
3556,1.222,0.0,0.0,0.0,0.0,1.95
3557,1.222,0.0,0.0,0.0,0.0,1.95
3558,1.222,0.0,0.0,0.0,0.0,1.95
3559,1.2225,0.5,0.1,0.0,0.0015,1.95
3560,1.222,0.0,0.0,0.0,0.0,1.95
3561,1.222,0.0,0.0,0.0,0.0,1.95
3562,1.222,0.0,0.0,0.0,0.0,1.95
3563,1.222,0.0,0.0,0.0,0.0,1.95
3564,1.222,0.0,0.0,0.0,0.0,1.95
3565,1.2225,0.5,0.1,0.0,0.0015,1.95
3566,1.2225,0.5,0.1,0.0,0.0015,1.95
3567,1.2225,0.5,0.1,0.0,0.0015,1.95
3568,1.222,0.0,0.0,0.0,0.0,1.95
3569,1.2225,0.5,0.1,0.0,0.0015,1.95
3570,1.222,0.0,0.0,0.0,0.0,1.95
3571,1.222,0.0,0.0,0.0,0.0,1.95
3572,1.222,0.0,0.0,0.0,0.0,1.95
3573,1.222,0.0,0.0,0.0,0.0,1.95
3574,1.2225,0.5,0.1,0.0,0.0015,1.95
3575,1.2225,0.5,0.1,0.0,0.0015,1.95
3576,1.222,0.0,0.0,0.0,0.0,1.95
3577,1.2225,0.5,0.1,0.0,0.0015,1.95
3578,1.222,0.0,0.0,0.0,0.0,1.95
3579,1.222,0.0,0.0,0.0,0.0,1.95
3580,1.222,0.0,0.0,0.0,0.0,1.95
3581,1.2225,0.5,0.1,0.0,0.0015,1.95
3582,1.222,0.0,0.0,0.0,0.0,1.95
3583,1.222,0.0,0.0,0.0,0.0,1.95
3584,1.2225,0.5,0.1,0.0,0.0015,1.95
3585,1.222,0.0,0.0,0.0,0.0,1.95
3586,1.222,0.0,0.0,0.0,0.0,1.95
3587,1.222,0.0,0.0,0.0,0.0,1.95
3588,1.2225,0.5,0.1,0.0,0.0015,1.95
3589,1.2225,0.5,0.1,0.0,0.0015,1.95
3590,1.222,0.0,0.0,0.0,0.0,1.95
3591,1.222,0.0,0.0,0.0,0.0,1.95
3592,1.2225,0.5,0.1,0.0,0.0015,1.95
3593,1.222,0.0,0.0,0.0,0.0,1.95
3594,1.2225,0.5,0.1,0.0,0.0015,1.95
3595,1.2225,0.5,0.1,0.0,0.0015,1.95
3596,1.2225,0.5,0.1,0.0,0.0015,1.95
3597,1.2225,0.5,0.1,0.0,0.0015,1.95
3598,1.2225,0.5,0.1,0.0,0.0015,1.95
3599,1.2225,0.5,0.1,0.0,0.0015,1.95
3600,1.2225,0.5,0.1,0.0,0.0015,1.95
3601,1.2225,0.5,0.1,0.0,0.0015,1.95
3602,1.2225,0.5,0.1,0.0,0.0015,1.95
3603,1.2225,0.5,0.1,0.0,0.0015,1.95
3604,1.222,0.0,0.0,0.0,0.0,1.95
3605,1.2225,0.5,0.1,0.0,0.0015,1.95
3606,1.2225,0.5,0.1,0.0,0.0015,1.95
3607,1.2225,0.5,0.1,0.0,0.0015,1.95
3608,1.2225,0.5,0.1,0.0,0.0015,1.95
3609,1.222,0.0,0.0,0.0,0.0,1.95
3610,1.222,0.0,0.0,0.0,0.0,1.95
3611,1.222,0.0,0.0,0.0,0.0,1.95
3612,1.2225,0.5,0.1,0.0,0.0015,1.95
3613,1.2225,0.5,0.1,0.0,0.0015,1.95
3614,1.222,0.0,0.0,0.0,0.0,1.95
3615,1.222,0.0,0.0,0.0,0.0,1.95
3616,1.2225,0.5,0.1,0.0,0.0015,1.95
3617,1.2225,0.5,0.1,0.0,0.0015,1.95
3618,1.2225,0.5,0.1,0.0,0.0015,1.95
3619,1.2225,0.5,0.1,0.0,0.0015,1.95
3620,1.2225,0.5,0.1,0.0,0.0015,1.95
3621,1.222,0.0,0.0,0.0,0.0,1.95
3622,1.222,0.0,0.0,0.0,0.0,1.95
3623,1.222,0.0,0.0,0.0,0.0,1.95
3624,1.222,0.0,0.0,0.0,0.0,1.95
3625,1.222,0.0,0.0,0.0,0.0,1.95
3626,1.222,0.0,0.0,0.0,0.0,1.95
3627,1.222,0.0,0.0,0.0,0.0,1.95
3628,1.2225,0.5,0.1,0.0,0.0015,1.95
3629,1.222,0.0,0.0,0.0,0.0,1.95
3630,1.2225,0.5,0.1,0.0,0.0015,1.95
3631,1.2225,0.5,0.1,0.0,0.0015,1.95
3632,1.2225,0.5,0.1,0.0,0.0015,1.95
3633,1.222,0.0,0.0,0.0,0.0,1.95
3634,1.2225,0.5,0.1,0.0,0.0015,1.95
3635,1.2225,0.5,0.1,0.0,0.0015,1.95
3636,1.222,0.0,0.0,0.0,0.0,1.95
3637,1.2225,0.5,0.1,0.0,0.0015,1.95
3638,1.2225,0.5,0.1,0.0,0.0015,1.95
3639,1.2225,0.5,0.1,0.0,0.0015,1.95
3640,1.2225,0.5,0.1,0.0,0.0015,1.95
3641,1.2225,0.5,0.1,0.0,0.0015,1.95
3642,1.2225,0.5,0.1,0.0,0.0015,1.95
3643,1.222,0.0,0.0,0.0,0.0,1.95
3644,1.222,0.0,0.0,0.0,0.0,1.95
3645,1.2225,0.5,0.1,0.0,0.0015,1.95
3646,1.2225,0.5,0.1,0.0,0.0015,1.95
3647,1.2225,0.5,0.1,0.0,0.0015,1.95
3648,1.2225,0.5,0.1,0.0,0.0015,1.95
3649,1.2225,0.5,0.1,0.0,0.0015,1.95
3650,1.222,0.0,0.0,0.0,0.0,1.95
3651,1.2225,0.5,0.1,0.0,0.0015,1.95
3652,1.2225,0.5,0.1,0.0,0.0015,1.95
3653,1.2225,0.5,0.1,0.0,0.0015,1.95
3654,1.222,0.0,0.0,0.0,0.0,1.95
3655,1.2225,0.5,0.1,0.0,0.0015,1.95
3656,1.222,0.0,0.0,0.0,0.0,1.95
3657,1.222,0.0,0.0,0.0,0.0,1.95
3658,1.2225,0.5,0.1,0.0,0.0015,1.95
3659,1.222,0.0,0.0,0.0,0.0,1.95
3660,1.222,0.0,0.0,0.0,0.0,1.95
3661,1.2225,0.5,0.1,0.0,0.0015,1.95
3662,1.222,0.0,0.0,0.0,0.0,1.95
3663,1.222,0.0,0.0,0.0,0.0,1.95
3664,1.222,0.0,0.0,0.0,0.0,1.95
3665,1.2225,0.5,0.1,0.0,0.0015,1.95
3666,1.222,0.0,0.0,0.0,0.0,1.95
3667,1.2225,0.5,0.1,0.0,0.0015,1.95
3668,1.2225,0.5,0.1,0.0,0.0015,1.95
3669,1.2225,0.5,0.1,0.0,0.0015,1.95
3670,1.2225,0.5,0.1,0.0,0.0015,1.95
3671,1.2225,0.5,0.1,0.0,0.0015,1.95
3672,1.2225,0.5,0.1,0.0,0.0015,1.95
3673,1.2225,0.5,0.1,0.0,0.0015,1.95
3674,1.222,0.0,0.0,0.0,0.0,1.95
3675,1.222,0.0,0.0,0.0,0.0,1.95
3676,1.2225,0.5,0.1,0.0,0.0015,1.95
3677,1.2225,0.5,0.1,0.0,0.0015,1.95
3678,1.222,0.0,0.0,0.0,0.0,1.95
3679,1.222,0.0,0.0,0.0,0.0,1.95
3680,1.222,0.0,0.0,0.0,0.0,1.95
3681,1.222,0.0,0.0,0.0,0.0,1.95
3682,1.222,0.0,0.0,0.0,0.0,1.95
3683,1.222,0.0,0.0,0.0,0.0,1.95
3684,1.222,0.0,0.0,0.0,0.0,1.95
3685,1.222,0.0,0.0,0.0,0.0,1.95
3686,1.222,0.0,0.0,0.0,0.0,1.95
3687,1.2225,0.5,0.1,0.0,0.0015,1.95
3688,1.222,0.0,0.0,0.0,0.0,1.95
3689,1.222,0.0,0.0,0.0,0.0,1.95
3690,1.2225,0.5,0.1,0.0,0.0015,1.95
3691,1.2225,0.5,0.1,0.0,0.0015,1.95
3692,1.222,0.0,0.0,0.0,0.0,1.95
3693,1.2225,0.5,0.1,0.0,0.0015,1.95
3694,1.222,0.0,0.0,0.0,0.0,1.95
3695,1.2225,0.5,0.1,0.0,0.0015,1.95
3696,1.2225,0.5,0.1,0.0,0.0015,1.95
3697,1.2225,0.5,0.1,0.0,0.0015,1.95
3698,1.2225,0.5,0.1,0.0,0.0015,1.95
3699,1.222,0.0,0.0,0.0,0.0,1.95
3700,1.222,0.0,0.0,0.0,0.0,1.95
3701,1.222,0.0,0.0,0.0,0.0,1.95
3702,1.222,0.0,0.0,0.0,0.0,1.95
3703,1.222,0.0,0.0,0.0,0.0,1.95
3704,1.2225,0.5,0.1,0.0,0.0015,1.95
3705,1.222,0.0,0.0,0.0,0.0,1.95
3706,1.2225,0.5,0.1,0.0,0.0015,1.95
3707,1.222,0.0,0.0,0.0,0.0,1.95
3708,1.2225,0.5,0.1,0.0,0.0015,1.95
3709,1.2225,0.5,0.1,0.0,0.0015,1.95
3710,1.222,0.0,0.0,0.0,0.0,1.95
3711,1.2225,0.5,0.1,0.0,0.0015,1.95
3712,1.222,0.0,0.0,0.0,0.0,1.95
3713,1.222,0.0,0.0,0.0,0.0,1.95
3714,1.222,0.0,0.0,0.0,0.0,1.95
3715,1.222,0.0,0.0,0.0,0.0,1.95
3716,1.222,0.0,0.0,0.0,0.0,1.95
3717,1.2225,0.5,0.1,0.0,0.0015,1.95
3718,1.2225,0.5,0.1,0.0,0.0015,1.95
3719,1.2225,0.5,0.1,0.0,0.0015,1.95
3720,1.222,0.0,0.0,0.0,0.0,1.95
3721,1.2225,0.5,0.1,0.0,0.0015,1.95
3722,1.2225,0.5,0.1,0.0,0.0015,1.95
3723,1.222,0.0,0.0,0.0,0.0,1.95
3724,1.222,0.0,0.0,0.0,0.0,1.95
3725,1.222,0.0,0.0,0.0,0.0,1.95
3726,1.2225,0.5,0.1,0.0,0.0015,1.95
3727,1.2225,0.5,0.1,0.0,0.0015,1.95
3728,1.222,0.0,0.0,0.0,0.0,1.95
3729,1.2225,0.5,0.1,0.0,0.0015,1.95
3730,1.2225,0.5,0.1,0.0,0.0015,1.95
3731,1.2225,0.5,0.1,0.0,0.0015,1.95
3732,1.222,0.0,0.0,0.0,0.0,1.95
3733,1.222,0.0,0.0,0.0,0.0,1.95
3734,1.2225,0.5,0.1,0.0,0.0015,1.95
3735,1.222,0.0,0.0,0.0,0.0,1.95
3736,1.2225,0.5,0.1,0.0,0.0015,1.95
3737,1.2225,0.5,0.1,0.0,0.0015,1.95
3738,1.2225,0.5,0.1,0.0,0.0015,1.95
3739,1.2225,0.5,0.1,0.0,0.0015,1.95
3740,1.222,0.0,0.0,0.0,0.0,1.95
3741,1.2225,0.5,0.1,0.0,0.0015,1.95
3742,1.2225,0.5,0.1,0.0,0.0015,1.95
3743,1.2225,0.5,0.1,0.0,0.0015,1.95
3744,1.222,0.0,0.0,0.0,0.0,1.95
3745,1.222,0.0,0.0,0.0,0.0,1.95
3746,1.2225,0.5,0.1,0.0,0.0015,1.95
3747,1.222,0.0,0.0,0.0,0.0,1.95
3748,1.2225,0.5,0.1,0.0,0.0015,1.95
3749,1.2225,0.5,0.1,0.0,0.0015,1.95
3750,1.2225,0.5,0.1,0.0,0.0015,1.95
3751,1.222,0.0,0.0,0.0,0.0,1.95
3752,1.222,0.0,0.0,0.0,0.0,1.95
3753,1.2225,0.5,0.1,0.0,0.0015,1.95
3754,1.2225,0.5,0.1,0.0,0.0015,1.95
3755,1.2225,0.5,0.1,0.0,0.0015,1.95
3756,1.222,0.0,0.0,0.0,0.0,1.95
3757,1.222,0.0,0.0,0.0,0.0,1.95
3758,1.2225,0.5,0.1,0.0,0.0015,1.95
3759,1.222,0.0,0.0,0.0,0.0,1.95
3760,1.2225,0.5,0.1,0.0,0.0015,1.95
3761,1.222,0.0,0.0,0.0,0.0,1.95
3762,1.2225,0.5,0.1,0.0,0.0015,1.95
3763,1.2225,0.5,0.1,0.0,0.0015,1.95
3764,1.2225,0.5,0.1,0.0,0.0015,1.95
3765,1.222,0.0,0.0,0.0,0.0,1.95
3766,1.222,0.0,0.0,0.0,0.0,1.95
3767,1.2225,0.5,0.1,0.0,0.0015,1.95
3768,1.222,0.0,0.0,0.0,0.0,1.95
3769,1.2225,0.5,0.1,0.0,0.0015,1.95
3770,1.222,0.0,0.0,0.0,0.0,1.95
3771,1.222,0.0,0.0,0.0,0.0,1.95
3772,1.222,0.0,0.0,0.0,0.0,1.95
3773,1.222,0.0,0.0,0.0,0.0,1.95
3774,1.2225,0.5,0.1,0.0,0.0015,1.95
3775,1.2225,0.5,0.1,0.0,0.0015,1.95
3776,1.222,0.0,0.0,0.0,0.0,1.95
3777,1.2225,0.5,0.1,0.0,0.0015,1.95
3778,1.222,0.0,0.0,0.0,0.0,1.95
3779,1.2225,0.5,0.1,0.0,0.0015,1.95
3780,1.2225,0.5,0.1,0.0,0.0015,1.95
3781,1.222,0.0,0.0,0.0,0.0,1.95
3782,1.222,0.0,0.0,0.0,0.0,1.95
3783,1.2225,0.5,0.1,0.0,0.0015,1.95
3784,1.2225,0.5,0.1,0.0,0.0015,1.95
3785,1.222,0.0,0.0,0.0,0.0,1.95
3786,1.2225,0.5,0.1,0.0,0.0015,1.95
3787,1.222,0.0,0.0,0.0,0.0,1.95
3788,1.2225,0.5,0.1,0.0,0.0015,1.95
3789,1.2225,0.5,0.1,0.0,0.0015,1.95
3790,1.222,0.0,0.0,0.0,0.0,1.95
3791,1.2225,0.5,0.1,0.0,0.0015,1.95
3792,1.2225,0.5,0.1,0.0,0.0015,1.95
3793,1.2225,0.5,0.1,0.0,0.0015,1.95
3794,1.2225,0.5,0.1,0.0,0.0015,1.95
3795,1.2225,0.5,0.1,0.0,0.0015,1.95
3796,1.222,0.0,0.0,0.0,0.0,1.95
3797,1.222,0.0,0.0,0.0,0.0,1.95
3798,1.222,0.0,0.0,0.0,0.0,1.95
3799,1.2225,0.5,0.1,0.0,0.0015,1.95
3800,1.222,0.0,0.0,0.0,0.0,1.95
3801,1.222,0.0,0.0,0.0,0.0,1.95
3802,1.222,0.0,0.0,0.0,0.0,1.95
3803,1.222,0.0,0.0,0.0,0.0,1.95
3804,1.222,0.0,0.0,0.0,0.0,1.95
3805,1.222,0.0,0.0,0.0,0.0,1.95
3806,1.222,0.0,0.0,0.0,0.0,1.95
3807,1.222,0.0,0.0,0.0,0.0,1.95
3808,1.2225,0.5,0.1,0.0,0.0015,1.95
3809,1.2225,0.5,0.1,0.0,0.0015,1.95
3810,1.222,0.0,0.0,0.0,0.0,1.95
3811,1.222,0.0,0.0,0.0,0.0,1.95
3812,1.222,0.0,0.0,0.0,0.0,1.95
3813,1.222,0.0,0.0,0.0,0.0,1.95
3814,1.2225,0.5,0.1,0.0,0.0015,1.95
3815,1.222,0.0,0.0,0.0,0.0,1.95
3816,1.2225,0.5,0.1,0.0,0.0015,1.95
3817,1.2225,0.5,0.1,0.0,0.0015,1.95
3818,1.222,0.0,0.0,0.0,0.0,1.95
3819,1.222,0.0,0.0,0.0,0.0,1.95
3820,1.222,0.0,0.0,0.0,0.0,1.95
3821,1.222,0.0,0.0,0.0,0.0,1.95
3822,1.2225,0.5,0.1,0.0,0.0015,1.95
3823,1.222,0.0,0.0,0.0,0.0,1.95
3824,1.2225,0.5,0.1,0.0,0.0015,1.95
3825,1.222,0.0,0.0,0.0,0.0,1.95
3826,1.2225,0.5,0.1,0.0,0.0015,1.95
3827,1.2225,0.5,0.1,0.0,0.0015,1.95
3828,1.222,0.0,0.0,0.0,0.0,1.95
3829,1.222,0.0,0.0,0.0,0.0,1.95
3830,1.2225,0.5,0.1,0.0,0.0015,1.95
3831,1.222,0.0,0.0,0.0,0.0,1.95
3832,1.2225,0.5,0.1,0.0,0.0015,1.95
3833,1.2225,0.5,0.1,0.0,0.0015,1.95
3834,1.2225,0.5,0.1,0.0,0.0015,1.95
3835,1.2225,0.5,0.1,0.0,0.0015,1.95
3836,1.222,0.0,0.0,0.0,0.0,1.95
3837,1.222,0.0,0.0,0.0,0.0,1.95
3838,1.222,0.0,0.0,0.0,0.0,1.95
3839,1.2225,0.5,0.1,0.0,0.0015,1.95
3840,1.2225,0.5,0.1,0.0,0.0015,1.95
3841,1.222,0.0,0.0,0.0,0.0,1.95
3842,1.2225,0.5,0.1,0.0,0.0015,1.95
3843,1.222,0.0,0.0,0.0,0.0,1.95
3844,1.222,0.0,0.0,0.0,0.0,1.95
3845,1.222,0.0,0.0,0.0,0.0,1.95
3846,1.222,0.0,0.0,0.0,0.0,1.95
3847,1.2225,0.5,0.1,0.0,0.0015,1.95
3848,1.2225,0.5,0.1,0.0,0.0015,1.95
3849,1.222,0.0,0.0,0.0,0.0,1.95
3850,1.222,0.0,0.0,0.0,0.0,1.95
3851,1.222,0.0,0.0,0.0,0.0,1.95
3852,1.222,0.0,0.0,0.0,0.0,1.95
3853,1.222,0.0,0.0,0.0,0.0,1.95
3854,1.222,0.0,0.0,0.0,0.0,1.95
3855,1.222,0.0,0.0,0.0,0.0,1.95
3856,1.2225,0.5,0.1,0.0,0.0015,1.95
3857,1.222,0.0,0.0,0.0,0.0,1.95
3858,1.222,0.0,0.0,0.0,0.0,1.95
3859,1.222,0.0,0.0,0.0,0.0,1.95
3860,1.2225,0.5,0.1,0.0,0.0015,1.95
3861,1.222,0.0,0.0,0.0,0.0,1.95
3862,1.2225,0.5,0.1,0.0,0.0015,1.95
3863,1.2225,0.5,0.1,0.0,0.0015,1.95
3864,1.222,0.0,0.0,0.0,0.0,1.95
3865,1.2225,0.5,0.1,0.0,0.0015,1.95
3866,1.222,0.0,0.0,0.0,0.0,1.95
3867,1.222,0.0,0.0,0.0,0.0,1.95
3868,1.2225,0.5,0.1,0.0,0.0015,1.95
3869,1.2225,0.5,0.1,0.0,0.0015,1.95
3870,1.2225,0.5,0.1,0.0,0.0015,1.95
3871,1.222,0.0,0.0,0.0,0.0,1.95
3872,1.222,0.0,0.0,0.0,0.0,1.95
3873,1.2225,0.5,0.1,0.0,0.0015,1.95
3874,1.2225,0.5,0.1,0.0,0.0015,1.95
3875,1.2225,0.5,0.1,0.0,0.0015,1.95
3876,1.222,0.0,0.0,0.0,0.0,1.95
3877,1.2225,0.5,0.1,0.0,0.0015,1.95
3878,1.2225,0.5,0.1,0.0,0.0015,1.95
3879,1.222,0.0,0.0,0.0,0.0,1.95
3880,1.2225,0.5,0.1,0.0,0.0015,1.95
3881,1.2225,0.5,0.1,0.0,0.0015,1.95
3882,1.222,0.0,0.0,0.0,0.0,1.95
3883,1.222,0.0,0.0,0.0,0.0,1.95
3884,1.222,0.0,0.0,0.0,0.0,1.95
3885,1.222,0.0,0.0,0.0,0.0,1.95
3886,1.2225,0.5,0.1,0.0,0.0015,1.95
3887,1.2225,0.5,0.1,0.0,0.0015,1.95
3888,1.2225,0.5,0.1,0.0,0.0015,1.95
3889,1.222,0.0,0.0,0.0,0.0,1.95
3890,1.2225,0.5,0.1,0.0,0.0015,1.95
3891,1.2225,0.5,0.1,0.0,0.0015,1.95
3892,1.222,0.0,0.0,0.0,0.0,1.95
3893,1.222,0.0,0.0,0.0,0.0,1.95
3894,1.222,0.0,0.0,0.0,0.0,1.95
3895,1.222,0.0,0.0,0.0,0.0,1.95
3896,1.222,0.0,0.0,0.0,0.0,1.95
3897,1.2225,0.5,0.1,0.0,0.0015,1.95
3898,1.2225,0.5,0.1,0.0,0.0015,1.95
3899,1.2225,0.5,0.1,0.0,0.0015,1.95
3900,1.2225,0.5,0.1,0.0,0.0015,1.95
3901,1.222,0.0,0.0,0.0,0.0,1.95
3902,1.222,0.0,0.0,0.0,0.0,1.95
3903,1.2225,0.5,0.1,0.0,0.0015,1.95
3904,1.222,0.0,0.0,0.0,0.0,1.95
3905,1.2225,0.5,0.1,0.0,0.0015,1.95
3906,1.222,0.0,0.0,0.0,0.0,1.95
3907,1.222,0.0,0.0,0.0,0.0,1.95
3908,1.2225,0.5,0.1,0.0,0.0015,1.95
3909,1.222,0.0,0.0,0.0,0.0,1.95
3910,1.222,0.0,0.0,0.0,0.0,1.95
3911,1.222,0.0,0.0,0.0,0.0,1.95
3912,1.222,0.0,0.0,0.0,0.0,1.95
3913,1.2225,0.5,0.1,0.0,0.0015,1.95
3914,1.2225,0.5,0.1,0.0,0.0015,1.95
3915,1.222,0.0,0.0,0.0,0.0,1.95
3916,1.2225,0.5,0.1,0.0,0.0015,1.95
3917,1.222,0.0,0.0,0.0,0.0,1.95
3918,1.222,0.0,0.0,0.0,0.0,1.95
3919,1.2225,0.5,0.1,0.0,0.0015,1.95
3920,1.222,0.0,0.0,0.0,0.0,1.95
3921,1.222,0.0,0.0,0.0,0.0,1.95
3922,1.222,0.0,0.0,0.0,0.0,1.95
3923,1.222,0.0,0.0,0.0,0.0,1.95
3924,1.222,0.0,0.0,0.0,0.0,1.95
3925,1.222,0.0,0.0,0.0,0.0,1.95
3926,1.222,0.0,0.0,0.0,0.0,1.95
3927,1.2225,0.5,0.1,0.0,0.0015,1.95
3928,1.222,0.0,0.0,0.0,0.0,1.95
3929,1.222,0.0,0.0,0.0,0.0,1.95
3930,1.2225,0.5,0.1,0.0,0.0015,1.95
3931,1.222,0.0,0.0,0.0,0.0,1.95
3932,1.222,0.0,0.0,0.0,0.0,1.95
3933,1.222,0.0,0.0,0.0,0.0,1.95
3934,1.222,0.0,0.0,0.0,0.0,1.95
3935,1.222,0.0,0.0,0.0,0.0,1.95
3936,1.222,0.0,0.0,0.0,0.0,1.95
3937,1.222,0.0,0.0,0.0,0.0,1.95
3938,1.2225,0.5,0.1,0.0,0.0015,1.95
3939,1.222,0.0,0.0,0.0,0.0,1.95
3940,1.222,0.0,0.0,0.0,0.0,1.95
3941,1.222,0.0,0.0,0.0,0.0,1.95
3942,1.222,0.0,0.0,0.0,0.0,1.95
3943,1.222,0.0,0.0,0.0,0.0,1.95
3944,1.2225,0.5,0.1,0.0,0.0015,1.95
3945,1.2225,0.5,0.1,0.0,0.0015,1.95
3946,1.2225,0.5,0.1,0.0,0.0015,1.95
3947,1.222,0.0,0.0,0.0,0.0,1.95
3948,1.222,0.0,0.0,0.0,0.0,1.95
3949,1.2225,0.5,0.1,0.0,0.0015,1.95
3950,1.2225,0.5,0.1,0.0,0.0015,1.95
3951,1.2225,0.5,0.1,0.0,0.0015,1.95
3952,1.222,0.0,0.0,0.0,0.0,1.95
3953,1.222,0.0,0.0,0.0,0.0,1.95
3954,1.2225,0.5,0.1,0.0,0.0015,1.95
3955,1.222,0.0,0.0,0.0,0.0,1.95
3956,1.2225,0.5,0.1,0.0,0.0015,1.95
3957,1.222,0.0,0.0,0.0,0.0,1.95
3958,1.2225,0.5,0.1,0.0,0.0015,1.95
3959,1.2225,0.5,0.1,0.0,0.0015,1.95
3960,1.222,0.0,0.0,0.0,0.0,1.95
3961,1.222,0.0,0.0,0.0,0.0,1.95
3962,1.2225,0.5,0.1,0.0,0.0015,1.95
3963,1.2225,0.5,0.1,0.0,0.0015,1.95
3964,1.2225,0.5,0.1,0.0,0.0015,1.95
3965,1.222,0.0,0.0,0.0,0.0,1.95
3966,1.2225,0.5,0.1,0.0,0.0015,1.95
3967,1.222,0.0,0.0,0.0,0.0,1.95
3968,1.2225,0.5,0.1,0.0,0.0015,1.95
3969,1.222,0.0,0.0,0.0,0.0,1.95
3970,1.222,0.0,0.0,0.0,0.0,1.95
3971,1.222,0.0,0.0,0.0,0.0,1.95
3972,1.222,0.0,0.0,0.0,0.0,1.95
3973,1.2225,0.5,0.1,0.0,0.0015,1.95
3974,1.2225,0.5,0.1,0.0,0.0015,1.95
3975,1.222,0.0,0.0,0.0,0.0,1.95
3976,1.2225,0.5,0.1,0.0,0.0015,1.95
3977,1.2225,0.5,0.1,0.0,0.0015,1.95
3978,1.222,0.0,0.0,0.0,0.0,1.95
3979,1.222,0.0,0.0,0.0,0.0,1.95
3980,1.222,0.0,0.0,0.0,0.0,1.95
3981,1.222,0.0,0.0,0.0,0.0,1.95
3982,1.2225,0.5,0.1,0.0,0.0015,1.95
3983,1.2225,0.5,0.1,0.0,0.0015,1.95
3984,1.2225,0.5,0.1,0.0,0.0015,1.95
3985,1.222,0.0,0.0,0.0,0.0,1.95
3986,1.222,0.0,0.0,0.0,0.0,1.95
3987,1.222,0.0,0.0,0.0,0.0,1.95
3988,1.2225,0.5,0.1,0.0,0.0015,1.95
3989,1.222,0.0,0.0,0.0,0.0,1.95
3990,1.222,0.0,0.0,0.0,0.0,1.95
3991,1.2225,0.5,0.1,0.0,0.0015,1.95
3992,1.2225,0.5,0.1,0.0,0.0015,1.95
3993,1.2225,0.5,0.1,0.0,0.0015,1.95
3994,1.222,0.0,0.0,0.0,0.0,1.95
3995,1.222,0.0,0.0,0.0,0.0,1.95
3996,1.2225,0.5,0.1,0.0,0.0015,1.95
3997,1.2225,0.5,0.1,0.0,0.0015,1.95
3998,1.2225,0.5,0.1,0.0,0.0015,1.95
3999,1.2225,0.5,0.1,0.0,0.0015,1.95
4000,1.222,0.0,0.0,0.0,0.0,1.95
4001,1.2225,0.5,0.1,0.0,0.0015,1.95
4002,1.2225,0.5,0.1,0.0,0.0015,1.95
4003,1.2225,0.5,0.1,0.0,0.0015,1.95
4004,1.222,0.0,0.0,0.0,0.0,1.95
4005,1.222,0.0,0.0,0.0,0.0,1.95
4006,1.2225,0.5,0.1,0.0,0.0015,1.95
4007,1.2225,0.5,0.1,0.0,0.0015,1.95
4008,1.2225,0.5,0.1,0.0,0.0015,1.95
4009,1.222,0.0,0.0,0.0,0.0,1.95
4010,1.2225,0.5,0.1,0.0,0.0015,1.95
4011,1.222,0.0,0.0,0.0,0.0,1.95
4012,1.222,0.0,0.0,0.0,0.0,1.95
4013,1.2225,0.5,0.1,0.0,0.0015,1.95
4014,1.222,0.0,0.0,0.0,0.0,1.95
4015,1.2225,0.5,0.1,0.0,0.0015,1.95
4016,1.222,0.0,0.0,0.0,0.0,1.95
4017,1.2225,0.5,0.1,0.0,0.0015,1.95
4018,1.222,0.0,0.0,0.0,0.0,1.95
4019,1.222,0.0,0.0,0.0,0.0,1.95
4020,1.222,0.0,0.0,0.0,0.0,1.95
4021,1.2225,0.5,0.1,0.0,0.0015,1.95
4022,1.2225,0.5,0.1,0.0,0.0015,1.95
4023,1.222,0.0,0.0,0.0,0.0,1.95
4024,1.222,0.0,0.0,0.0,0.0,1.95
4025,1.2225,0.5,0.1,0.0,0.0015,1.95
4026,1.222,0.0,0.0,0.0,0.0,1.95
4027,1.222,0.0,0.0,0.0,0.0,1.95
4028,1.2225,0.5,0.1,0.0,0.0015,1.95
4029,1.222,0.0,0.0,0.0,0.0,1.95
4030,1.222,0.0,0.0,0.0,0.0,1.95
4031,1.2225,0.5,0.1,0.0,0.0015,1.95
4032,1.2225,0.5,0.1,0.0,0.0015,1.95
4033,1.222,0.0,0.0,0.0,0.0,1.95
4034,1.222,0.0,0.0,0.0,0.0,1.95
4035,1.2225,0.5,0.1,0.0,0.0015,1.95
4036,1.222,0.0,0.0,0.0,0.0,1.95
4037,1.222,0.0,0.0,0.0,0.0,1.95
4038,1.2225,0.5,0.1,0.0,0.0015,1.95
4039,1.2225,0.5,0.1,0.0,0.0015,1.95
4040,1.2225,0.5,0.1,0.0,0.0015,1.95
4041,1.2225,0.5,0.1,0.0,0.0015,1.95
4042,1.222,0.0,0.0,0.0,0.0,1.95
4043,1.222,0.0,0.0,0.0,0.0,1.95
4044,1.2225,0.5,0.1,0.0,0.0015,1.95
4045,1.222,0.0,0.0,0.0,0.0,1.95
4046,1.222,0.0,0.0,0.0,0.0,1.95
4047,1.2225,0.5,0.1,0.0,0.0015,1.95
4048,1.2225,0.5,0.1,0.0,0.0015,1.95
4049,1.2225,0.5,0.1,0.0,0.0015,1.95
4050,1.2225,0.5,0.1,0.0,0.0015,1.95
4051,1.2225,0.5,0.1,0.0,0.0015,1.95
4052,1.2225,0.5,0.1,0.0,0.0015,1.95
4053,1.2225,0.5,0.1,0.0,0.0015,1.95
4054,1.222,0.0,0.0,0.0,0.0,1.95
4055,1.222,0.0,0.0,0.0,0.0,1.95
4056,1.222,0.0,0.0,0.0,0.0,1.95
4057,1.2225,0.5,0.1,0.0,0.0015,1.95
4058,1.2225,0.5,0.1,0.0,0.0015,1.95
4059,1.2225,0.5,0.1,0.0,0.0015,1.95
4060,1.222,0.0,0.0,0.0,0.0,1.95
4061,1.222,0.0,0.0,0.0,0.0,1.95
4062,1.2225,0.5,0.1,0.0,0.0015,1.95
4063,1.222,0.0,0.0,0.0,0.0,1.95
4064,1.222,0.0,0.0,0.0,0.0,1.95
4065,1.2225,0.5,0.1,0.0,0.0015,1.95
4066,1.2225,0.5,0.1,0.0,0.0015,1.95
4067,1.2225,0.5,0.1,0.0,0.0015,1.95
4068,1.2225,0.5,0.1,0.0,0.0015,1.95
4069,1.222,0.0,0.0,0.0,0.0,1.95
4070,1.222,0.0,0.0,0.0,0.0,1.95
4071,1.222,0.0,0.0,0.0,0.0,1.95
4072,1.222,0.0,0.0,0.0,0.0,1.95
4073,1.2225,0.5,0.1,0.0,0.0015,1.95
4074,1.222,0.0,0.0,0.0,0.0,1.95
4075,1.2225,0.5,0.1,0.0,0.0015,1.95
4076,1.2225,0.5,0.1,0.0,0.0015,1.95
4077,1.222,0.0,0.0,0.0,0.0,1.95
4078,1.2225,0.5,0.1,0.0,0.0015,1.95
4079,1.222,0.0,0.0,0.0,0.0,1.95
4080,1.2225,0.5,0.1,0.0,0.0015,1.95
4081,1.222,0.0,0.0,0.0,0.0,1.95
4082,1.222,0.0,0.0,0.0,0.0,1.95
4083,1.2225,0.5,0.1,0.0,0.0015,1.95
4084,1.2225,0.5,0.1,0.0,0.0015,1.95
4085,1.2225,0.5,0.1,0.0,0.0015,1.95
4086,1.2225,0.5,0.1,0.0,0.0015,1.95
4087,1.2225,0.5,0.1,0.0,0.0015,1.95
4088,1.2225,0.5,0.1,0.0,0.0015,1.95
4089,1.2225,0.5,0.1,0.0,0.0015,1.95
4090,1.222,0.0,0.0,0.0,0.0,1.95
4091,1.2225,0.5,0.1,0.0,0.0015,1.95
4092,1.222,0.0,0.0,0.0,0.0,1.95
4093,1.222,0.0,0.0,0.0,0.0,1.95
4094,1.2225,0.5,0.1,0.0,0.0015,1.95
4095,1.222,0.0,0.0,0.0,0.0,1.95
4096,1.2225,0.5,0.1,0.0,0.0015,1.95
4097,1.222,0.0,0.0,0.0,0.0,1.95
4098,1.2225,0.5,0.1,0.0,0.0015,1.95
4099,1.222,0.0,0.0,0.0,0.0,1.95
4100,1.222,0.0,0.0,0.0,0.0,1.95
4101,1.222,0.0,0.0,0.0,0.0,1.95
4102,1.222,0.0,0.0,0.0,0.0,1.95
4103,1.222,0.0,0.0,0.0,0.0,1.95
4104,1.222,0.0,0.0,0.0,0.0,1.95
4105,1.222,0.0,0.0,0.0,0.0,1.95
4106,1.2225,0.5,0.1,0.0,0.0015,1.95
4107,1.222,0.0,0.0,0.0,0.0,1.95
4108,1.222,0.0,0.0,0.0,0.0,1.95
4109,1.2225,0.5,0.1,0.0,0.0015,1.95
4110,1.222,0.0,0.0,0.0,0.0,1.95
4111,1.222,0.0,0.0,0.0,0.0,1.95
4112,1.222,0.0,0.0,0.0,0.0,1.95
4113,1.222,0.0,0.0,0.0,0.0,1.95
4114,1.222,0.0,0.0,0.0,0.0,1.95
4115,1.2225,0.5,0.1,0.0,0.0015,1.95
4116,1.222,0.0,0.0,0.0,0.0,1.95
4117,1.222,0.0,0.0,0.0,0.0,1.95
4118,1.2225,0.5,0.1,0.0,0.0015,1.95
4119,1.2225,0.5,0.1,0.0,0.0015,1.95
4120,1.222,0.0,0.0,0.0,0.0,1.95
4121,1.222,0.0,0.0,0.0,0.0,1.95
4122,1.222,0.0,0.0,0.0,0.0,1.95
4123,1.222,0.0,0.0,0.0,0.0,1.95
4124,1.222,0.0,0.0,0.0,0.0,1.95
4125,1.2225,0.5,0.1,0.0,0.0015,1.95
4126,1.2225,0.5,0.1,0.0,0.0015,1.95
4127,1.2225,0.5,0.1,0.0,0.0015,1.95
4128,1.2225,0.5,0.1,0.0,0.0015,1.95
4129,1.222,0.0,0.0,0.0,0.0,1.95
4130,1.2225,0.5,0.1,0.0,0.0015,1.95
4131,1.2225,0.5,0.1,0.0,0.0015,1.95
4132,1.222,0.0,0.0,0.0,0.0,1.95
4133,1.222,0.0,0.0,0.0,0.0,1.95
4134,1.222,0.0,0.0,0.0,0.0,1.95
4135,1.2225,0.5,0.1,0.0,0.0015,1.95
4136,1.222,0.0,0.0,0.0,0.0,1.95
4137,1.2225,0.5,0.1,0.0,0.0015,1.95
4138,1.222,0.0,0.0,0.0,0.0,1.95
4139,1.2225,0.5,0.1,0.0,0.0015,1.95
4140,1.222,0.0,0.0,0.0,0.0,1.95
4141,1.2225,0.5,0.1,0.0,0.0015,1.95
4142,1.2225,0.5,0.1,0.0,0.0015,1.95
4143,1.222,0.0,0.0,0.0,0.0,1.95
4144,1.2225,0.5,0.1,0.0,0.0015,1.95
4145,1.2225,0.5,0.1,0.0,0.0015,1.95
4146,1.222,0.0,0.0,0.0,0.0,1.95
4147,1.2225,0.5,0.1,0.0,0.0015,1.95
4148,1.2225,0.5,0.1,0.0,0.0015,1.95
4149,1.2225,0.5,0.1,0.0,0.0015,1.95
4150,1.2225,0.5,0.1,0.0,0.0015,1.95
4151,1.222,0.0,0.0,0.0,0.0,1.95
4152,1.222,0.0,0.0,0.0,0.0,1.95
4153,1.222,0.0,0.0,0.0,0.0,1.95
4154,1.222,0.0,0.0,0.0,0.0,1.95
4155,1.222,0.0,0.0,0.0,0.0,1.95
4156,1.222,0.0,0.0,0.0,0.0,1.95
4157,1.2225,0.5,0.1,0.0,0.0015,1.95
4158,1.2225,0.5,0.1,0.0,0.0015,1.95
4159,1.222,0.0,0.0,0.0,0.0,1.95
4160,1.2225,0.5,0.1,0.0,0.0015,1.95
4161,1.2225,0.5,0.1,0.0,0.0015,1.95
4162,1.2225,0.5,0.1,0.0,0.0015,1.95
4163,1.2225,0.5,0.1,0.0,0.0015,1.95
4164,1.2225,0.5,0.1,0.0,0.0015,1.95
4165,1.222,0.0,0.0,0.0,0.0,1.95
4166,1.222,0.0,0.0,0.0,0.0,1.95
4167,1.222,0.0,0.0,0.0,0.0,1.95
4168,1.2225,0.5,0.1,0.0,0.0015,1.95
4169,1.222,0.0,0.0,0.0,0.0,1.95
4170,1.222,0.0,0.0,0.0,0.0,1.95
4171,1.222,0.0,0.0,0.0,0.0,1.95
4172,1.2225,0.5,0.1,0.0,0.0015,1.95
4173,1.222,0.0,0.0,0.0,0.0,1.95
4174,1.222,0.0,0.0,0.0,0.0,1.95
4175,1.2225,0.5,0.1,0.0,0.0015,1.95
4176,1.2225,0.5,0.1,0.0,0.0015,1.95
4177,1.222,0.0,0.0,0.0,0.0,1.95
4178,1.2225,0.5,0.1,0.0,0.0015,1.95
4179,1.222,0.0,0.0,0.0,0.0,1.95
4180,1.2225,0.5,0.1,0.0,0.0015,1.95
4181,1.222,0.0,0.0,0.0,0.0,1.95
4182,1.222,0.0,0.0,0.0,0.0,1.95
4183,1.222,0.0,0.0,0.0,0.0,1.95
4184,1.222,0.0,0.0,0.0,0.0,1.95
4185,1.222,0.0,0.0,0.0,0.0,1.95
4186,1.2225,0.5,0.1,0.0,0.0015,1.95
4187,1.222,0.0,0.0,0.0,0.0,1.95
4188,1.2225,0.5,0.1,0.0,0.0015,1.95
4189,1.222,0.0,0.0,0.0,0.0,1.95
4190,1.222,0.0,0.0,0.0,0.0,1.95
4191,1.2225,0.5,0.1,0.0,0.0015,1.95
4192,1.222,0.0,0.0,0.0,0.0,1.95
4193,1.222,0.0,0.0,0.0,0.0,1.95
4194,1.2225,0.5,0.1,0.0,0.0015,1.95
4195,1.222,0.0,0.0,0.0,0.0,1.95
4196,1.222,0.0,0.0,0.0,0.0,1.95
4197,1.222,0.0,0.0,0.0,0.0,1.95
4198,1.222,0.0,0.0,0.0,0.0,1.95
4199,1.222,0.0,0.0,0.0,0.0,1.95
4200,1.222,0.0,0.0,0.0,0.0,1.95
4201,1.222,0.0,0.0,0.0,0.0,1.95
4202,1.2225,0.5,0.1,0.0,0.0015,1.95
4203,1.222,0.0,0.0,0.0,0.0,1.95
4204,1.222,0.0,0.0,0.0,0.0,1.95
4205,1.222,0.0,0.0,0.0,0.0,1.95
4206,1.222,0.0,0.0,0.0,0.0,1.95
4207,1.222,0.0,0.0,0.0,0.0,1.95
4208,1.222,0.0,0.0,0.0,0.0,1.95
4209,1.222,0.0,0.0,0.0,0.0,1.95
4210,1.222,0.0,0.0,0.0,0.0,1.95
4211,1.2225,0.5,0.1,0.0,0.0015,1.95
4212,1.222,0.0,0.0,0.0,0.0,1.95
4213,1.222,0.0,0.0,0.0,0.0,1.95
4214,1.222,0.0,0.0,0.0,0.0,1.95
4215,1.2225,0.5,0.1,0.0,0.0015,1.95
4216,1.222,0.0,0.0,0.0,0.0,1.95
4217,1.222,0.0,0.0,0.0,0.0,1.95
4218,1.222,0.0,0.0,0.0,0.0,1.95
4219,1.2225,0.5,0.1,0.0,0.0015,1.95
4220,1.2225,0.5,0.1,0.0,0.0015,1.95
4221,1.2225,0.5,0.1,0.0,0.0015,1.95
4222,1.2225,0.5,0.1,0.0,0.0015,1.95
4223,1.2225,0.5,0.1,0.0,0.0015,1.95
4224,1.2225,0.5,0.1,0.0,0.0015,1.95
4225,1.222,0.0,0.0,0.0,0.0,1.95
4226,1.222,0.0,0.0,0.0,0.0,1.95
4227,1.2225,0.5,0.1,0.0,0.0015,1.95
4228,1.222,0.0,0.0,0.0,0.0,1.95
4229,1.2225,0.5,0.1,0.0,0.0015,1.95
4230,1.2225,0.5,0.1,0.0,0.0015,1.95
4231,1.2225,0.5,0.1,0.0,0.0015,1.95
4232,1.222,0.0,0.0,0.0,0.0,1.95
4233,1.2225,0.5,0.1,0.0,0.0015,1.95
4234,1.2225,0.5,0.1,0.0,0.0015,1.95
4235,1.2225,0.5,0.1,0.0,0.0015,1.95
4236,1.222,0.0,0.0,0.0,0.0,1.95
4237,1.222,0.0,0.0,0.0,0.0,1.95
4238,1.222,0.0,0.0,0.0,0.0,1.95
4239,1.222,0.0,0.0,0.0,0.0,1.95
4240,1.222,0.0,0.0,0.0,0.0,1.95
4241,1.222,0.0,0.0,0.0,0.0,1.95
4242,1.222,0.0,0.0,0.0,0.0,1.95
4243,1.222,0.0,0.0,0.0,0.0,1.95
4244,1.2225,0.5,0.1,0.0,0.0015,1.95
4245,1.222,0.0,0.0,0.0,0.0,1.95
4246,1.222,0.0,0.0,0.0,0.0,1.95
4247,1.2225,0.5,0.1,0.0,0.0015,1.95
4248,1.2225,0.5,0.1,0.0,0.0015,1.95
4249,1.2225,0.5,0.1,0.0,0.0015,1.95
4250,1.222,0.0,0.0,0.0,0.0,1.95
4251,1.2225,0.5,0.1,0.0,0.0015,1.95
4252,1.222,0.0,0.0,0.0,0.0,1.95
4253,1.222,0.0,0.0,0.0,0.0,1.95
4254,1.222,0.0,0.0,0.0,0.0,1.95
4255,1.222,0.0,0.0,0.0,0.0,1.95
4256,1.222,0.0,0.0,0.0,0.0,1.95
4257,1.2225,0.5,0.1,0.0,0.0015,1.95
4258,1.222,0.0,0.0,0.0,0.0,1.95
4259,1.2225,0.5,0.1,0.0,0.0015,1.95
4260,1.2225,0.5,0.1,0.0,0.0015,1.95
4261,1.2225,0.5,0.1,0.0,0.0015,1.95
4262,1.2225,0.5,0.1,0.0,0.0015,1.95
4263,1.2225,0.5,0.1,0.0,0.0015,1.95
4264,1.2225,0.5,0.1,0.0,0.0015,1.95
4265,1.222,0.0,0.0,0.0,0.0,1.95
4266,1.2225,0.5,0.1,0.0,0.0015,1.95
4267,1.222,0.0,0.0,0.0,0.0,1.95
4268,1.2225,0.5,0.1,0.0,0.0015,1.95
4269,1.222,0.0,0.0,0.0,0.0,1.95
4270,1.2225,0.5,0.1,0.0,0.0015,1.95
4271,1.222,0.0,0.0,0.0,0.0,1.95
4272,1.222,0.0,0.0,0.0,0.0,1.95
4273,1.222,0.0,0.0,0.0,0.0,1.95
4274,1.222,0.0,0.0,0.0,0.0,1.95
4275,1.222,0.0,0.0,0.0,0.0,1.95
4276,1.2225,0.5,0.1,0.0,0.0015,1.95
4277,1.222,0.0,0.0,0.0,0.0,1.95
4278,1.222,0.0,0.0,0.0,0.0,1.95
4279,1.2225,0.5,0.1,0.0,0.0015,1.95
4280,1.222,0.0,0.0,0.0,0.0,1.95
4281,1.222,0.0,0.0,0.0,0.0,1.95
4282,1.2225,0.5,0.1,0.0,0.0015,1.95
4283,1.222,0.0,0.0,0.0,0.0,1.95
4284,1.2225,0.5,0.1,0.0,0.0015,1.95
4285,1.222,0.0,0.0,0.0,0.0,1.95
4286,1.222,0.0,0.0,0.0,0.0,1.95
4287,1.222,0.0,0.0,0.0,0.0,1.95
4288,1.222,0.0,0.0,0.0,0.0,1.95
4289,1.222,0.0,0.0,0.0,0.0,1.95
4290,1.222,0.0,0.0,0.0,0.0,1.95
4291,1.222,0.0,0.0,0.0,0.0,1.95
4292,1.222,0.0,0.0,0.0,0.0,1.95
4293,1.2225,0.5,0.1,0.0,0.0015,1.95
4294,1.222,0.0,0.0,0.0,0.0,1.95
4295,1.2225,0.5,0.1,0.0,0.0015,1.95
4296,1.2225,0.5,0.1,0.0,0.0015,1.95
4297,1.222,0.0,0.0,0.0,0.0,1.95
4298,1.2225,0.5,0.1,0.0,0.0015,1.95
4299,1.2225,0.5,0.1,0.0,0.0015,1.95
4300,1.222,0.0,0.0,0.0,0.0,1.95
4301,1.222,0.0,0.0,0.0,0.0,1.95
4302,1.2225,0.5,0.1,0.0,0.0015,1.95
4303,1.2225,0.5,0.1,0.0,0.0015,1.95
4304,1.2225,0.5,0.1,0.0,0.0015,1.95
4305,1.222,0.0,0.0,0.0,0.0,1.95
4306,1.222,0.0,0.0,0.0,0.0,1.95
4307,1.222,0.0,0.0,0.0,0.0,1.95
4308,1.2225,0.5,0.1,0.0,0.0015,1.95
4309,1.222,0.0,0.0,0.0,0.0,1.95
4310,1.2225,0.5,0.1,0.0,0.0015,1.95
4311,1.2225,0.5,0.1,0.0,0.0015,1.95
4312,1.2225,0.5,0.1,0.0,0.0015,1.95
4313,1.222,0.0,0.0,0.0,0.0,1.95
4314,1.222,0.0,0.0,0.0,0.0,1.95
4315,1.222,0.0,0.0,0.0,0.0,1.95
4316,1.2225,0.5,0.1,0.0,0.0015,1.95
4317,1.2225,0.5,0.1,0.0,0.0015,1.95
4318,1.222,0.0,0.0,0.0,0.0,1.95
4319,1.222,0.0,0.0,0.0,0.0,1.95
4320,1.2225,0.5,0.1,0.0,0.0015,1.95
4321,1.222,0.0,0.0,0.0,0.0,1.95
4322,1.2225,0.5,0.1,0.0,0.0015,1.95
4323,1.222,0.0,0.0,0.0,0.0,1.95
4324,1.222,0.0,0.0,0.0,0.0,1.95
4325,1.2225,0.5,0.1,0.0,0.0015,1.95
4326,1.2225,0.5,0.1,0.0,0.0015,1.95
4327,1.2225,0.5,0.1,0.0,0.0015,1.95
4328,1.2225,0.5,0.1,0.0,0.0015,1.95
4329,1.2225,0.5,0.1,0.0,0.0015,1.95
4330,1.222,0.0,0.0,0.0,0.0,1.95
4331,1.222,0.0,0.0,0.0,0.0,1.95
4332,1.222,0.0,0.0,0.0,0.0,1.95
4333,1.2225,0.5,0.1,0.0,0.0015,1.95
4334,1.222,0.0,0.0,0.0,0.0,1.95
4335,1.2225,0.5,0.1,0.0,0.0015,1.95
4336,1.2225,0.5,0.1,0.0,0.0015,1.95
4337,1.2225,0.5,0.1,0.0,0.0015,1.95
4338,1.2225,0.5,0.1,0.0,0.0015,1.95
4339,1.222,0.0,0.0,0.0,0.0,1.95
4340,1.222,0.0,0.0,0.0,0.0,1.95
4341,1.2225,0.5,0.1,0.0,0.0015,1.95
4342,1.2225,0.5,0.1,0.0,0.0015,1.95
4343,1.2225,0.5,0.1,0.0,0.0015,1.95
4344,1.2225,0.5,0.1,0.0,0.0015,1.95
4345,1.222,0.0,0.0,0.0,0.0,1.95
4346,1.2225,0.5,0.1,0.0,0.0015,1.95
4347,1.222,0.0,0.0,0.0,0.0,1.95
4348,1.222,0.0,0.0,0.0,0.0,1.95
4349,1.2225,0.5,0.1,0.0,0.0015,1.95
4350,1.222,0.0,0.0,0.0,0.0,1.95
4351,1.222,0.0,0.0,0.0,0.0,1.95
4352,1.2225,0.5,0.1,0.0,0.0015,1.95
4353,1.222,0.0,0.0,0.0,0.0,1.95
4354,1.222,0.0,0.0,0.0,0.0,1.95
4355,1.222,0.0,0.0,0.0,0.0,1.95
4356,1.222,0.0,0.0,0.0,0.0,1.95
4357,1.2225,0.5,0.1,0.0,0.0015,1.95
4358,1.2225,0.5,0.1,0.0,0.0015,1.95
4359,1.2225,0.5,0.1,0.0,0.0015,1.95
4360,1.2225,0.5,0.1,0.0,0.0015,1.95
4361,1.2225,0.5,0.1,0.0,0.0015,1.95
4362,1.222,0.0,0.0,0.0,0.0,1.95
4363,1.222,0.0,0.0,0.0,0.0,1.95
4364,1.2225,0.5,0.1,0.0,0.0015,1.95
4365,1.222,0.0,0.0,0.0,0.0,1.95
4366,1.2225,0.5,0.1,0.0,0.0015,1.95
4367,1.222,0.0,0.0,0.0,0.0,1.95
4368,1.2225,0.5,0.1,0.0,0.0015,1.95
4369,1.2225,0.5,0.1,0.0,0.0015,1.95
4370,1.2225,0.5,0.1,0.0,0.0015,1.95
4371,1.222,0.0,0.0,0.0,0.0,1.95
4372,1.222,0.0,0.0,0.0,0.0,1.95
4373,1.2225,0.5,0.1,0.0,0.0015,1.95
4374,1.2225,0.5,0.1,0.0,0.0015,1.95
4375,1.222,0.0,0.0,0.0,0.0,1.95
4376,1.2225,0.5,0.1,0.0,0.0015,1.95
4377,1.222,0.0,0.0,0.0,0.0,1.95
4378,1.222,0.0,0.0,0.0,0.0,1.95
4379,1.2225,0.5,0.1,0.0,0.0015,1.95
4380,1.2225,0.5,0.1,0.0,0.0015,1.95
4381,1.2225,0.5,0.1,0.0,0.0015,1.95
4382,1.222,0.0,0.0,0.0,0.0,1.95
4383,1.2225,0.5,0.1,0.0,0.0015,1.95
4384,1.222,0.0,0.0,0.0,0.0,1.95
4385,1.222,0.0,0.0,0.0,0.0,1.95
4386,1.222,0.0,0.0,0.0,0.0,1.95
4387,1.2225,0.5,0.1,0.0,0.0015,1.95
4388,1.2225,0.5,0.1,0.0,0.0015,1.95
4389,1.222,0.0,0.0,0.0,0.0,1.95
4390,1.2225,0.5,0.1,0.0,0.0015,1.95
4391,1.222,0.0,0.0,0.0,0.0,1.95
4392,1.222,0.0,0.0,0.0,0.0,1.95
4393,1.2225,0.5,0.1,0.0,0.0015,1.95
4394,1.2225,0.5,0.1,0.0,0.0015,1.95
4395,1.2225,0.5,0.1,0.0,0.0015,1.95
4396,1.222,0.0,0.0,0.0,0.0,1.95
4397,1.222,0.0,0.0,0.0,0.0,1.95
4398,1.222,0.0,0.0,0.0,0.0,1.95
4399,1.222,0.0,0.0,0.0,0.0,1.95
4400,1.222,0.0,0.0,0.0,0.0,1.95
4401,1.2225,0.5,0.1,0.0,0.0015,1.95
4402,1.2225,0.5,0.1,0.0,0.0015,1.95
4403,1.2225,0.5,0.1,0.0,0.0015,1.95
4404,1.2225,0.5,0.1,0.0,0.0015,1.95
4405,1.222,0.0,0.0,0.0,0.0,1.95
4406,1.2225,0.5,0.1,0.0,0.0015,1.95
4407,1.222,0.0,0.0,0.0,0.0,1.95
4408,1.2225,0.5,0.1,0.0,0.0015,1.95
4409,1.222,0.0,0.0,0.0,0.0,1.95
4410,1.2225,0.5,0.1,0.0,0.0015,1.95
4411,1.2225,0.5,0.1,0.0,0.0015,1.95
4412,1.2225,0.5,0.1,0.0,0.0015,1.95
4413,1.222,0.0,0.0,0.0,0.0,1.95
4414,1.222,0.0,0.0,0.0,0.0,1.95
4415,1.222,0.0,0.0,0.0,0.0,1.95
4416,1.222,0.0,0.0,0.0,0.0,1.95
4417,1.222,0.0,0.0,0.0,0.0,1.95
4418,1.222,0.0,0.0,0.0,0.0,1.95
4419,1.222,0.0,0.0,0.0,0.0,1.95
4420,1.222,0.0,0.0,0.0,0.0,1.95
4421,1.222,0.0,0.0,0.0,0.0,1.95
4422,1.2225,0.5,0.1,0.0,0.0015,1.95
4423,1.2225,0.5,0.1,0.0,0.0015,1.95
4424,1.2225,0.5,0.1,0.0,0.0015,1.95
4425,1.2225,0.5,0.1,0.0,0.0015,1.95
4426,1.2225,0.5,0.1,0.0,0.0015,1.95
4427,1.2225,0.5,0.1,0.0,0.0015,1.95
4428,1.222,0.0,0.0,0.0,0.0,1.95
4429,1.222,0.0,0.0,0.0,0.0,1.95
4430,1.2225,0.5,0.1,0.0,0.0015,1.95
4431,1.222,0.0,0.0,0.0,0.0,1.95
4432,1.2225,0.5,0.1,0.0,0.0015,1.95
4433,1.222,0.0,0.0,0.0,0.0,1.95
4434,1.222,0.0,0.0,0.0,0.0,1.95
4435,1.222,0.0,0.0,0.0,0.0,1.95
4436,1.222,0.0,0.0,0.0,0.0,1.95
4437,1.222,0.0,0.0,0.0,0.0,1.95
4438,1.222,0.0,0.0,0.0,0.0,1.95
4439,1.2225,0.5,0.1,0.0,0.0015,1.95
4440,1.222,0.0,0.0,0.0,0.0,1.95
4441,1.222,0.0,0.0,0.0,0.0,1.95
4442,1.2225,0.5,0.1,0.0,0.0015,1.95
4443,1.222,0.0,0.0,0.0,0.0,1.95
4444,1.2225,0.5,0.1,0.0,0.0015,1.95
4445,1.222,0.0,0.0,0.0,0.0,1.95
4446,1.2225,0.5,0.1,0.0,0.0015,1.95
4447,1.222,0.0,0.0,0.0,0.0,1.95
4448,1.2225,0.5,0.1,0.0,0.0015,1.95
4449,1.2225,0.5,0.1,0.0,0.0015,1.95
4450,1.2225,0.5,0.1,0.0,0.0015,1.95
4451,1.222,0.0,0.0,0.0,0.0,1.95
4452,1.222,0.0,0.0,0.0,0.0,1.95
4453,1.2225,0.5,0.1,0.0,0.0015,1.95
4454,1.2225,0.5,0.1,0.0,0.0015,1.95
4455,1.2225,0.5,0.1,0.0,0.0015,1.95
4456,1.222,0.0,0.0,0.0,0.0,1.95
4457,1.2225,0.5,0.1,0.0,0.0015,1.95
4458,1.222,0.0,0.0,0.0,0.0,1.95
4459,1.222,0.0,0.0,0.0,0.0,1.95
4460,1.222,0.0,0.0,0.0,0.0,1.95
4461,1.2225,0.5,0.1,0.0,0.0015,1.95
4462,1.222,0.0,0.0,0.0,0.0,1.95
4463,1.2225,0.5,0.1,0.0,0.0015,1.95
4464,1.2225,0.5,0.1,0.0,0.0015,1.95
4465,1.222,0.0,0.0,0.0,0.0,1.95
4466,1.222,0.0,0.0,0.0,0.0,1.95
4467,1.2225,0.5,0.1,0.0,0.0015,1.95
4468,1.222,0.0,0.0,0.0,0.0,1.95
4469,1.222,0.0,0.0,0.0,0.0,1.95
4470,1.2225,0.5,0.1,0.0,0.0015,1.95
4471,1.2225,0.5,0.1,0.0,0.0015,1.95
4472,1.2225,0.5,0.1,0.0,0.0015,1.95
4473,1.2225,0.5,0.1,0.0,0.0015,1.95
4474,1.222,0.0,0.0,0.0,0.0,1.95
4475,1.2225,0.5,0.1,0.0,0.0015,1.95
4476,1.222,0.0,0.0,0.0,0.0,1.95
4477,1.2225,0.5,0.1,0.0,0.0015,1.95
4478,1.222,0.0,0.0,0.0,0.0,1.95
4479,1.222,0.0,0.0,0.0,0.0,1.95
4480,1.222,0.0,0.0,0.0,0.0,1.95
4481,1.2225,0.5,0.1,0.0,0.0015,1.95
4482,1.222,0.0,0.0,0.0,0.0,1.95
4483,1.222,0.0,0.0,0.0,0.0,1.95
4484,1.222,0.0,0.0,0.0,0.0,1.95
4485,1.222,0.0,0.0,0.0,0.0,1.95
4486,1.222,0.0,0.0,0.0,0.0,1.95
4487,1.222,0.0,0.0,0.0,0.0,1.95
4488,1.222,0.0,0.0,0.0,0.0,1.95
4489,1.2225,0.5,0.1,0.0,0.0015,1.95
4490,1.2225,0.5,0.1,0.0,0.0015,1.95
4491,1.222,0.0,0.0,0.0,0.0,1.95
4492,1.222,0.0,0.0,0.0,0.0,1.95
4493,1.2225,0.5,0.1,0.0,0.0015,1.95
4494,1.222,0.0,0.0,0.0,0.0,1.95
4495,1.222,0.0,0.0,0.0,0.0,1.95
4496,1.222,0.0,0.0,0.0,0.0,1.95
4497,1.2225,0.5,0.1,0.0,0.0015,1.95
4498,1.2225,0.5,0.1,0.0,0.0015,1.95
4499,1.222,0.0,0.0,0.0,0.0,1.95
4500,1.222,0.0,0.0,0.0,0.0,1.95
4501,1.2225,0.5,0.1,0.0,0.0015,1.95
4502,1.222,0.0,0.0,0.0,0.0,1.95
4503,1.222,0.0,0.0,0.0,0.0,1.95
4504,1.222,0.0,0.0,0.0,0.0,1.95
4505,1.222,0.0,0.0,0.0,0.0,1.95
4506,1.222,0.0,0.0,0.0,0.0,1.95
4507,1.222,0.0,0.0,0.0,0.0,1.95
4508,1.2225,0.5,0.1,0.0,0.0015,1.95
4509,1.2225,0.5,0.1,0.0,0.0015,1.95
4510,1.222,0.0,0.0,0.0,0.0,1.95
4511,1.2225,0.5,0.1,0.0,0.0015,1.95
4512,1.2225,0.5,0.1,0.0,0.0015,1.95
4513,1.222,0.0,0.0,0.0,0.0,1.95
4514,1.2225,0.5,0.1,0.0,0.0015,1.95
4515,1.222,0.0,0.0,0.0,0.0,1.95
4516,1.2225,0.5,0.1,0.0,0.0015,1.95
4517,1.2225,0.5,0.1,0.0,0.0015,1.95
4518,1.2225,0.5,0.1,0.0,0.0015,1.95
4519,1.222,0.0,0.0,0.0,0.0,1.95
4520,1.222,0.0,0.0,0.0,0.0,1.95
4521,1.222,0.0,0.0,0.0,0.0,1.95
4522,1.222,0.0,0.0,0.0,0.0,1.95
4523,1.222,0.0,0.0,0.0,0.0,1.95
4524,1.222,0.0,0.0,0.0,0.0,1.95
4525,1.222,0.0,0.0,0.0,0.0,1.95
4526,1.2225,0.5,0.1,0.0,0.0015,1.95
4527,1.222,0.0,0.0,0.0,0.0,1.95
4528,1.2225,0.5,0.1,0.0,0.0015,1.95
4529,1.222,0.0,0.0,0.0,0.0,1.95
4530,1.2225,0.5,0.1,0.0,0.0015,1.95
4531,1.2225,0.5,0.1,0.0,0.0015,1.95
4532,1.2225,0.5,0.1,0.0,0.0015,1.95
4533,1.2225,0.5,0.1,0.0,0.0015,1.95
4534,1.222,0.0,0.0,0.0,0.0,1.95
4535,1.2225,0.5,0.1,0.0,0.0015,1.95
4536,1.222,0.0,0.0,0.0,0.0,1.95
4537,1.2225,0.5,0.1,0.0,0.0015,1.95
4538,1.2225,0.5,0.1,0.0,0.0015,1.95
4539,1.222,0.0,0.0,0.0,0.0,1.95
4540,1.2225,0.5,0.1,0.0,0.0015,1.95
4541,1.222,0.0,0.0,0.0,0.0,1.95
4542,1.2225,0.5,0.1,0.0,0.0015,1.95
4543,1.2225,0.5,0.1,0.0,0.0015,1.95
4544,1.222,0.0,0.0,0.0,0.0,1.95
4545,1.2225,0.5,0.1,0.0,0.0015,1.95
4546,1.222,0.0,0.0,0.0,0.0,1.95
4547,1.2225,0.5,0.1,0.0,0.0015,1.95
4548,1.222,0.0,0.0,0.0,0.0,1.95
4549,1.2225,0.5,0.1,0.0,0.0015,1.95
4550,1.2225,0.5,0.1,0.0,0.0015,1.95
4551,1.222,0.0,0.0,0.0,0.0,1.95
4552,1.222,0.0,0.0,0.0,0.0,1.95
4553,1.2225,0.5,0.1,0.0,0.0015,1.95
4554,1.222,0.0,0.0,0.0,0.0,1.95
4555,1.222,0.0,0.0,0.0,0.0,1.95
4556,1.222,0.0,0.0,0.0,0.0,1.95
4557,1.222,0.0,0.0,0.0,0.0,1.95
4558,1.222,0.0,0.0,0.0,0.0,1.95
4559,1.2225,0.5,0.1,0.0,0.0015,1.95
4560,1.2225,0.5,0.1,0.0,0.0015,1.95
4561,1.2225,0.5,0.1,0.0,0.0015,1.95
4562,1.222,0.0,0.0,0.0,0.0,1.95
4563,1.2225,0.5,0.1,0.0,0.0015,1.95
4564,1.222,0.0,0.0,0.0,0.0,1.95
4565,1.2225,0.5,0.1,0.0,0.0015,1.95
4566,1.2225,0.5,0.1,0.0,0.0015,1.95
4567,1.222,0.0,0.0,0.0,0.0,1.95
4568,1.2225,0.5,0.1,0.0,0.0015,1.95
4569,1.222,0.0,0.0,0.0,0.0,1.95
4570,1.222,0.0,0.0,0.0,0.0,1.95
4571,1.222,0.0,0.0,0.0,0.0,1.95
4572,1.222,0.0,0.0,0.0,0.0,1.95
4573,1.222,0.0,0.0,0.0,0.0,1.95
4574,1.222,0.0,0.0,0.0,0.0,1.95
4575,1.222,0.0,0.0,0.0,0.0,1.95
4576,1.222,0.0,0.0,0.0,0.0,1.95
4577,1.2225,0.5,0.1,0.0,0.0015,1.95
4578,1.2225,0.5,0.1,0.0,0.0015,1.95
4579,1.2225,0.5,0.1,0.0,0.0015,1.95
4580,1.2225,0.5,0.1,0.0,0.0015,1.95
4581,1.222,0.0,0.0,0.0,0.0,1.95
4582,1.2225,0.5,0.1,0.0,0.0015,1.95
4583,1.222,0.0,0.0,0.0,0.0,1.95
4584,1.2225,0.5,0.1,0.0,0.0015,1.95
4585,1.222,0.0,0.0,0.0,0.0,1.95
4586,1.2225,0.5,0.1,0.0,0.0015,1.95
4587,1.2225,0.5,0.1,0.0,0.0015,1.95
4588,1.2225,0.5,0.1,0.0,0.0015,1.95
4589,1.222,0.0,0.0,0.0,0.0,1.95
4590,1.222,0.0,0.0,0.0,0.0,1.95
4591,1.2225,0.5,0.1,0.0,0.0015,1.95
4592,1.2225,0.5,0.1,0.0,0.0015,1.95
4593,1.222,0.0,0.0,0.0,0.0,1.95
4594,1.2225,0.5,0.1,0.0,0.0015,1.95
4595,1.222,0.0,0.0,0.0,0.0,1.95
4596,1.222,0.0,0.0,0.0,0.0,1.95
4597,1.222,0.0,0.0,0.0,0.0,1.95
4598,1.222,0.0,0.0,0.0,0.0,1.95
4599,1.222,0.0,0.0,0.0,0.0,1.95
4600,1.2225,0.5,0.1,0.0,0.0015,1.95
4601,1.222,0.0,0.0,0.0,0.0,1.95
4602,1.2225,0.5,0.1,0.0,0.0015,1.95
4603,1.222,0.0,0.0,0.0,0.0,1.95
4604,1.2225,0.5,0.1,0.0,0.0015,1.95
4605,1.2225,0.5,0.1,0.0,0.0015,1.95
4606,1.222,0.0,0.0,0.0,0.0,1.95
4607,1.2225,0.5,0.1,0.0,0.0015,1.95
4608,1.222,0.0,0.0,0.0,0.0,1.95
4609,1.222,0.0,0.0,0.0,0.0,1.95
4610,1.2225,0.5,0.1,0.0,0.0015,1.95
4611,1.2225,0.5,0.1,0.0,0.0015,1.95
4612,1.222,0.0,0.0,0.0,0.0,1.95
4613,1.2225,0.5,0.1,0.0,0.0015,1.95
4614,1.222,0.0,0.0,0.0,0.0,1.95
4615,1.2225,0.5,0.1,0.0,0.0015,1.95
4616,1.222,0.0,0.0,0.0,0.0,1.95
4617,1.222,0.0,0.0,0.0,0.0,1.95
4618,1.2225,0.5,0.1,0.0,0.0015,1.95
4619,1.222,0.0,0.0,0.0,0.0,1.95
4620,1.222,0.0,0.0,0.0,0.0,1.95
4621,1.222,0.0,0.0,0.0,0.0,1.95
4622,1.2225,0.5,0.1,0.0,0.0015,1.95
4623,1.2225,0.5,0.1,0.0,0.0015,1.95
4624,1.2225,0.5,0.1,0.0,0.0015,1.95
4625,1.222,0.0,0.0,0.0,0.0,1.95
4626,1.2225,0.5,0.1,0.0,0.0015,1.95
4627,1.222,0.0,0.0,0.0,0.0,1.95
4628,1.222,0.0,0.0,0.0,0.0,1.95
4629,1.222,0.0,0.0,0.0,0.0,1.95
4630,1.222,0.0,0.0,0.0,0.0,1.95
4631,1.222,0.0,0.0,0.0,0.0,1.95
4632,1.2225,0.5,0.1,0.0,0.0015,1.95
4633,1.222,0.0,0.0,0.0,0.0,1.95
4634,1.222,0.0,0.0,0.0,0.0,1.95
4635,1.222,0.0,0.0,0.0,0.0,1.95
4636,1.2225,0.5,0.1,0.0,0.0015,1.95
4637,1.222,0.0,0.0,0.0,0.0,1.95
4638,1.2225,0.5,0.1,0.0,0.0015,1.95
4639,1.2225,0.5,0.1,0.0,0.0015,1.95
4640,1.2225,0.5,0.1,0.0,0.0015,1.95
4641,1.2225,0.5,0.1,0.0,0.0015,1.95
4642,1.222,0.0,0.0,0.0,0.0,1.95
4643,1.2225,0.5,0.1,0.0,0.0015,1.95
4644,1.222,0.0,0.0,0.0,0.0,1.95
4645,1.222,0.0,0.0,0.0,0.0,1.95
4646,1.222,0.0,0.0,0.0,0.0,1.95
4647,1.222,0.0,0.0,0.0,0.0,1.95
4648,1.222,0.0,0.0,0.0,0.0,1.95
4649,1.222,0.0,0.0,0.0,0.0,1.95
4650,1.222,0.0,0.0,0.0,0.0,1.95
4651,1.2225,0.5,0.1,0.0,0.0015,1.95
4652,1.2225,0.5,0.1,0.0,0.0015,1.95
4653,1.222,0.0,0.0,0.0,0.0,1.95
4654,1.222,0.0,0.0,0.0,0.0,1.95
4655,1.222,0.0,0.0,0.0,0.0,1.95
4656,1.222,0.0,0.0,0.0,0.0,1.95
4657,1.222,0.0,0.0,0.0,0.0,1.95
4658,1.222,0.0,0.0,0.0,0.0,1.95
4659,1.222,0.0,0.0,0.0,0.0,1.95
4660,1.222,0.0,0.0,0.0,0.0,1.95
4661,1.2225,0.5,0.1,0.0,0.0015,1.95
4662,1.222,0.0,0.0,0.0,0.0,1.95
4663,1.222,0.0,0.0,0.0,0.0,1.95
4664,1.222,0.0,0.0,0.0,0.0,1.95
4665,1.222,0.0,0.0,0.0,0.0,1.95
4666,1.2225,0.5,0.1,0.0,0.0015,1.95
4667,1.2225,0.5,0.1,0.0,0.0015,1.95
4668,1.2225,0.5,0.1,0.0,0.0015,1.95
4669,1.222,0.0,0.0,0.0,0.0,1.95
4670,1.222,0.0,0.0,0.0,0.0,1.95
4671,1.2225,0.5,0.1,0.0,0.0015,1.95
4672,1.222,0.0,0.0,0.0,0.0,1.95
4673,1.2225,0.5,0.1,0.0,0.0015,1.95
4674,1.222,0.0,0.0,0.0,0.0,1.95
4675,1.222,0.0,0.0,0.0,0.0,1.95
4676,1.222,0.0,0.0,0.0,0.0,1.95
4677,1.222,0.0,0.0,0.0,0.0,1.95
4678,1.222,0.0,0.0,0.0,0.0,1.95
4679,1.222,0.0,0.0,0.0,0.0,1.95
4680,1.2225,0.5,0.1,0.0,0.0015,1.95
4681,1.222,0.0,0.0,0.0,0.0,1.95
4682,1.222,0.0,0.0,0.0,0.0,1.95
4683,1.2225,0.5,0.1,0.0,0.0015,1.95
4684,1.222,0.0,0.0,0.0,0.0,1.95
4685,1.2225,0.5,0.1,0.0,0.0015,1.95
4686,1.2225,0.5,0.1,0.0,0.0015,1.95
4687,1.2225,0.5,0.1,0.0,0.0015,1.95
4688,1.222,0.0,0.0,0.0,0.0,1.95
4689,1.2225,0.5,0.1,0.0,0.0015,1.95
4690,1.2225,0.5,0.1,0.0,0.0015,1.95
4691,1.222,0.0,0.0,0.0,0.0,1.95
4692,1.222,0.0,0.0,0.0,0.0,1.95
4693,1.222,0.0,0.0,0.0,0.0,1.95
4694,1.2225,0.5,0.1,0.0,0.0015,1.95
4695,1.222,0.0,0.0,0.0,0.0,1.95
4696,1.2225,0.5,0.1,0.0,0.0015,1.95
4697,1.222,0.0,0.0,0.0,0.0,1.95
4698,1.222,0.0,0.0,0.0,0.0,1.95
4699,1.222,0.0,0.0,0.0,0.0,1.95
4700,1.222,0.0,0.0,0.0,0.0,1.95
4701,1.222,0.0,0.0,0.0,0.0,1.95
4702,1.2225,0.5,0.1,0.0,0.0015,1.95
4703,1.222,0.0,0.0,0.0,0.0,1.95
4704,1.2225,0.5,0.1,0.0,0.0015,1.95
4705,1.2225,0.5,0.1,0.0,0.0015,1.95
4706,1.2225,0.5,0.1,0.0,0.0015,1.95
4707,1.222,0.0,0.0,0.0,0.0,1.95
4708,1.2225,0.5,0.1,0.0,0.0015,1.95
4709,1.2225,0.5,0.1,0.0,0.0015,1.95
4710,1.222,0.0,0.0,0.0,0.0,1.95
4711,1.2225,0.5,0.1,0.0,0.0015,1.95
4712,1.2225,0.5,0.1,0.0,0.0015,1.95
4713,1.2225,0.5,0.1,0.0,0.0015,1.95
4714,1.222,0.0,0.0,0.0,0.0,1.95
4715,1.222,0.0,0.0,0.0,0.0,1.95
4716,1.2225,0.5,0.1,0.0,0.0015,1.95
4717,1.222,0.0,0.0,0.0,0.0,1.95
4718,1.222,0.0,0.0,0.0,0.0,1.95
4719,1.2225,0.5,0.1,0.0,0.0015,1.95
4720,1.222,0.0,0.0,0.0,0.0,1.95
4721,1.222,0.0,0.0,0.0,0.0,1.95
4722,1.222,0.0,0.0,0.0,0.0,1.95
4723,1.2225,0.5,0.1,0.0,0.0015,1.95
4724,1.2225,0.5,0.1,0.0,0.0015,1.95
4725,1.222,0.0,0.0,0.0,0.0,1.95
4726,1.222,0.0,0.0,0.0,0.0,1.95
4727,1.222,0.0,0.0,0.0,0.0,1.95
4728,1.222,0.0,0.0,0.0,0.0,1.95
4729,1.2225,0.5,0.1,0.0,0.0015,1.95
4730,1.222,0.0,0.0,0.0,0.0,1.95
4731,1.222,0.0,0.0,0.0,0.0,1.95
4732,1.2225,0.5,0.1,0.0,0.0015,1.95
4733,1.222,0.0,0.0,0.0,0.0,1.95
4734,1.222,0.0,0.0,0.0,0.0,1.95
4735,1.222,0.0,0.0,0.0,0.0,1.95
4736,1.2225,0.5,0.1,0.0,0.0015,1.95
1,0.022,0.5,0.1,0.02,0.0025,1.95
2,0.022,0.5,0.1,0.02,0.0025,1.95
3,0.022,0.5,0.1,0.02,0.0025,1.95
4,0.022,0.5,0.1,0.02,0.0025,1.95
5,1.222,0.0,0.0,0.0,0.0,1.95
6,0.022,0.5,0.1,0.02,0.0025,1.95
7,1.222,0.0,0.0,0.0,0.0,1.95
8,1.222,0.0,0.0,0.0,0.0,1.95
9,1.222,0.0,0.0,0.0,0.0,1.95
10,0.022,0.5,0.1,0.02,0.0025,1.95
11,1.222,0.0,0.0,0.0,0.0,1.95
12,0.022,0.5,0.1,0.02,0.0025,1.95
13,0.022,0.5,0.1,0.02,0.0025,1.95
14,0.022,0.5,0.1,0.02,0.0025,1.95
15,1.222,0.0,0.0,0.0,0.0,1.95
16,1.222,0.0,0.0,0.0,0.0,1.95
17,0.022,0.5,0.1,0.02,0.0025,1.95
18,0.022,0.5,0.1,0.02,0.0025,1.95
19,1.222,0.0,0.0,0.0,0.0,1.95
20,1.222,0.0,0.0,0.0,0.0,1.95
21,1.222,0.0,0.0,0.0,0.0,1.95
22,1.222,0.0,0.0,0.0,0.0,1.95
23,1.222,0.0,0.0,0.0,0.0,1.95
24,1.222,0.0,0.0,0.0,0.0,1.95
25,0.022,0.5,0.1,0.02,0.0025,1.95
26,0.022,0.5,0.1,0.02,0.0025,1.95
27,1.222,0.0,0.0,0.0,0.0,1.95
28,1.222,0.0,0.0,0.0,0.0,1.95
29,0.022,0.5,0.1,0.02,0.0025,1.95
30,1.222,0.0,0.0,0.0,0.0,1.95
31,0.022,0.5,0.1,0.02,0.0025,1.95
32,0.022,0.5,0.1,0.02,0.0025,1.95
33,1.222,0.0,0.0,0.0,0.0,1.95
34,1.222,0.0,0.0,0.0,0.0,1.95
35,0.022,0.5,0.1,0.02,0.0025,1.95
36,1.222,0.0,0.0,0.0,0.0,1.95
37,0.022,0.5,0.1,0.02,0.0025,1.95
38,0.022,0.5,0.1,0.02,0.0025,1.95
39,1.222,0.0,0.0,0.0,0.0,1.95
40,1.222,0.0,0.0,0.0,0.0,1.95
41,1.222,0.0,0.0,0.0,0.0,1.95
42,0.022,0.5,0.1,0.02,0.0025,1.95
43,1.222,0.0,0.0,0.0,0.0,1.95
44,1.222,0.0,0.0,0.0,0.0,1.95
45,0.022,0.5,0.1,0.02,0.0025,1.95
46,0.022,0.5,0.1,0.02,0.0025,1.95
47,0.022,0.5,0.1,0.02,0.0025,1.95
48,0.022,0.5,0.1,0.02,0.0025,1.95
49,1.222,0.0,0.0,0.0,0.0,1.95
50,1.222,0.0,0.0,0.0,0.0,1.95
51,0.022,0.5,0.1,0.02,0.0025,1.95
52,1.222,0.0,0.0,0.0,0.0,1.95
53,0.022,0.5,0.1,0.02,0.0025,1.95
54,1.222,0.0,0.0,0.0,0.0,1.95
55,1.222,0.0,0.0,0.0,0.0,1.95
56,1.222,0.0,0.0,0.0,0.0,1.95
57,0.022,0.5,0.1,0.02,0.0025,1.95
58,1.222,0.0,0.0,0.0,0.0,1.95
59,1.222,0.0,0.0,0.0,0.0,1.95
60,0.022,0.5,0.1,0.02,0.0025,1.95
61,1.222,0.0,0.0,0.0,0.0,1.95
62,1.222,0.0,0.0,0.0,0.0,1.95
63,1.222,0.0,0.0,0.0,0.0,1.95
64,0.022,0.5,0.1,0.02,0.0025,1.95
65,1.222,0.0,0.0,0.0,0.0,1.95
66,0.022,0.5,0.1,0.02,0.0025,1.95
67,1.222,0.0,0.0,0.0,0.0,1.95
68,1.222,0.0,0.0,0.0,0.0,1.95
69,1.222,0.0,0.0,0.0,0.0,1.95
70,0.022,0.5,0.1,0.02,0.0025,1.95
71,0.022,0.5,0.1,0.02,0.0025,1.95
72,0.022,0.5,0.1,0.02,0.0025,1.95
73,1.222,0.0,0.0,0.0,0.0,1.95
74,1.222,0.0,0.0,0.0,0.0,1.95
75,0.022,0.5,0.1,0.02,0.0025,1.95
76,0.022,0.5,0.1,0.02,0.0025,1.95
77,0.022,0.5,0.1,0.02,0.0025,1.95
78,1.222,0.0,0.0,0.0,0.0,1.95
79,1.222,0.0,0.0,0.0,0.0,1.95
80,0.022,0.5,0.1,0.02,0.0025,1.95
81,1.222,0.0,0.0,0.0,0.0,1.95
82,0.022,0.5,0.1,0.02,0.0025,1.95
83,1.222,0.0,0.0,0.0,0.0,1.95
84,1.222,0.0,0.0,0.0,0.0,1.95
85,1.222,0.0,0.0,0.0,0.0,1.95
86,1.222,0.0,0.0,0.0,0.0,1.95
87,1.222,0.0,0.0,0.0,0.0,1.95
88,0.022,0.5,0.1,0.02,0.0025,1.95
89,1.222,0.0,0.0,0.0,0.0,1.95
90,1.222,0.0,0.0,0.0,0.0,1.95
91,1.222,0.0,0.0,0.0,0.0,1.95
92,0.022,0.5,0.1,0.02,0.0025,1.95
93,0.022,0.5,0.1,0.02,0.0025,1.95
94,1.222,0.0,0.0,0.0,0.0,1.95
95,0.022,0.5,0.1,0.02,0.0025,1.95
96,1.222,0.0,0.0,0.0,0.0,1.95
97,1.222,0.0,0.0,0.0,0.0,1.95
98,1.222,0.0,0.0,0.0,0.0,1.95
99,1.222,0.0,0.0,0.0,0.0,1.95
100,0.022,0.5,0.1,0.02,0.0025,1.95
101,0.022,0.5,0.1,0.02,0.0025,1.95
102,0.022,0.5,0.1,0.02,0.0025,1.95
103,0.022,0.5,0.1,0.02,0.0025,1.95
104,0.022,0.5,0.1,0.02,0.0025,1.95
105,1.222,0.0,0.0,0.0,0.0,1.95
106,0.022,0.5,0.1,0.02,0.0025,1.95
107,0.022,0.5,0.1,0.02,0.0025,1.95
108,0.022,0.5,0.1,0.02,0.0025,1.95
109,1.222,0.0,0.0,0.0,0.0,1.95
110,0.022,0.5,0.1,0.02,0.0025,1.95
111,0.022,0.5,0.1,0.02,0.0025,1.95
112,1.222,0.0,0.0,0.0,0.0,1.95
113,1.222,0.0,0.0,0.0,0.0,1.95
114,0.022,0.5,0.1,0.02,0.0025,1.95
115,1.222,0.0,0.0,0.0,0.0,1.95
116,1.222,0.0,0.0,0.0,0.0,1.95
117,0.022,0.5,0.1,0.02,0.0025,1.95
118,1.222,0.0,0.0,0.0,0.0,1.95
119,0.022,0.5,0.1,0.02,0.0025,1.95
120,1.222,0.0,0.0,0.0,0.0,1.95
121,0.022,0.5,0.1,0.02,0.0025,1.95
122,1.222,0.0,0.0,0.0,0.0,1.95
123,0.022,0.5,0.1,0.02,0.0025,1.95
124,0.022,0.5,0.1,0.02,0.0025,1.95
125,1.222,0.0,0.0,0.0,0.0,1.95
126,0.022,0.5,0.1,0.02,0.0025,1.95
127,1.222,0.0,0.0,0.0,0.0,1.95
128,0.022,0.5,0.1,0.02,0.0025,1.95
129,0.022,0.5,0.1,0.02,0.0025,1.95
130,0.022,0.5,0.1,0.02,0.0025,1.95
131,0.022,0.5,0.1,0.02,0.0025,1.95
132,1.222,0.0,0.0,0.0,0.0,1.95
133,1.222,0.0,0.0,0.0,0.0,1.95
134,0.022,0.5,0.1,0.02,0.0025,1.95
135,0.022,0.5,0.1,0.02,0.0025,1.95
136,0.022,0.5,0.1,0.02,0.0025,1.95
137,1.2225,0.5,0.1,0.0,0.0015,1.95
138,1.2225,0.5,0.1,0.0,0.0015,1.95
139,1.222,0.0,0.0,0.0,0.0,1.95
140,1.2225,0.5,0.1,0.0,0.0015,1.95
141,1.2225,0.5,0.1,0.0,0.0015,1.95
142,1.2225,0.5,0.1,0.0,0.0015,1.95
143,1.2225,0.5,0.1,0.0,0.0015,1.95
144,1.222,0.0,0.0,0.0,0.0,1.95
145,1.2225,0.5,0.1,0.0,0.0015,1.95
146,1.222,0.0,0.0,0.0,0.0,1.95
147,1.222,0.0,0.0,0.0,0.0,1.95
148,1.222,0.0,0.0,0.0,0.0,1.95
149,1.2225,0.5,0.1,0.0,0.0015,1.95
150,1.2225,0.5,0.1,0.0,0.0015,1.95
151,1.222,0.0,0.0,0.0,0.0,1.95
152,1.222,0.0,0.0,0.0,0.0,1.95
153,1.222,0.0,0.0,0.0,0.0,1.95
154,1.222,0.0,0.0,0.0,0.0,1.95
155,1.222,0.0,0.0,0.0,0.0,1.95
156,1.2225,0.5,0.1,0.0,0.0015,1.95
157,1.222,0.0,0.0,0.0,0.0,1.95
158,1.2225,0.5,0.1,0.0,0.0015,1.95
159,1.2225,0.5,0.1,0.0,0.0015,1.95
160,1.2225,0.5,0.1,0.0,0.0015,1.95
161,1.222,0.0,0.0,0.0,0.0,1.95
162,1.2225,0.5,0.1,0.0,0.0015,1.95
163,1.222,0.0,0.0,0.0,0.0,1.95
164,1.222,0.0,0.0,0.0,0.0,1.95
165,1.222,0.0,0.0,0.0,0.0,1.95
166,1.2225,0.5,0.1,0.0,0.0015,1.95
167,1.2225,0.5,0.1,0.0,0.0015,1.95
168,1.2225,0.5,0.1,0.0,0.0015,1.95
169,1.222,0.0,0.0,0.0,0.0,1.95
170,1.2225,0.5,0.1,0.0,0.0015,1.95
171,1.222,0.0,0.0,0.0,0.0,1.95
172,1.2225,0.5,0.1,0.0,0.0015,1.95
173,1.2225,0.5,0.1,0.0,0.0015,1.95
174,1.2225,0.5,0.1,0.0,0.0015,1.95
175,1.2225,0.5,0.1,0.0,0.0015,1.95
176,1.222,0.0,0.0,0.0,0.0,1.95
177,1.222,0.0,0.0,0.0,0.0,1.95
178,1.222,0.0,0.0,0.0,0.0,1.95
179,1.2225,0.5,0.1,0.0,0.0015,1.95
180,1.2225,0.5,0.1,0.0,0.0015,1.95
181,1.222,0.0,0.0,0.0,0.0,1.95
182,1.2225,0.5,0.1,0.0,0.0015,1.95
183,1.222,0.0,0.0,0.0,0.0,1.95
184,1.2225,0.5,0.1,0.0,0.0015,1.95
185,1.2225,0.5,0.1,0.0,0.0015,1.95
186,1.222,0.0,0.0,0.0,0.0,1.95
187,1.222,0.0,0.0,0.0,0.0,1.95
188,1.2225,0.5,0.1,0.0,0.0015,1.95
189,1.2225,0.5,0.1,0.0,0.0015,1.95
190,1.222,0.0,0.0,0.0,0.0,1.95
191,1.2225,0.5,0.1,0.0,0.0015,1.95
192,1.2225,0.5,0.1,0.0,0.0015,1.95
193,1.2225,0.5,0.1,0.0,0.0015,1.95
194,1.2225,0.5,0.1,0.0,0.0015,1.95
195,1.222,0.0,0.0,0.0,0.0,1.95
196,1.222,0.0,0.0,0.0,0.0,1.95
197,1.2225,0.5,0.1,0.0,0.0015,1.95
198,1.222,0.0,0.0,0.0,0.0,1.95
199,1.2225,0.5,0.1,0.0,0.0015,1.95
200,1.2225,0.5,0.1,0.0,0.0015,1.95
201,1.222,0.0,0.0,0.0,0.0,1.95
202,1.222,0.0,0.0,0.0,0.0,1.95
203,1.222,0.0,0.0,0.0,0.0,1.95
204,1.222,0.0,0.0,0.0,0.0,1.95
205,1.222,0.0,0.0,0.0,0.0,1.95
206,1.222,0.0,0.0,0.0,0.0,1.95
207,1.222,0.0,0.0,0.0,0.0,1.95
208,1.2225,0.5,0.1,0.0,0.0015,1.95
209,1.222,0.0,0.0,0.0,0.0,1.95
210,1.2225,0.5,0.1,0.0,0.0015,1.95
211,1.2225,0.5,0.1,0.0,0.0015,1.95
212,1.222,0.0,0.0,0.0,0.0,1.95
213,1.2225,0.5,0.1,0.0,0.0015,1.95
214,1.222,0.0,0.0,0.0,0.0,1.95
215,1.2225,0.5,0.1,0.0,0.0015,1.95
216,1.222,0.0,0.0,0.0,0.0,1.95
217,1.2225,0.5,0.1,0.0,0.0015,1.95
218,1.2225,0.5,0.1,0.0,0.0015,1.95
219,1.2225,0.5,0.1,0.0,0.0015,1.95
220,1.222,0.0,0.0,0.0,0.0,1.95
221,1.2225,0.5,0.1,0.0,0.0015,1.95
222,1.2225,0.5,0.1,0.0,0.0015,1.95
223,1.222,0.0,0.0,0.0,0.0,1.95
224,1.222,0.0,0.0,0.0,0.0,1.95
225,1.2225,0.5,0.1,0.0,0.0015,1.95
226,1.2225,0.5,0.1,0.0,0.0015,1.95
227,1.2225,0.5,0.1,0.0,0.0015,1.95
228,1.2225,0.5,0.1,0.0,0.0015,1.95
229,1.222,0.0,0.0,0.0,0.0,1.95
230,1.2225,0.5,0.1,0.0,0.0015,1.95
231,1.2225,0.5,0.1,0.0,0.0015,1.95
232,1.222,0.0,0.0,0.0,0.0,1.95
233,1.2225,0.5,0.1,0.0,0.0015,1.95
234,1.2225,0.5,0.1,0.0,0.0015,1.95
235,1.222,0.0,0.0,0.0,0.0,1.95
236,1.2225,0.5,0.1,0.0,0.0015,1.95
237,1.2225,0.5,0.1,0.0,0.0015,1.95
238,1.2225,0.5,0.1,0.0,0.0015,1.95
239,1.222,0.0,0.0,0.0,0.0,1.95
240,1.222,0.0,0.0,0.0,0.0,1.95
241,1.2225,0.5,0.1,0.0,0.0015,1.95
242,1.2225,0.5,0.1,0.0,0.0015,1.95
243,1.2225,0.5,0.1,0.0,0.0015,1.95
244,1.2225,0.5,0.1,0.0,0.0015,1.95
245,1.2225,0.5,0.1,0.0,0.0015,1.95
246,1.2225,0.5,0.1,0.0,0.0015,1.95
247,1.222,0.0,0.0,0.0,0.0,1.95
248,1.222,0.0,0.0,0.0,0.0,1.95
249,1.2225,0.5,0.1,0.0,0.0015,1.95
250,1.2225,0.5,0.1,0.0,0.0015,1.95
251,1.2225,0.5,0.1,0.0,0.0015,1.95
252,1.2225,0.5,0.1,0.0,0.0015,1.95
253,1.2225,0.5,0.1,0.0,0.0015,1.95
254,1.222,0.0,0.0,0.0,0.0,1.95
255,1.222,0.0,0.0,0.0,0.0,1.95
256,1.2225,0.5,0.1,0.0,0.0015,1.95
257,1.2225,0.5,0.1,0.0,0.0015,1.95
258,1.2225,0.5,0.1,0.0,0.0015,1.95
259,1.2225,0.5,0.1,0.0,0.0015,1.95
260,1.222,0.0,0.0,0.0,0.0,1.95
261,1.2225,0.5,0.1,0.0,0.0015,1.95
262,1.222,0.0,0.0,0.0,0.0,1.95
263,1.222,0.0,0.0,0.0,0.0,1.95
264,1.222,0.0,0.0,0.0,0.0,1.95
265,1.2225,0.5,0.1,0.0,0.0015,1.95
266,1.222,0.0,0.0,0.0,0.0,1.95
267,1.2225,0.5,0.1,0.0,0.0015,1.95
268,1.2225,0.5,0.1,0.0,0.0015,1.95
269,1.2225,0.5,0.1,0.0,0.0015,1.95
270,1.222,0.0,0.0,0.0,0.0,1.95
271,1.222,0.0,0.0,0.0,0.0,1.95
272,1.222,0.0,0.0,0.0,0.0,1.95
273,1.222,0.0,0.0,0.0,0.0,1.95
274,1.222,0.0,0.0,0.0,0.0,1.95
275,1.2225,0.5,0.1,0.0,0.0015,1.95
276,1.222,0.0,0.0,0.0,0.0,1.95
277,1.222,0.0,0.0,0.0,0.0,1.95
278,1.222,0.0,0.0,0.0,0.0,1.95
279,1.222,0.0,0.0,0.0,0.0,1.95
280,1.222,0.0,0.0,0.0,0.0,1.95
281,1.2225,0.5,0.1,0.0,0.0015,1.95
282,1.222,0.0,0.0,0.0,0.0,1.95
283,1.222,0.0,0.0,0.0,0.0,1.95
284,1.2225,0.5,0.1,0.0,0.0015,1.95
285,1.2225,0.5,0.1,0.0,0.0015,1.95
286,1.2225,0.5,0.1,0.0,0.0015,1.95
287,1.222,0.0,0.0,0.0,0.0,1.95
288,1.2225,0.5,0.1,0.0,0.0015,1.95
289,1.222,0.0,0.0,0.0,0.0,1.95
290,1.222,0.0,0.0,0.0,0.0,1.95
291,1.222,0.0,0.0,0.0,0.0,1.95
292,1.222,0.0,0.0,0.0,0.0,1.95
293,1.2225,0.5,0.1,0.0,0.0015,1.95
294,1.222,0.0,0.0,0.0,0.0,1.95
295,1.2225,0.5,0.1,0.0,0.0015,1.95
296,1.222,0.0,0.0,0.0,0.0,1.95
297,1.2225,0.5,0.1,0.0,0.0015,1.95
298,1.2225,0.5,0.1,0.0,0.0015,1.95
299,1.222,0.0,0.0,0.0,0.0,1.95
300,1.2225,0.5,0.1,0.0,0.0015,1.95
301,1.222,0.0,0.0,0.0,0.0,1.95
302,1.222,0.0,0.0,0.0,0.0,1.95
303,1.222,0.0,0.0,0.0,0.0,1.95
304,1.2225,0.5,0.1,0.0,0.0015,1.95
305,1.2225,0.5,0.1,0.0,0.0015,1.95
306,1.222,0.0,0.0,0.0,0.0,1.95
307,1.2225,0.5,0.1,0.0,0.0015,1.95
308,1.2225,0.5,0.1,0.0,0.0015,1.95
309,1.222,0.0,0.0,0.0,0.0,1.95
310,1.222,0.0,0.0,0.0,0.0,1.95
311,1.222,0.0,0.0,0.0,0.0,1.95
312,1.222,0.0,0.0,0.0,0.0,1.95
313,1.2225,0.5,0.1,0.0,0.0015,1.95
314,1.222,0.0,0.0,0.0,0.0,1.95
315,1.222,0.0,0.0,0.0,0.0,1.95
316,1.2225,0.5,0.1,0.0,0.0015,1.95
317,1.2225,0.5,0.1,0.0,0.0015,1.95
318,1.222,0.0,0.0,0.0,0.0,1.95
319,1.222,0.0,0.0,0.0,0.0,1.95
320,1.222,0.0,0.0,0.0,0.0,1.95
321,1.222,0.0,0.0,0.0,0.0,1.95
322,1.222,0.0,0.0,0.0,0.0,1.95
323,1.222,0.0,0.0,0.0,0.0,1.95
324,1.222,0.0,0.0,0.0,0.0,1.95
325,1.222,0.0,0.0,0.0,0.0,1.95
326,1.2225,0.5,0.1,0.0,0.0015,1.95
327,1.222,0.0,0.0,0.0,0.0,1.95
328,1.2225,0.5,0.1,0.0,0.0015,1.95
329,1.222,0.0,0.0,0.0,0.0,1.95
330,1.222,0.0,0.0,0.0,0.0,1.95
331,1.222,0.0,0.0,0.0,0.0,1.95
332,1.222,0.0,0.0,0.0,0.0,1.95
333,1.222,0.0,0.0,0.0,0.0,1.95
334,1.2225,0.5,0.1,0.0,0.0015,1.95
335,1.222,0.0,0.0,0.0,0.0,1.95
336,1.222,0.0,0.0,0.0,0.0,1.95
337,1.222,0.0,0.0,0.0,0.0,1.95
338,1.2225,0.5,0.1,0.0,0.0015,1.95
339,1.2225,0.5,0.1,0.0,0.0015,1.95
340,1.2225,0.5,0.1,0.0,0.0015,1.95
341,1.2225,0.5,0.1,0.0,0.0015,1.95
342,1.222,0.0,0.0,0.0,0.0,1.95
343,1.222,0.0,0.0,0.0,0.0,1.95
344,1.2225,0.5,0.1,0.0,0.0015,1.95
345,1.222,0.0,0.0,0.0,0.0,1.95
346,1.222,0.0,0.0,0.0,0.0,1.95
347,1.222,0.0,0.0,0.0,0.0,1.95
348,1.222,0.0,0.0,0.0,0.0,1.95
349,1.2225,0.5,0.1,0.0,0.0015,1.95
350,1.2225,0.5,0.1,0.0,0.0015,1.95
351,1.2225,0.5,0.1,0.0,0.0015,1.95
352,1.2225,0.5,0.1,0.0,0.0015,1.95
353,1.222,0.0,0.0,0.0,0.0,1.95
354,1.2225,0.5,0.1,0.0,0.0015,1.95
355,1.222,0.0,0.0,0.0,0.0,1.95
356,1.222,0.0,0.0,0.0,0.0,1.95
357,1.2225,0.5,0.1,0.0,0.0015,1.95
358,1.222,0.0,0.0,0.0,0.0,1.95
359,1.222,0.0,0.0,0.0,0.0,1.95
360,1.222,0.0,0.0,0.0,0.0,1.95
361,1.222,0.0,0.0,0.0,0.0,1.95
362,1.2225,0.5,0.1,0.0,0.0015,1.95
363,1.2225,0.5,0.1,0.0,0.0015,1.95
364,1.2225,0.5,0.1,0.0,0.0015,1.95
365,1.222,0.0,0.0,0.0,0.0,1.95
366,1.222,0.0,0.0,0.0,0.0,1.95
367,1.222,0.0,0.0,0.0,0.0,1.95
368,1.2225,0.5,0.1,0.0,0.0015,1.95
369,1.2225,0.5,0.1,0.0,0.0015,1.95
370,1.222,0.0,0.0,0.0,0.0,1.95
371,1.222,0.0,0.0,0.0,0.0,1.95
372,1.222,0.0,0.0,0.0,0.0,1.95
373,1.2225,0.5,0.1,0.0,0.0015,1.95
374,1.2225,0.5,0.1,0.0,0.0015,1.95
375,1.222,0.0,0.0,0.0,0.0,1.95
376,1.222,0.0,0.0,0.0,0.0,1.95
377,1.222,0.0,0.0,0.0,0.0,1.95
378,1.222,0.0,0.0,0.0,0.0,1.95
379,1.222,0.0,0.0,0.0,0.0,1.95
380,1.222,0.0,0.0,0.0,0.0,1.95
381,1.222,0.0,0.0,0.0,0.0,1.95
382,1.222,0.0,0.0,0.0,0.0,1.95
383,1.2225,0.5,0.1,0.0,0.0015,1.95
384,1.222,0.0,0.0,0.0,0.0,1.95
385,1.2225,0.5,0.1,0.0,0.0015,1.95
386,1.2225,0.5,0.1,0.0,0.0015,1.95
387,1.222,0.0,0.0,0.0,0.0,1.95
388,1.2225,0.5,0.1,0.0,0.0015,1.95
389,1.2225,0.5,0.1,0.0,0.0015,1.95
390,1.2225,0.5,0.1,0.0,0.0015,1.95
391,1.222,0.0,0.0,0.0,0.0,1.95
392,1.2225,0.5,0.1,0.0,0.0015,1.95
393,1.2225,0.5,0.1,0.0,0.0015,1.95
394,1.222,0.0,0.0,0.0,0.0,1.95
395,1.222,0.0,0.0,0.0,0.0,1.95
396,1.2225,0.5,0.1,0.0,0.0015,1.95
397,1.222,0.0,0.0,0.0,0.0,1.95
398,1.222,0.0,0.0,0.0,0.0,1.95
399,1.222,0.0,0.0,0.0,0.0,1.95
400,1.222,0.0,0.0,0.0,0.0,1.95
401,1.222,0.0,0.0,0.0,0.0,1.95
402,1.222,0.0,0.0,0.0,0.0,1.95
403,1.222,0.0,0.0,0.0,0.0,1.95
404,1.222,0.0,0.0,0.0,0.0,1.95
405,1.2225,0.5,0.1,0.0,0.0015,1.95
406,1.2225,0.5,0.1,0.0,0.0015,1.95
407,1.222,0.0,0.0,0.0,0.0,1.95
408,1.222,0.0,0.0,0.0,0.0,1.95
409,1.2225,0.5,0.1,0.0,0.0015,1.95
410,1.222,0.0,0.0,0.0,0.0,1.95
411,1.2225,0.5,0.1,0.0,0.0015,1.95
412,1.2225,0.5,0.1,0.0,0.0015,1.95
413,1.222,0.0,0.0,0.0,0.0,1.95
414,1.2225,0.5,0.1,0.0,0.0015,1.95
415,1.222,0.0,0.0,0.0,0.0,1.95
416,1.222,0.0,0.0,0.0,0.0,1.95
417,1.2225,0.5,0.1,0.0,0.0015,1.95
418,1.2225,0.5,0.1,0.0,0.0015,1.95
419,1.2225,0.5,0.1,0.0,0.0015,1.95
420,1.2225,0.5,0.1,0.0,0.0015,1.95
421,1.2225,0.5,0.1,0.0,0.0015,1.95
422,1.222,0.0,0.0,0.0,0.0,1.95
423,1.2225,0.5,0.1,0.0,0.0015,1.95
424,1.2225,0.5,0.1,0.0,0.0015,1.95
425,1.2225,0.5,0.1,0.0,0.0015,1.95
426,1.222,0.0,0.0,0.0,0.0,1.95
427,1.222,0.0,0.0,0.0,0.0,1.95
428,1.222,0.0,0.0,0.0,0.0,1.95
429,1.2225,0.5,0.1,0.0,0.0015,1.95
430,1.2225,0.5,0.1,0.0,0.0015,1.95
431,1.2225,0.5,0.1,0.0,0.0015,1.95
432,1.222,0.0,0.0,0.0,0.0,1.95
433,1.2225,0.5,0.1,0.0,0.0015,1.95
434,1.222,0.0,0.0,0.0,0.0,1.95
435,1.2225,0.5,0.1,0.0,0.0015,1.95
436,1.222,0.0,0.0,0.0,0.0,1.95
437,1.222,0.0,0.0,0.0,0.0,1.95
438,1.2225,0.5,0.1,0.0,0.0015,1.95
439,1.222,0.0,0.0,0.0,0.0,1.95
440,1.2225,0.5,0.1,0.0,0.0015,1.95
441,1.2225,0.5,0.1,0.0,0.0015,1.95
442,1.2225,0.5,0.1,0.0,0.0015,1.95
443,1.222,0.0,0.0,0.0,0.0,1.95
444,1.2225,0.5,0.1,0.0,0.0015,1.95
445,1.2225,0.5,0.1,0.0,0.0015,1.95
446,1.222,0.0,0.0,0.0,0.0,1.95
447,1.2225,0.5,0.1,0.0,0.0015,1.95
448,1.2225,0.5,0.1,0.0,0.0015,1.95
449,1.222,0.0,0.0,0.0,0.0,1.95
450,1.2225,0.5,0.1,0.0,0.0015,1.95
451,1.222,0.0,0.0,0.0,0.0,1.95
452,1.2225,0.5,0.1,0.0,0.0015,1.95
453,1.2225,0.5,0.1,0.0,0.0015,1.95
454,1.222,0.0,0.0,0.0,0.0,1.95
455,1.2225,0.5,0.1,0.0,0.0015,1.95
456,1.2225,0.5,0.1,0.0,0.0015,1.95
457,1.2225,0.5,0.1,0.0,0.0015,1.95
458,1.2225,0.5,0.1,0.0,0.0015,1.95
459,1.2225,0.5,0.1,0.0,0.0015,1.95
460,1.222,0.0,0.0,0.0,0.0,1.95
461,1.2225,0.5,0.1,0.0,0.0015,1.95
462,1.222,0.0,0.0,0.0,0.0,1.95
463,1.2225,0.5,0.1,0.0,0.0015,1.95
464,1.222,0.0,0.0,0.0,0.0,1.95
465,1.222,0.0,0.0,0.0,0.0,1.95
466,1.2225,0.5,0.1,0.0,0.0015,1.95
467,1.2225,0.5,0.1,0.0,0.0015,1.95
468,1.2225,0.5,0.1,0.0,0.0015,1.95
469,1.2225,0.5,0.1,0.0,0.0015,1.95
470,1.222,0.0,0.0,0.0,0.0,1.95
471,1.222,0.0,0.0,0.0,0.0,1.95
472,1.222,0.0,0.0,0.0,0.0,1.95
473,1.2225,0.5,0.1,0.0,0.0015,1.95
474,1.2225,0.5,0.1,0.0,0.0015,1.95
475,1.2225,0.5,0.1,0.0,0.0015,1.95
476,1.2225,0.5,0.1,0.0,0.0015,1.95
477,1.222,0.0,0.0,0.0,0.0,1.95
478,1.2225,0.5,0.1,0.0,0.0015,1.95
479,1.222,0.0,0.0,0.0,0.0,1.95
480,1.222,0.0,0.0,0.0,0.0,1.95
481,1.2225,0.5,0.1,0.0,0.0015,1.95
482,1.2225,0.5,0.1,0.0,0.0015,1.95
483,1.222,0.0,0.0,0.0,0.0,1.95
484,1.222,0.0,0.0,0.0,0.0,1.95
485,1.2225,0.5,0.1,0.0,0.0015,1.95
486,1.222,0.0,0.0,0.0,0.0,1.95
487,1.2225,0.5,0.1,0.0,0.0015,1.95
488,1.222,0.0,0.0,0.0,0.0,1.95
489,1.222,0.0,0.0,0.0,0.0,1.95
490,1.2225,0.5,0.1,0.0,0.0015,1.95
491,1.2225,0.5,0.1,0.0,0.0015,1.95
492,1.222,0.0,0.0,0.0,0.0,1.95
493,1.2225,0.5,0.1,0.0,0.0015,1.95
494,1.2225,0.5,0.1,0.0,0.0015,1.95
495,1.2225,0.5,0.1,0.0,0.0015,1.95
496,1.222,0.0,0.0,0.0,0.0,1.95
497,1.2225,0.5,0.1,0.0,0.0015,1.95
498,1.222,0.0,0.0,0.0,0.0,1.95
499,1.222,0.0,0.0,0.0,0.0,1.95
500,1.2225,0.5,0.1,0.0,0.0015,1.95
501,1.222,0.0,0.0,0.0,0.0,1.95
502,1.2225,0.5,0.1,0.0,0.0015,1.95
503,1.222,0.0,0.0,0.0,0.0,1.95
504,1.222,0.0,0.0,0.0,0.0,1.95
505,1.2225,0.5,0.1,0.0,0.0015,1.95
506,1.2225,0.5,0.1,0.0,0.0015,1.95
507,1.2225,0.5,0.1,0.0,0.0015,1.95
508,1.2225,0.5,0.1,0.0,0.0015,1.95
509,1.222,0.0,0.0,0.0,0.0,1.95
510,1.2225,0.5,0.1,0.0,0.0015,1.95
511,1.2225,0.5,0.1,0.0,0.0015,1.95
512,1.2225,0.5,0.1,0.0,0.0015,1.95
513,1.2225,0.5,0.1,0.0,0.0015,1.95
514,1.222,0.0,0.0,0.0,0.0,1.95
515,1.222,0.0,0.0,0.0,0.0,1.95
516,1.222,0.0,0.0,0.0,0.0,1.95
517,1.222,0.0,0.0,0.0,0.0,1.95
518,1.2225,0.5,0.1,0.0,0.0015,1.95
519,1.222,0.0,0.0,0.0,0.0,1.95
520,1.2225,0.5,0.1,0.0,0.0015,1.95
521,1.222,0.0,0.0,0.0,0.0,1.95
522,1.222,0.0,0.0,0.0,0.0,1.95
523,1.2225,0.5,0.1,0.0,0.0015,1.95
524,1.2225,0.5,0.1,0.0,0.0015,1.95
525,1.222,0.0,0.0,0.0,0.0,1.95
526,1.2225,0.5,0.1,0.0,0.0015,1.95
527,1.2225,0.5,0.1,0.0,0.0015,1.95
528,1.2225,0.5,0.1,0.0,0.0015,1.95
529,1.2225,0.5,0.1,0.0,0.0015,1.95
530,1.222,0.0,0.0,0.0,0.0,1.95
531,1.2225,0.5,0.1,0.0,0.0015,1.95
532,1.222,0.0,0.0,0.0,0.0,1.95
533,1.222,0.0,0.0,0.0,0.0,1.95
534,1.222,0.0,0.0,0.0,0.0,1.95
535,1.222,0.0,0.0,0.0,0.0,1.95
536,1.222,0.0,0.0,0.0,0.0,1.95
537,1.2225,0.5,0.1,0.0,0.0015,1.95
538,1.2225,0.5,0.1,0.0,0.0015,1.95
539,1.2225,0.5,0.1,0.0,0.0015,1.95
540,1.2225,0.5,0.1,0.0,0.0015,1.95
541,1.2225,0.5,0.1,0.0,0.0015,1.95
542,1.2225,0.5,0.1,0.0,0.0015,1.95
543,1.222,0.0,0.0,0.0,0.0,1.95
544,1.2225,0.5,0.1,0.0,0.0015,1.95
545,1.2225,0.5,0.1,0.0,0.0015,1.95
546,1.2225,0.5,0.1,0.0,0.0015,1.95
547,1.2225,0.5,0.1,0.0,0.0015,1.95
548,1.2225,0.5,0.1,0.0,0.0015,1.95
549,1.2225,0.5,0.1,0.0,0.0015,1.95
550,1.222,0.0,0.0,0.0,0.0,1.95
551,1.2225,0.5,0.1,0.0,0.0015,1.95
552,1.222,0.0,0.0,0.0,0.0,1.95
553,1.2225,0.5,0.1,0.0,0.0015,1.95
554,1.2225,0.5,0.1,0.0,0.0015,1.95
555,1.2225,0.5,0.1,0.0,0.0015,1.95
556,1.2225,0.5,0.1,0.0,0.0015,1.95
557,1.222,0.0,0.0,0.0,0.0,1.95
558,1.222,0.0,0.0,0.0,0.0,1.95
559,1.2225,0.5,0.1,0.0,0.0015,1.95
560,1.222,0.0,0.0,0.0,0.0,1.95
561,1.2225,0.5,0.1,0.0,0.0015,1.95
562,1.222,0.0,0.0,0.0,0.0,1.95
563,1.2225,0.5,0.1,0.0,0.0015,1.95
564,1.222,0.0,0.0,0.0,0.0,1.95
565,1.222,0.0,0.0,0.0,0.0,1.95
566,1.2225,0.5,0.1,0.0,0.0015,1.95
567,1.222,0.0,0.0,0.0,0.0,1.95
568,1.2225,0.5,0.1,0.0,0.0015,1.95
569,1.2225,0.5,0.1,0.0,0.0015,1.95
570,1.2225,0.5,0.1,0.0,0.0015,1.95
571,1.222,0.0,0.0,0.0,0.0,1.95
572,1.2225,0.5,0.1,0.0,0.0015,1.95
573,1.2225,0.5,0.1,0.0,0.0015,1.95
574,1.2225,0.5,0.1,0.0,0.0015,1.95
575,1.222,0.0,0.0,0.0,0.0,1.95
576,1.222,0.0,0.0,0.0,0.0,1.95
577,1.222,0.0,0.0,0.0,0.0,1.95
578,1.2225,0.5,0.1,0.0,0.0015,1.95
579,1.2225,0.5,0.1,0.0,0.0015,1.95
580,1.222,0.0,0.0,0.0,0.0,1.95
581,1.222,0.0,0.0,0.0,0.0,1.95
582,1.2225,0.5,0.1,0.0,0.0015,1.95
583,1.2225,0.5,0.1,0.0,0.0015,1.95
584,1.2225,0.5,0.1,0.0,0.0015,1.95
585,1.2225,0.5,0.1,0.0,0.0015,1.95
586,1.222,0.0,0.0,0.0,0.0,1.95
587,1.2225,0.5,0.1,0.0,0.0015,1.95
588,1.222,0.0,0.0,0.0,0.0,1.95
589,1.222,0.0,0.0,0.0,0.0,1.95
590,1.2225,0.5,0.1,0.0,0.0015,1.95
591,1.222,0.0,0.0,0.0,0.0,1.95
592,1.222,0.0,0.0,0.0,0.0,1.95
593,1.222,0.0,0.0,0.0,0.0,1.95
594,1.222,0.0,0.0,0.0,0.0,1.95
595,1.2225,0.5,0.1,0.0,0.0015,1.95
596,1.2225,0.5,0.1,0.0,0.0015,1.95
597,1.222,0.0,0.0,0.0,0.0,1.95
598,1.2225,0.5,0.1,0.0,0.0015,1.95
599,1.222,0.0,0.0,0.0,0.0,1.95
600,1.222,0.0,0.0,0.0,0.0,1.95
601,1.2225,0.5,0.1,0.0,0.0015,1.95
602,1.2225,0.5,0.1,0.0,0.0015,1.95
603,1.222,0.0,0.0,0.0,0.0,1.95
604,1.2225,0.5,0.1,0.0,0.0015,1.95
605,1.222,0.0,0.0,0.0,0.0,1.95
606,1.222,0.0,0.0,0.0,0.0,1.95
607,1.222,0.0,0.0,0.0,0.0,1.95
608,1.222,0.0,0.0,0.0,0.0,1.95
609,1.2225,0.5,0.1,0.0,0.0015,1.95
610,1.2225,0.5,0.1,0.0,0.0015,1.95
611,1.222,0.0,0.0,0.0,0.0,1.95
612,1.222,0.0,0.0,0.0,0.0,1.95
613,1.2225,0.5,0.1,0.0,0.0015,1.95
614,1.222,0.0,0.0,0.0,0.0,1.95
615,1.222,0.0,0.0,0.0,0.0,1.95
616,1.222,0.0,0.0,0.0,0.0,1.95
617,1.2225,0.5,0.1,0.0,0.0015,1.95
618,1.2225,0.5,0.1,0.0,0.0015,1.95
619,1.222,0.0,0.0,0.0,0.0,1.95
620,1.222,0.0,0.0,0.0,0.0,1.95
621,1.222,0.0,0.0,0.0,0.0,1.95
622,1.222,0.0,0.0,0.0,0.0,1.95
623,1.2225,0.5,0.1,0.0,0.0015,1.95
624,1.2225,0.5,0.1,0.0,0.0015,1.95
625,1.2225,0.5,0.1,0.0,0.0015,1.95
626,1.222,0.0,0.0,0.0,0.0,1.95
627,1.222,0.0,0.0,0.0,0.0,1.95
628,1.222,0.0,0.0,0.0,0.0,1.95
629,1.222,0.0,0.0,0.0,0.0,1.95
630,1.222,0.0,0.0,0.0,0.0,1.95
631,1.222,0.0,0.0,0.0,0.0,1.95
632,1.2225,0.5,0.1,0.0,0.0015,1.95
633,1.2225,0.5,0.1,0.0,0.0015,1.95
634,1.2225,0.5,0.1,0.0,0.0015,1.95
635,1.2225,0.5,0.1,0.0,0.0015,1.95
636,1.222,0.0,0.0,0.0,0.0,1.95
637,1.222,0.0,0.0,0.0,0.0,1.95
638,1.222,0.0,0.0,0.0,0.0,1.95
639,1.2225,0.5,0.1,0.0,0.0015,1.95
640,1.222,0.0,0.0,0.0,0.0,1.95
641,1.2225,0.5,0.1,0.0,0.0015,1.95
642,1.2225,0.5,0.1,0.0,0.0015,1.95
643,1.2225,0.5,0.1,0.0,0.0015,1.95
644,1.2225,0.5,0.1,0.0,0.0015,1.95
645,1.222,0.0,0.0,0.0,0.0,1.95
646,1.222,0.0,0.0,0.0,0.0,1.95
647,1.222,0.0,0.0,0.0,0.0,1.95
648,1.222,0.0,0.0,0.0,0.0,1.95
649,1.2225,0.5,0.1,0.0,0.0015,1.95
650,1.2225,0.5,0.1,0.0,0.0015,1.95
651,1.2225,0.5,0.1,0.0,0.0015,1.95
652,1.2225,0.5,0.1,0.0,0.0015,1.95
653,1.2225,0.5,0.1,0.0,0.0015,1.95
654,1.2225,0.5,0.1,0.0,0.0015,1.95
655,1.222,0.0,0.0,0.0,0.0,1.95
656,1.2225,0.5,0.1,0.0,0.0015,1.95
657,1.2225,0.5,0.1,0.0,0.0015,1.95
658,1.2225,0.5,0.1,0.0,0.0015,1.95
659,1.222,0.0,0.0,0.0,0.0,1.95
660,1.2225,0.5,0.1,0.0,0.0015,1.95
661,1.222,0.0,0.0,0.0,0.0,1.95
662,1.222,0.0,0.0,0.0,0.0,1.95
663,1.222,0.0,0.0,0.0,0.0,1.95
664,1.2225,0.5,0.1,0.0,0.0015,1.95
665,1.222,0.0,0.0,0.0,0.0,1.95
666,1.2225,0.5,0.1,0.0,0.0015,1.95
667,1.222,0.0,0.0,0.0,0.0,1.95
668,1.2225,0.5,0.1,0.0,0.0015,1.95
669,1.222,0.0,0.0,0.0,0.0,1.95
670,1.2225,0.5,0.1,0.0,0.0015,1.95
671,1.222,0.0,0.0,0.0,0.0,1.95
672,1.2225,0.5,0.1,0.0,0.0015,1.95
673,1.222,0.0,0.0,0.0,0.0,1.95
674,1.2225,0.5,0.1,0.0,0.0015,1.95
675,1.2225,0.5,0.1,0.0,0.0015,1.95
676,1.222,0.0,0.0,0.0,0.0,1.95
677,1.222,0.0,0.0,0.0,0.0,1.95
678,1.222,0.0,0.0,0.0,0.0,1.95
679,1.2225,0.5,0.1,0.0,0.0015,1.95
680,1.2225,0.5,0.1,0.0,0.0015,1.95
681,1.2225,0.5,0.1,0.0,0.0015,1.95
682,1.2225,0.5,0.1,0.0,0.0015,1.95
683,1.2225,0.5,0.1,0.0,0.0015,1.95
684,1.222,0.0,0.0,0.0,0.0,1.95
685,1.2225,0.5,0.1,0.0,0.0015,1.95
686,1.222,0.0,0.0,0.0,0.0,1.95
687,1.222,0.0,0.0,0.0,0.0,1.95
688,1.222,0.0,0.0,0.0,0.0,1.95
689,1.2225,0.5,0.1,0.0,0.0015,1.95
690,1.222,0.0,0.0,0.0,0.0,1.95
691,1.222,0.0,0.0,0.0,0.0,1.95
692,1.222,0.0,0.0,0.0,0.0,1.95
693,1.222,0.0,0.0,0.0,0.0,1.95
694,1.222,0.0,0.0,0.0,0.0,1.95
695,1.2225,0.5,0.1,0.0,0.0015,1.95
696,1.222,0.0,0.0,0.0,0.0,1.95
697,1.222,0.0,0.0,0.0,0.0,1.95
698,1.2225,0.5,0.1,0.0,0.0015,1.95
699,1.222,0.0,0.0,0.0,0.0,1.95
700,1.2225,0.5,0.1,0.0,0.0015,1.95
701,1.222,0.0,0.0,0.0,0.0,1.95
702,1.2225,0.5,0.1,0.0,0.0015,1.95
703,1.222,0.0,0.0,0.0,0.0,1.95
704,1.2225,0.5,0.1,0.0,0.0015,1.95
705,1.2225,0.5,0.1,0.0,0.0015,1.95
706,1.222,0.0,0.0,0.0,0.0,1.95
707,1.222,0.0,0.0,0.0,0.0,1.95
708,1.2225,0.5,0.1,0.0,0.0015,1.95
709,1.222,0.0,0.0,0.0,0.0,1.95
710,1.2225,0.5,0.1,0.0,0.0015,1.95
711,1.222,0.0,0.0,0.0,0.0,1.95
712,1.222,0.0,0.0,0.0,0.0,1.95
713,1.222,0.0,0.0,0.0,0.0,1.95
714,1.2225,0.5,0.1,0.0,0.0015,1.95
715,1.2225,0.5,0.1,0.0,0.0015,1.95
716,1.2225,0.5,0.1,0.0,0.0015,1.95
717,1.2225,0.5,0.1,0.0,0.0015,1.95
718,1.2225,0.5,0.1,0.0,0.0015,1.95
719,1.2225,0.5,0.1,0.0,0.0015,1.95
720,1.2225,0.5,0.1,0.0,0.0015,1.95
721,1.222,0.0,0.0,0.0,0.0,1.95
722,1.222,0.0,0.0,0.0,0.0,1.95
723,1.222,0.0,0.0,0.0,0.0,1.95
724,1.2225,0.5,0.1,0.0,0.0015,1.95
725,1.222,0.0,0.0,0.0,0.0,1.95
726,1.222,0.0,0.0,0.0,0.0,1.95
727,1.2225,0.5,0.1,0.0,0.0015,1.95
728,1.2225,0.5,0.1,0.0,0.0015,1.95
729,1.222,0.0,0.0,0.0,0.0,1.95
730,1.2225,0.5,0.1,0.0,0.0015,1.95
731,1.222,0.0,0.0,0.0,0.0,1.95
732,1.222,0.0,0.0,0.0,0.0,1.95
733,1.2225,0.5,0.1,0.0,0.0015,1.95
734,1.222,0.0,0.0,0.0,0.0,1.95
735,1.2225,0.5,0.1,0.0,0.0015,1.95
736,1.222,0.0,0.0,0.0,0.0,1.95
737,1.2225,0.5,0.1,0.0,0.0015,1.95
738,1.2225,0.5,0.1,0.0,0.0015,1.95
739,1.222,0.0,0.0,0.0,0.0,1.95
740,1.222,0.0,0.0,0.0,0.0,1.95
741,1.222,0.0,0.0,0.0,0.0,1.95
742,1.2225,0.5,0.1,0.0,0.0015,1.95
743,1.222,0.0,0.0,0.0,0.0,1.95
744,1.222,0.0,0.0,0.0,0.0,1.95
745,1.2225,0.5,0.1,0.0,0.0015,1.95
746,1.2225,0.5,0.1,0.0,0.0015,1.95
747,1.2225,0.5,0.1,0.0,0.0015,1.95
748,1.2225,0.5,0.1,0.0,0.0015,1.95
749,1.2225,0.5,0.1,0.0,0.0015,1.95
750,1.222,0.0,0.0,0.0,0.0,1.95
751,1.2225,0.5,0.1,0.0,0.0015,1.95
752,1.222,0.0,0.0,0.0,0.0,1.95
753,1.222,0.0,0.0,0.0,0.0,1.95
754,1.222,0.0,0.0,0.0,0.0,1.95
755,1.2225,0.5,0.1,0.0,0.0015,1.95
756,1.2225,0.5,0.1,0.0,0.0015,1.95
757,1.222,0.0,0.0,0.0,0.0,1.95
758,1.2225,0.5,0.1,0.0,0.0015,1.95
759,1.2225,0.5,0.1,0.0,0.0015,1.95
760,1.222,0.0,0.0,0.0,0.0,1.95
761,1.2225,0.5,0.1,0.0,0.0015,1.95
762,1.222,0.0,0.0,0.0,0.0,1.95
763,1.222,0.0,0.0,0.0,0.0,1.95
764,1.2225,0.5,0.1,0.0,0.0015,1.95
765,1.222,0.0,0.0,0.0,0.0,1.95
766,1.2225,0.5,0.1,0.0,0.0015,1.95
767,1.2225,0.5,0.1,0.0,0.0015,1.95
768,1.222,0.0,0.0,0.0,0.0,1.95
769,1.2225,0.5,0.1,0.0,0.0015,1.95
770,1.222,0.0,0.0,0.0,0.0,1.95
771,1.2225,0.5,0.1,0.0,0.0015,1.95
772,1.222,0.0,0.0,0.0,0.0,1.95
773,1.2225,0.5,0.1,0.0,0.0015,1.95
774,1.222,0.0,0.0,0.0,0.0,1.95
775,1.222,0.0,0.0,0.0,0.0,1.95
776,1.2225,0.5,0.1,0.0,0.0015,1.95
777,1.222,0.0,0.0,0.0,0.0,1.95
778,1.222,0.0,0.0,0.0,0.0,1.95
779,1.2225,0.5,0.1,0.0,0.0015,1.95
780,1.2225,0.5,0.1,0.0,0.0015,1.95
781,1.222,0.0,0.0,0.0,0.0,1.95
782,1.2225,0.5,0.1,0.0,0.0015,1.95
783,1.2225,0.5,0.1,0.0,0.0015,1.95
784,1.222,0.0,0.0,0.0,0.0,1.95
785,1.2225,0.5,0.1,0.0,0.0015,1.95
786,1.2225,0.5,0.1,0.0,0.0015,1.95
787,1.222,0.0,0.0,0.0,0.0,1.95
788,1.222,0.0,0.0,0.0,0.0,1.95
789,1.2225,0.5,0.1,0.0,0.0015,1.95
790,1.222,0.0,0.0,0.0,0.0,1.95
791,1.222,0.0,0.0,0.0,0.0,1.95
792,1.222,0.0,0.0,0.0,0.0,1.95
793,1.2225,0.5,0.1,0.0,0.0015,1.95
794,1.2225,0.5,0.1,0.0,0.0015,1.95
795,1.2225,0.5,0.1,0.0,0.0015,1.95
796,1.222,0.0,0.0,0.0,0.0,1.95
797,1.222,0.0,0.0,0.0,0.0,1.95
798,1.2225,0.5,0.1,0.0,0.0015,1.95
799,1.222,0.0,0.0,0.0,0.0,1.95
800,1.2225,0.5,0.1,0.0,0.0015,1.95
801,1.222,0.0,0.0,0.0,0.0,1.95
802,1.222,0.0,0.0,0.0,0.0,1.95
803,1.222,0.0,0.0,0.0,0.0,1.95
804,1.2225,0.5,0.1,0.0,0.0015,1.95
805,1.222,0.0,0.0,0.0,0.0,1.95
806,1.222,0.0,0.0,0.0,0.0,1.95
807,1.222,0.0,0.0,0.0,0.0,1.95
808,1.222,0.0,0.0,0.0,0.0,1.95
809,1.222,0.0,0.0,0.0,0.0,1.95
810,1.222,0.0,0.0,0.0,0.0,1.95
811,1.2225,0.5,0.1,0.0,0.0015,1.95
812,1.2225,0.5,0.1,0.0,0.0015,1.95
813,1.222,0.0,0.0,0.0,0.0,1.95
814,1.2225,0.5,0.1,0.0,0.0015,1.95
815,1.222,0.0,0.0,0.0,0.0,1.95
816,1.2225,0.5,0.1,0.0,0.0015,1.95
817,1.2225,0.5,0.1,0.0,0.0015,1.95
818,1.222,0.0,0.0,0.0,0.0,1.95
819,1.222,0.0,0.0,0.0,0.0,1.95
820,1.222,0.0,0.0,0.0,0.0,1.95
821,1.222,0.0,0.0,0.0,0.0,1.95
822,1.222,0.0,0.0,0.0,0.0,1.95
823,1.2225,0.5,0.1,0.0,0.0015,1.95
824,1.2225,0.5,0.1,0.0,0.0015,1.95
825,1.222,0.0,0.0,0.0,0.0,1.95
826,1.222,0.0,0.0,0.0,0.0,1.95
827,1.222,0.0,0.0,0.0,0.0,1.95
828,1.222,0.0,0.0,0.0,0.0,1.95
829,1.222,0.0,0.0,0.0,0.0,1.95
830,1.2225,0.5,0.1,0.0,0.0015,1.95
831,1.222,0.0,0.0,0.0,0.0,1.95
832,1.2225,0.5,0.1,0.0,0.0015,1.95
833,1.222,0.0,0.0,0.0,0.0,1.95
834,1.2225,0.5,0.1,0.0,0.0015,1.95
835,1.222,0.0,0.0,0.0,0.0,1.95
836,1.222,0.0,0.0,0.0,0.0,1.95
837,1.2225,0.5,0.1,0.0,0.0015,1.95
838,1.2225,0.5,0.1,0.0,0.0015,1.95
839,1.2225,0.5,0.1,0.0,0.0015,1.95
840,1.222,0.0,0.0,0.0,0.0,1.95
841,1.2225,0.5,0.1,0.0,0.0015,1.95
842,1.222,0.0,0.0,0.0,0.0,1.95
843,1.222,0.0,0.0,0.0,0.0,1.95
844,1.2225,0.5,0.1,0.0,0.0015,1.95
845,1.2225,0.5,0.1,0.0,0.0015,1.95
846,1.2225,0.5,0.1,0.0,0.0015,1.95
847,1.222,0.0,0.0,0.0,0.0,1.95
848,1.2225,0.5,0.1,0.0,0.0015,1.95
849,1.222,0.0,0.0,0.0,0.0,1.95
850,1.2225,0.5,0.1,0.0,0.0015,1.95
851,1.222,0.0,0.0,0.0,0.0,1.95
852,1.2225,0.5,0.1,0.0,0.0015,1.95
853,1.222,0.0,0.0,0.0,0.0,1.95
854,1.222,0.0,0.0,0.0,0.0,1.95
855,1.2225,0.5,0.1,0.0,0.0015,1.95
856,1.222,0.0,0.0,0.0,0.0,1.95
857,1.222,0.0,0.0,0.0,0.0,1.95
858,1.222,0.0,0.0,0.0,0.0,1.95
859,1.222,0.0,0.0,0.0,0.0,1.95
860,1.2225,0.5,0.1,0.0,0.0015,1.95
861,1.222,0.0,0.0,0.0,0.0,1.95
862,1.222,0.0,0.0,0.0,0.0,1.95
863,1.222,0.0,0.0,0.0,0.0,1.95
864,1.222,0.0,0.0,0.0,0.0,1.95
865,1.2225,0.5,0.1,0.0,0.0015,1.95
866,1.2225,0.5,0.1,0.0,0.0015,1.95
867,1.222,0.0,0.0,0.0,0.0,1.95
868,1.222,0.0,0.0,0.0,0.0,1.95
869,1.2225,0.5,0.1,0.0,0.0015,1.95
870,1.2225,0.5,0.1,0.0,0.0015,1.95
871,1.2225,0.5,0.1,0.0,0.0015,1.95
872,1.222,0.0,0.0,0.0,0.0,1.95
873,1.2225,0.5,0.1,0.0,0.0015,1.95
874,1.222,0.0,0.0,0.0,0.0,1.95
875,1.222,0.0,0.0,0.0,0.0,1.95
876,1.2225,0.5,0.1,0.0,0.0015,1.95
877,1.222,0.0,0.0,0.0,0.0,1.95
878,1.222,0.0,0.0,0.0,0.0,1.95
879,1.222,0.0,0.0,0.0,0.0,1.95
880,1.222,0.0,0.0,0.0,0.0,1.95
881,1.2225,0.5,0.1,0.0,0.0015,1.95
882,1.222,0.0,0.0,0.0,0.0,1.95
883,1.2225,0.5,0.1,0.0,0.0015,1.95
884,1.2225,0.5,0.1,0.0,0.0015,1.95
885,1.222,0.0,0.0,0.0,0.0,1.95
886,1.222,0.0,0.0,0.0,0.0,1.95
887,1.222,0.0,0.0,0.0,0.0,1.95
888,1.222,0.0,0.0,0.0,0.0,1.95
889,1.222,0.0,0.0,0.0,0.0,1.95
890,1.2225,0.5,0.1,0.0,0.0015,1.95
891,1.222,0.0,0.0,0.0,0.0,1.95
892,1.222,0.0,0.0,0.0,0.0,1.95
893,1.222,0.0,0.0,0.0,0.0,1.95
894,1.2225,0.5,0.1,0.0,0.0015,1.95
895,1.2225,0.5,0.1,0.0,0.0015,1.95
896,1.222,0.0,0.0,0.0,0.0,1.95
897,1.222,0.0,0.0,0.0,0.0,1.95
898,1.222,0.0,0.0,0.0,0.0,1.95
899,1.2225,0.5,0.1,0.0,0.0015,1.95
900,1.2225,0.5,0.1,0.0,0.0015,1.95
901,1.222,0.0,0.0,0.0,0.0,1.95
902,1.222,0.0,0.0,0.0,0.0,1.95
903,1.222,0.0,0.0,0.0,0.0,1.95
904,1.2225,0.5,0.1,0.0,0.0015,1.95
905,1.2225,0.5,0.1,0.0,0.0015,1.95
906,1.222,0.0,0.0,0.0,0.0,1.95
907,1.2225,0.5,0.1,0.0,0.0015,1.95
908,1.2225,0.5,0.1,0.0,0.0015,1.95
909,1.222,0.0,0.0,0.0,0.0,1.95
910,1.222,0.0,0.0,0.0,0.0,1.95
911,1.2225,0.5,0.1,0.0,0.0015,1.95
912,1.222,0.0,0.0,0.0,0.0,1.95
913,1.2225,0.5,0.1,0.0,0.0015,1.95
914,1.222,0.0,0.0,0.0,0.0,1.95
915,1.222,0.0,0.0,0.0,0.0,1.95
916,1.2225,0.5,0.1,0.0,0.0015,1.95
917,1.222,0.0,0.0,0.0,0.0,1.95
918,1.2225,0.5,0.1,0.0,0.0015,1.95
919,1.2225,0.5,0.1,0.0,0.0015,1.95
920,1.2225,0.5,0.1,0.0,0.0015,1.95
921,1.222,0.0,0.0,0.0,0.0,1.95
922,1.222,0.0,0.0,0.0,0.0,1.95
923,1.222,0.0,0.0,0.0,0.0,1.95
924,1.222,0.0,0.0,0.0,0.0,1.95
925,1.2225,0.5,0.1,0.0,0.0015,1.95
926,1.2225,0.5,0.1,0.0,0.0015,1.95
927,1.222,0.0,0.0,0.0,0.0,1.95
928,1.2225,0.5,0.1,0.0,0.0015,1.95
929,1.2225,0.5,0.1,0.0,0.0015,1.95
930,1.2225,0.5,0.1,0.0,0.0015,1.95
931,1.2225,0.5,0.1,0.0,0.0015,1.95
932,1.2225,0.5,0.1,0.0,0.0015,1.95
933,1.222,0.0,0.0,0.0,0.0,1.95
934,1.222,0.0,0.0,0.0,0.0,1.95
935,1.222,0.0,0.0,0.0,0.0,1.95
936,1.222,0.0,0.0,0.0,0.0,1.95
937,1.2225,0.5,0.1,0.0,0.0015,1.95
938,1.222,0.0,0.0,0.0,0.0,1.95
939,1.222,0.0,0.0,0.0,0.0,1.95
940,1.222,0.0,0.0,0.0,0.0,1.95
941,1.2225,0.5,0.1,0.0,0.0015,1.95
942,1.2225,0.5,0.1,0.0,0.0015,1.95
943,1.2225,0.5,0.1,0.0,0.0015,1.95
944,1.222,0.0,0.0,0.0,0.0,1.95
945,1.222,0.0,0.0,0.0,0.0,1.95
946,1.222,0.0,0.0,0.0,0.0,1.95
947,1.2225,0.5,0.1,0.0,0.0015,1.95
948,1.2225,0.5,0.1,0.0,0.0015,1.95
949,1.222,0.0,0.0,0.0,0.0,1.95
950,1.2225,0.5,0.1,0.0,0.0015,1.95
951,1.222,0.0,0.0,0.0,0.0,1.95
952,1.2225,0.5,0.1,0.0,0.0015,1.95
953,1.2225,0.5,0.1,0.0,0.0015,1.95
954,1.222,0.0,0.0,0.0,0.0,1.95
955,1.222,0.0,0.0,0.0,0.0,1.95
956,1.2225,0.5,0.1,0.0,0.0015,1.95
957,1.2225,0.5,0.1,0.0,0.0015,1.95
958,1.2225,0.5,0.1,0.0,0.0015,1.95
959,1.2225,0.5,0.1,0.0,0.0015,1.95
960,1.2225,0.5,0.1,0.0,0.0015,1.95
961,1.2225,0.5,0.1,0.0,0.0015,1.95
962,1.222,0.0,0.0,0.0,0.0,1.95
963,1.222,0.0,0.0,0.0,0.0,1.95
964,1.222,0.0,0.0,0.0,0.0,1.95
965,1.2225,0.5,0.1,0.0,0.0015,1.95
966,1.222,0.0,0.0,0.0,0.0,1.95
967,1.222,0.0,0.0,0.0,0.0,1.95
968,1.2225,0.5,0.1,0.0,0.0015,1.95
969,1.2225,0.5,0.1,0.0,0.0015,1.95
970,1.2225,0.5,0.1,0.0,0.0015,1.95
971,1.2225,0.5,0.1,0.0,0.0015,1.95
972,1.2225,0.5,0.1,0.0,0.0015,1.95
973,1.222,0.0,0.0,0.0,0.0,1.95
974,1.222,0.0,0.0,0.0,0.0,1.95
975,1.2225,0.5,0.1,0.0,0.0015,1.95
976,1.2225,0.5,0.1,0.0,0.0015,1.95
977,1.222,0.0,0.0,0.0,0.0,1.95
978,1.222,0.0,0.0,0.0,0.0,1.95
979,1.222,0.0,0.0,0.0,0.0,1.95
980,1.222,0.0,0.0,0.0,0.0,1.95
981,1.2225,0.5,0.1,0.0,0.0015,1.95
982,1.2225,0.5,0.1,0.0,0.0015,1.95
983,1.222,0.0,0.0,0.0,0.0,1.95
984,1.222,0.0,0.0,0.0,0.0,1.95
985,1.222,0.0,0.0,0.0,0.0,1.95
986,1.2225,0.5,0.1,0.0,0.0015,1.95
987,1.222,0.0,0.0,0.0,0.0,1.95
988,1.222,0.0,0.0,0.0,0.0,1.95
989,1.222,0.0,0.0,0.0,0.0,1.95
990,1.2225,0.5,0.1,0.0,0.0015,1.95
991,1.2225,0.5,0.1,0.0,0.0015,1.95
992,1.222,0.0,0.0,0.0,0.0,1.95
993,1.2225,0.5,0.1,0.0,0.0015,1.95
994,1.2225,0.5,0.1,0.0,0.0015,1.95
995,1.2225,0.5,0.1,0.0,0.0015,1.95
996,1.2225,0.5,0.1,0.0,0.0015,1.95
997,1.222,0.0,0.0,0.0,0.0,1.95
998,1.2225,0.5,0.1,0.0,0.0015,1.95
999,1.2225,0.5,0.1,0.0,0.0015,1.95
1000,1.222,0.0,0.0,0.0,0.0,1.95
1001,1.222,0.0,0.0,0.0,0.0,1.95
1002,1.222,0.0,0.0,0.0,0.0,1.95
1003,1.2225,0.5,0.1,0.0,0.0015,1.95
1004,1.222,0.0,0.0,0.0,0.0,1.95
1005,1.2225,0.5,0.1,0.0,0.0015,1.95
1006,1.2225,0.5,0.1,0.0,0.0015,1.95
1007,1.222,0.0,0.0,0.0,0.0,1.95
1008,1.222,0.0,0.0,0.0,0.0,1.95
1009,1.2225,0.5,0.1,0.0,0.0015,1.95
1010,1.2225,0.5,0.1,0.0,0.0015,1.95
1011,1.222,0.0,0.0,0.0,0.0,1.95
1012,1.222,0.0,0.0,0.0,0.0,1.95
1013,1.222,0.0,0.0,0.0,0.0,1.95
1014,1.2225,0.5,0.1,0.0,0.0015,1.95
1015,1.2225,0.5,0.1,0.0,0.0015,1.95
1016,1.222,0.0,0.0,0.0,0.0,1.95
1017,1.2225,0.5,0.1,0.0,0.0015,1.95
1018,1.2225,0.5,0.1,0.0,0.0015,1.95
1019,1.2225,0.5,0.1,0.0,0.0015,1.95
1020,1.2225,0.5,0.1,0.0,0.0015,1.95
1021,1.222,0.0,0.0,0.0,0.0,1.95
1022,1.222,0.0,0.0,0.0,0.0,1.95
1023,1.2225,0.5,0.1,0.0,0.0015,1.95
1024,1.222,0.0,0.0,0.0,0.0,1.95
1025,1.222,0.0,0.0,0.0,0.0,1.95
1026,1.2225,0.5,0.1,0.0,0.0015,1.95
1027,1.2225,0.5,0.1,0.0,0.0015,1.95
1028,1.222,0.0,0.0,0.0,0.0,1.95
1029,1.2225,0.5,0.1,0.0,0.0015,1.95
1030,1.2225,0.5,0.1,0.0,0.0015,1.95
1031,1.222,0.0,0.0,0.0,0.0,1.95
1032,1.222,0.0,0.0,0.0,0.0,1.95
1033,1.2225,0.5,0.1,0.0,0.0015,1.95
1034,1.2225,0.5,0.1,0.0,0.0015,1.95
1035,1.222,0.0,0.0,0.0,0.0,1.95
1036,1.222,0.0,0.0,0.0,0.0,1.95
1037,1.2225,0.5,0.1,0.0,0.0015,1.95
1038,1.222,0.0,0.0,0.0,0.0,1.95
1039,1.2225,0.5,0.1,0.0,0.0015,1.95
1040,1.2225,0.5,0.1,0.0,0.0015,1.95
1041,1.222,0.0,0.0,0.0,0.0,1.95
1042,1.222,0.0,0.0,0.0,0.0,1.95
1043,1.222,0.0,0.0,0.0,0.0,1.95
1044,1.222,0.0,0.0,0.0,0.0,1.95
1045,1.2225,0.5,0.1,0.0,0.0015,1.95
1046,1.2225,0.5,0.1,0.0,0.0015,1.95
1047,1.222,0.0,0.0,0.0,0.0,1.95
1048,1.222,0.0,0.0,0.0,0.0,1.95
1049,1.222,0.0,0.0,0.0,0.0,1.95
1050,1.222,0.0,0.0,0.0,0.0,1.95
1051,1.2225,0.5,0.1,0.0,0.0015,1.95
1052,1.2225,0.5,0.1,0.0,0.0015,1.95
1053,1.222,0.0,0.0,0.0,0.0,1.95
1054,1.222,0.0,0.0,0.0,0.0,1.95
1055,1.222,0.0,0.0,0.0,0.0,1.95
1056,1.2225,0.5,0.1,0.0,0.0015,1.95
1057,1.222,0.0,0.0,0.0,0.0,1.95
1058,1.2225,0.5,0.1,0.0,0.0015,1.95
1059,1.222,0.0,0.0,0.0,0.0,1.95
1060,1.222,0.0,0.0,0.0,0.0,1.95
1061,1.2225,0.5,0.1,0.0,0.0015,1.95
1062,1.222,0.0,0.0,0.0,0.0,1.95
1063,1.222,0.0,0.0,0.0,0.0,1.95
1064,1.222,0.0,0.0,0.0,0.0,1.95
1065,1.222,0.0,0.0,0.0,0.0,1.95
1066,1.2225,0.5,0.1,0.0,0.0015,1.95
1067,1.222,0.0,0.0,0.0,0.0,1.95
1068,1.2225,0.5,0.1,0.0,0.0015,1.95
1069,1.222,0.0,0.0,0.0,0.0,1.95
1070,1.2225,0.5,0.1,0.0,0.0015,1.95
1071,1.222,0.0,0.0,0.0,0.0,1.95
1072,1.2225,0.5,0.1,0.0,0.0015,1.95
1073,1.222,0.0,0.0,0.0,0.0,1.95
1074,1.222,0.0,0.0,0.0,0.0,1.95
1075,1.2225,0.5,0.1,0.0,0.0015,1.95
1076,1.222,0.0,0.0,0.0,0.0,1.95
1077,1.222,0.0,0.0,0.0,0.0,1.95
1078,1.222,0.0,0.0,0.0,0.0,1.95
1079,1.222,0.0,0.0,0.0,0.0,1.95
1080,1.2225,0.5,0.1,0.0,0.0015,1.95
1081,1.2225,0.5,0.1,0.0,0.0015,1.95
1082,1.2225,0.5,0.1,0.0,0.0015,1.95
1083,1.222,0.0,0.0,0.0,0.0,1.95
1084,1.2225,0.5,0.1,0.0,0.0015,1.95
1085,1.222,0.0,0.0,0.0,0.0,1.95
1086,1.222,0.0,0.0,0.0,0.0,1.95
1087,1.2225,0.5,0.1,0.0,0.0015,1.95
1088,1.222,0.0,0.0,0.0,0.0,1.95
1089,1.2225,0.5,0.1,0.0,0.0015,1.95
1090,1.2225,0.5,0.1,0.0,0.0015,1.95
1091,1.2225,0.5,0.1,0.0,0.0015,1.95
1092,1.2225,0.5,0.1,0.0,0.0015,1.95
1093,1.222,0.0,0.0,0.0,0.0,1.95
1094,1.222,0.0,0.0,0.0,0.0,1.95
1095,1.2225,0.5,0.1,0.0,0.0015,1.95
1096,1.222,0.0,0.0,0.0,0.0,1.95
1097,1.222,0.0,0.0,0.0,0.0,1.95
1098,1.222,0.0,0.0,0.0,0.0,1.95
1099,1.2225,0.5,0.1,0.0,0.0015,1.95
1100,1.222,0.0,0.0,0.0,0.0,1.95
1101,1.222,0.0,0.0,0.0,0.0,1.95
1102,1.2225,0.5,0.1,0.0,0.0015,1.95
1103,1.2225,0.5,0.1,0.0,0.0015,1.95
1104,1.222,0.0,0.0,0.0,0.0,1.95
1105,1.222,0.0,0.0,0.0,0.0,1.95
1106,1.2225,0.5,0.1,0.0,0.0015,1.95
1107,1.2225,0.5,0.1,0.0,0.0015,1.95
1108,1.2225,0.5,0.1,0.0,0.0015,1.95
1109,1.222,0.0,0.0,0.0,0.0,1.95
1110,1.2225,0.5,0.1,0.0,0.0015,1.95
1111,1.222,0.0,0.0,0.0,0.0,1.95
1112,1.2225,0.5,0.1,0.0,0.0015,1.95
1113,1.222,0.0,0.0,0.0,0.0,1.95
1114,1.222,0.0,0.0,0.0,0.0,1.95
1115,1.222,0.0,0.0,0.0,0.0,1.95
1116,1.222,0.0,0.0,0.0,0.0,1.95
1117,1.222,0.0,0.0,0.0,0.0,1.95
1118,1.2225,0.5,0.1,0.0,0.0015,1.95
1119,1.2225,0.5,0.1,0.0,0.0015,1.95
1120,1.2225,0.5,0.1,0.0,0.0015,1.95
1121,1.222,0.0,0.0,0.0,0.0,1.95
1122,1.222,0.0,0.0,0.0,0.0,1.95
1123,1.2225,0.5,0.1,0.0,0.0015,1.95
1124,1.222,0.0,0.0,0.0,0.0,1.95
1125,1.2225,0.5,0.1,0.0,0.0015,1.95
1126,1.2225,0.5,0.1,0.0,0.0015,1.95
1127,1.2225,0.5,0.1,0.0,0.0015,1.95
1128,1.2225,0.5,0.1,0.0,0.0015,1.95
1129,1.222,0.0,0.0,0.0,0.0,1.95
1130,1.222,0.0,0.0,0.0,0.0,1.95
1131,1.222,0.0,0.0,0.0,0.0,1.95
1132,1.222,0.0,0.0,0.0,0.0,1.95
1133,1.2225,0.5,0.1,0.0,0.0015,1.95
1134,1.2225,0.5,0.1,0.0,0.0015,1.95
1135,1.222,0.0,0.0,0.0,0.0,1.95
1136,1.2225,0.5,0.1,0.0,0.0015,1.95
1137,1.2225,0.5,0.1,0.0,0.0015,1.95
1138,1.222,0.0,0.0,0.0,0.0,1.95
1139,1.222,0.0,0.0,0.0,0.0,1.95
1140,1.222,0.0,0.0,0.0,0.0,1.95
1141,1.2225,0.5,0.1,0.0,0.0015,1.95
1142,1.222,0.0,0.0,0.0,0.0,1.95
1143,1.2225,0.5,0.1,0.0,0.0015,1.95
1144,1.222,0.0,0.0,0.0,0.0,1.95
1145,1.2225,0.5,0.1,0.0,0.0015,1.95
1146,1.222,0.0,0.0,0.0,0.0,1.95
1147,1.2225,0.5,0.1,0.0,0.0015,1.95
1148,1.2225,0.5,0.1,0.0,0.0015,1.95
1149,1.2225,0.5,0.1,0.0,0.0015,1.95
1150,1.2225,0.5,0.1,0.0,0.0015,1.95
1151,1.2225,0.5,0.1,0.0,0.0015,1.95
1152,1.222,0.0,0.0,0.0,0.0,1.95
1153,1.222,0.0,0.0,0.0,0.0,1.95
1154,1.2225,0.5,0.1,0.0,0.0015,1.95
1155,1.2225,0.5,0.1,0.0,0.0015,1.95
1156,1.2225,0.5,0.1,0.0,0.0015,1.95
1157,1.2225,0.5,0.1,0.0,0.0015,1.95
1158,1.222,0.0,0.0,0.0,0.0,1.95
1159,1.2225,0.5,0.1,0.0,0.0015,1.95
1160,1.2225,0.5,0.1,0.0,0.0015,1.95
1161,1.2225,0.5,0.1,0.0,0.0015,1.95
1162,1.2225,0.5,0.1,0.0,0.0015,1.95
1163,1.222,0.0,0.0,0.0,0.0,1.95
1164,1.2225,0.5,0.1,0.0,0.0015,1.95
1165,1.2225,0.5,0.1,0.0,0.0015,1.95
1166,1.222,0.0,0.0,0.0,0.0,1.95
1167,1.222,0.0,0.0,0.0,0.0,1.95
1168,1.2225,0.5,0.1,0.0,0.0015,1.95
1169,1.222,0.0,0.0,0.0,0.0,1.95
1170,1.222,0.0,0.0,0.0,0.0,1.95
1171,1.2225,0.5,0.1,0.0,0.0015,1.95
1172,1.222,0.0,0.0,0.0,0.0,1.95
1173,1.2225,0.5,0.1,0.0,0.0015,1.95
1174,1.2225,0.5,0.1,0.0,0.0015,1.95
1175,1.222,0.0,0.0,0.0,0.0,1.95
1176,1.222,0.0,0.0,0.0,0.0,1.95
1177,1.222,0.0,0.0,0.0,0.0,1.95
1178,1.2225,0.5,0.1,0.0,0.0015,1.95
1179,1.2225,0.5,0.1,0.0,0.0015,1.95
1180,1.2225,0.5,0.1,0.0,0.0015,1.95
1181,1.222,0.0,0.0,0.0,0.0,1.95
1182,1.2225,0.5,0.1,0.0,0.0015,1.95
1183,1.222,0.0,0.0,0.0,0.0,1.95
1184,1.222,0.0,0.0,0.0,0.0,1.95
1185,1.2225,0.5,0.1,0.0,0.0015,1.95
1186,1.222,0.0,0.0,0.0,0.0,1.95
1187,1.2225,0.5,0.1,0.0,0.0015,1.95
1188,1.2225,0.5,0.1,0.0,0.0015,1.95
1189,1.2225,0.5,0.1,0.0,0.0015,1.95
1190,1.222,0.0,0.0,0.0,0.0,1.95
1191,1.222,0.0,0.0,0.0,0.0,1.95
1192,1.222,0.0,0.0,0.0,0.0,1.95
1193,1.2225,0.5,0.1,0.0,0.0015,1.95
1194,1.2225,0.5,0.1,0.0,0.0015,1.95
1195,1.2225,0.5,0.1,0.0,0.0015,1.95
1196,1.222,0.0,0.0,0.0,0.0,1.95
1197,1.222,0.0,0.0,0.0,0.0,1.95
1198,1.2225,0.5,0.1,0.0,0.0015,1.95
1199,1.2225,0.5,0.1,0.0,0.0015,1.95
1200,1.222,0.0,0.0,0.0,0.0,1.95
1201,1.2225,0.5,0.1,0.0,0.0015,1.95
1202,1.222,0.0,0.0,0.0,0.0,1.95
1203,1.222,0.0,0.0,0.0,0.0,1.95
1204,1.222,0.0,0.0,0.0,0.0,1.95
1205,1.222,0.0,0.0,0.0,0.0,1.95
1206,1.222,0.0,0.0,0.0,0.0,1.95
1207,1.222,0.0,0.0,0.0,0.0,1.95
1208,1.2225,0.5,0.1,0.0,0.0015,1.95
1209,1.222,0.0,0.0,0.0,0.0,1.95
1210,1.222,0.0,0.0,0.0,0.0,1.95
1211,1.222,0.0,0.0,0.0,0.0,1.95
1212,1.222,0.0,0.0,0.0,0.0,1.95
1213,1.222,0.0,0.0,0.0,0.0,1.95
1214,1.222,0.0,0.0,0.0,0.0,1.95
1215,1.2225,0.5,0.1,0.0,0.0015,1.95
1216,1.2225,0.5,0.1,0.0,0.0015,1.95
1217,1.2225,0.5,0.1,0.0,0.0015,1.95
1218,1.2225,0.5,0.1,0.0,0.0015,1.95
1219,1.2225,0.5,0.1,0.0,0.0015,1.95
1220,1.222,0.0,0.0,0.0,0.0,1.95
1221,1.222,0.0,0.0,0.0,0.0,1.95
1222,1.222,0.0,0.0,0.0,0.0,1.95
1223,1.222,0.0,0.0,0.0,0.0,1.95
1224,1.2225,0.5,0.1,0.0,0.0015,1.95
1225,1.2225,0.5,0.1,0.0,0.0015,1.95
1226,1.222,0.0,0.0,0.0,0.0,1.95
1227,1.2225,0.5,0.1,0.0,0.0015,1.95
1228,1.2225,0.5,0.1,0.0,0.0015,1.95
1229,1.2225,0.5,0.1,0.0,0.0015,1.95
1230,1.222,0.0,0.0,0.0,0.0,1.95
1231,1.222,0.0,0.0,0.0,0.0,1.95
1232,1.222,0.0,0.0,0.0,0.0,1.95
1233,1.2225,0.5,0.1,0.0,0.0015,1.95
1234,1.2225,0.5,0.1,0.0,0.0015,1.95
1235,1.2225,0.5,0.1,0.0,0.0015,1.95
1236,1.2225,0.5,0.1,0.0,0.0015,1.95
1237,1.2225,0.5,0.1,0.0,0.0015,1.95
1238,1.222,0.0,0.0,0.0,0.0,1.95
1239,1.2225,0.5,0.1,0.0,0.0015,1.95
1240,1.222,0.0,0.0,0.0,0.0,1.95
1241,1.2225,0.5,0.1,0.0,0.0015,1.95
1242,1.2225,0.5,0.1,0.0,0.0015,1.95
1243,1.2225,0.5,0.1,0.0,0.0015,1.95
1244,1.2225,0.5,0.1,0.0,0.0015,1.95
1245,1.2225,0.5,0.1,0.0,0.0015,1.95
1246,1.2225,0.5,0.1,0.0,0.0015,1.95
1247,1.222,0.0,0.0,0.0,0.0,1.95
1248,1.222,0.0,0.0,0.0,0.0,1.95
1249,1.2225,0.5,0.1,0.0,0.0015,1.95
1250,1.2225,0.5,0.1,0.0,0.0015,1.95
1251,1.222,0.0,0.0,0.0,0.0,1.95
1252,1.2225,0.5,0.1,0.0,0.0015,1.95
1253,1.222,0.0,0.0,0.0,0.0,1.95
1254,1.2225,0.5,0.1,0.0,0.0015,1.95
1255,1.222,0.0,0.0,0.0,0.0,1.95
1256,1.222,0.0,0.0,0.0,0.0,1.95
1257,1.2225,0.5,0.1,0.0,0.0015,1.95
1258,1.2225,0.5,0.1,0.0,0.0015,1.95
1259,1.222,0.0,0.0,0.0,0.0,1.95
1260,1.222,0.0,0.0,0.0,0.0,1.95
1261,1.222,0.0,0.0,0.0,0.0,1.95
1262,1.2225,0.5,0.1,0.0,0.0015,1.95
1263,1.2225,0.5,0.1,0.0,0.0015,1.95
1264,1.222,0.0,0.0,0.0,0.0,1.95
1265,1.222,0.0,0.0,0.0,0.0,1.95
1266,1.2225,0.5,0.1,0.0,0.0015,1.95
1267,1.222,0.0,0.0,0.0,0.0,1.95
1268,1.222,0.0,0.0,0.0,0.0,1.95
1269,1.222,0.0,0.0,0.0,0.0,1.95
1270,1.222,0.0,0.0,0.0,0.0,1.95
1271,1.222,0.0,0.0,0.0,0.0,1.95
1272,1.2225,0.5,0.1,0.0,0.0015,1.95
1273,1.222,0.0,0.0,0.0,0.0,1.95
1274,1.2225,0.5,0.1,0.0,0.0015,1.95
1275,1.2225,0.5,0.1,0.0,0.0015,1.95
1276,1.222,0.0,0.0,0.0,0.0,1.95
1277,1.222,0.0,0.0,0.0,0.0,1.95
1278,1.222,0.0,0.0,0.0,0.0,1.95
1279,1.2225,0.5,0.1,0.0,0.0015,1.95
1280,1.222,0.0,0.0,0.0,0.0,1.95
1281,1.2225,0.5,0.1,0.0,0.0015,1.95
1282,1.222,0.0,0.0,0.0,0.0,1.95
1283,1.2225,0.5,0.1,0.0,0.0015,1.95
1284,1.2225,0.5,0.1,0.0,0.0015,1.95
1285,1.222,0.0,0.0,0.0,0.0,1.95
1286,1.222,0.0,0.0,0.0,0.0,1.95
1287,1.222,0.0,0.0,0.0,0.0,1.95
1288,1.2225,0.5,0.1,0.0,0.0015,1.95
1289,1.222,0.0,0.0,0.0,0.0,1.95
1290,1.2225,0.5,0.1,0.0,0.0015,1.95
1291,1.222,0.0,0.0,0.0,0.0,1.95
1292,1.222,0.0,0.0,0.0,0.0,1.95
1293,1.2225,0.5,0.1,0.0,0.0015,1.95
1294,1.222,0.0,0.0,0.0,0.0,1.95
1295,1.2225,0.5,0.1,0.0,0.0015,1.95
1296,1.222,0.0,0.0,0.0,0.0,1.95
1297,1.2225,0.5,0.1,0.0,0.0015,1.95
1298,1.2225,0.5,0.1,0.0,0.0015,1.95
1299,1.222,0.0,0.0,0.0,0.0,1.95
1300,1.222,0.0,0.0,0.0,0.0,1.95
1301,1.2225,0.5,0.1,0.0,0.0015,1.95
1302,1.2225,0.5,0.1,0.0,0.0015,1.95
1303,1.2225,0.5,0.1,0.0,0.0015,1.95
1304,1.2225,0.5,0.1,0.0,0.0015,1.95
1305,1.222,0.0,0.0,0.0,0.0,1.95
1306,1.2225,0.5,0.1,0.0,0.0015,1.95
1307,1.222,0.0,0.0,0.0,0.0,1.95
1308,1.2225,0.5,0.1,0.0,0.0015,1.95
1309,1.2225,0.5,0.1,0.0,0.0015,1.95
1310,1.2225,0.5,0.1,0.0,0.0015,1.95
1311,1.2225,0.5,0.1,0.0,0.0015,1.95
1312,1.222,0.0,0.0,0.0,0.0,1.95
1313,1.222,0.0,0.0,0.0,0.0,1.95
1314,1.222,0.0,0.0,0.0,0.0,1.95
1315,1.222,0.0,0.0,0.0,0.0,1.95
1316,1.2225,0.5,0.1,0.0,0.0015,1.95
1317,1.222,0.0,0.0,0.0,0.0,1.95
1318,1.2225,0.5,0.1,0.0,0.0015,1.95
1319,1.222,0.0,0.0,0.0,0.0,1.95
1320,1.2225,0.5,0.1,0.0,0.0015,1.95
1321,1.2225,0.5,0.1,0.0,0.0015,1.95
1322,1.2225,0.5,0.1,0.0,0.0015,1.95
1323,1.2225,0.5,0.1,0.0,0.0015,1.95
1324,1.2225,0.5,0.1,0.0,0.0015,1.95
1325,1.2225,0.5,0.1,0.0,0.0015,1.95
1326,1.222,0.0,0.0,0.0,0.0,1.95
1327,1.222,0.0,0.0,0.0,0.0,1.95
1328,1.222,0.0,0.0,0.0,0.0,1.95
1329,1.2225,0.5,0.1,0.0,0.0015,1.95
1330,1.222,0.0,0.0,0.0,0.0,1.95
1331,1.222,0.0,0.0,0.0,0.0,1.95
1332,1.2225,0.5,0.1,0.0,0.0015,1.95
1333,1.222,0.0,0.0,0.0,0.0,1.95
1334,1.222,0.0,0.0,0.0,0.0,1.95
1335,1.222,0.0,0.0,0.0,0.0,1.95
1336,1.2225,0.5,0.1,0.0,0.0015,1.95
1337,1.2225,0.5,0.1,0.0,0.0015,1.95
1338,1.2225,0.5,0.1,0.0,0.0015,1.95
1339,1.222,0.0,0.0,0.0,0.0,1.95
1340,1.2225,0.5,0.1,0.0,0.0015,1.95
1341,1.2225,0.5,0.1,0.0,0.0015,1.95
1342,1.2225,0.5,0.1,0.0,0.0015,1.95
1343,1.222,0.0,0.0,0.0,0.0,1.95
1344,1.2225,0.5,0.1,0.0,0.0015,1.95
1345,1.2225,0.5,0.1,0.0,0.0015,1.95
1346,1.2225,0.5,0.1,0.0,0.0015,1.95
1347,1.222,0.0,0.0,0.0,0.0,1.95
1348,1.222,0.0,0.0,0.0,0.0,1.95
1349,1.2225,0.5,0.1,0.0,0.0015,1.95
1350,1.222,0.0,0.0,0.0,0.0,1.95
1351,1.222,0.0,0.0,0.0,0.0,1.95
1352,1.2225,0.5,0.1,0.0,0.0015,1.95
1353,1.222,0.0,0.0,0.0,0.0,1.95
1354,1.2225,0.5,0.1,0.0,0.0015,1.95
1355,1.2225,0.5,0.1,0.0,0.0015,1.95
1356,1.222,0.0,0.0,0.0,0.0,1.95
1357,1.222,0.0,0.0,0.0,0.0,1.95
1358,1.2225,0.5,0.1,0.0,0.0015,1.95
1359,1.222,0.0,0.0,0.0,0.0,1.95
1360,1.222,0.0,0.0,0.0,0.0,1.95
1361,1.222,0.0,0.0,0.0,0.0,1.95
1362,1.222,0.0,0.0,0.0,0.0,1.95
1363,1.222,0.0,0.0,0.0,0.0,1.95
1364,1.2225,0.5,0.1,0.0,0.0015,1.95
1365,1.222,0.0,0.0,0.0,0.0,1.95
1366,1.2225,0.5,0.1,0.0,0.0015,1.95
1367,1.2225,0.5,0.1,0.0,0.0015,1.95
1368,1.222,0.0,0.0,0.0,0.0,1.95
1369,1.222,0.0,0.0,0.0,0.0,1.95
1370,1.222,0.0,0.0,0.0,0.0,1.95
1371,1.222,0.0,0.0,0.0,0.0,1.95
1372,1.2225,0.5,0.1,0.0,0.0015,1.95
1373,1.2225,0.5,0.1,0.0,0.0015,1.95
1374,1.2225,0.5,0.1,0.0,0.0015,1.95
1375,1.222,0.0,0.0,0.0,0.0,1.95
1376,1.222,0.0,0.0,0.0,0.0,1.95
1377,1.2225,0.5,0.1,0.0,0.0015,1.95
1378,1.2225,0.5,0.1,0.0,0.0015,1.95
1379,1.222,0.0,0.0,0.0,0.0,1.95
1380,1.222,0.0,0.0,0.0,0.0,1.95
1381,1.222,0.0,0.0,0.0,0.0,1.95
1382,1.2225,0.5,0.1,0.0,0.0015,1.95
1383,1.222,0.0,0.0,0.0,0.0,1.95
1384,1.222,0.0,0.0,0.0,0.0,1.95
1385,1.2225,0.5,0.1,0.0,0.0015,1.95
1386,1.2225,0.5,0.1,0.0,0.0015,1.95
1387,1.2225,0.5,0.1,0.0,0.0015,1.95
1388,1.2225,0.5,0.1,0.0,0.0015,1.95
1389,1.222,0.0,0.0,0.0,0.0,1.95
1390,1.222,0.0,0.0,0.0,0.0,1.95
1391,1.222,0.0,0.0,0.0,0.0,1.95
1392,1.2225,0.5,0.1,0.0,0.0015,1.95
1393,1.2225,0.5,0.1,0.0,0.0015,1.95
1394,1.222,0.0,0.0,0.0,0.0,1.95
1395,1.2225,0.5,0.1,0.0,0.0015,1.95
1396,1.2225,0.5,0.1,0.0,0.0015,1.95
1397,1.2225,0.5,0.1,0.0,0.0015,1.95
1398,1.222,0.0,0.0,0.0,0.0,1.95
1399,1.222,0.0,0.0,0.0,0.0,1.95
1400,1.222,0.0,0.0,0.0,0.0,1.95
1401,1.222,0.0,0.0,0.0,0.0,1.95
1402,1.222,0.0,0.0,0.0,0.0,1.95
1403,1.222,0.0,0.0,0.0,0.0,1.95
1404,1.222,0.0,0.0,0.0,0.0,1.95
1405,1.2225,0.5,0.1,0.0,0.0015,1.95
1406,1.222,0.0,0.0,0.0,0.0,1.95
1407,1.222,0.0,0.0,0.0,0.0,1.95
1408,1.2225,0.5,0.1,0.0,0.0015,1.95
1409,1.2225,0.5,0.1,0.0,0.0015,1.95
1410,1.222,0.0,0.0,0.0,0.0,1.95
1411,1.2225,0.5,0.1,0.0,0.0015,1.95
1412,1.222,0.0,0.0,0.0,0.0,1.95
1413,1.222,0.0,0.0,0.0,0.0,1.95
1414,1.222,0.0,0.0,0.0,0.0,1.95
1415,1.222,0.0,0.0,0.0,0.0,1.95
1416,1.222,0.0,0.0,0.0,0.0,1.95
1417,1.222,0.0,0.0,0.0,0.0,1.95
1418,1.2225,0.5,0.1,0.0,0.0015,1.95
1419,1.2225,0.5,0.1,0.0,0.0015,1.95
1420,1.222,0.0,0.0,0.0,0.0,1.95
1421,1.222,0.0,0.0,0.0,0.0,1.95
1422,1.2225,0.5,0.1,0.0,0.0015,1.95
1423,1.2225,0.5,0.1,0.0,0.0015,1.95
1424,1.2225,0.5,0.1,0.0,0.0015,1.95
1425,1.222,0.0,0.0,0.0,0.0,1.95
1426,1.222,0.0,0.0,0.0,0.0,1.95
1427,1.222,0.0,0.0,0.0,0.0,1.95
1428,1.2225,0.5,0.1,0.0,0.0015,1.95
1429,1.222,0.0,0.0,0.0,0.0,1.95
1430,1.2225,0.5,0.1,0.0,0.0015,1.95
1431,1.2225,0.5,0.1,0.0,0.0015,1.95
1432,1.2225,0.5,0.1,0.0,0.0015,1.95
1433,1.222,0.0,0.0,0.0,0.0,1.95
1434,1.222,0.0,0.0,0.0,0.0,1.95
1435,1.2225,0.5,0.1,0.0,0.0015,1.95
1436,1.222,0.0,0.0,0.0,0.0,1.95
1437,1.2225,0.5,0.1,0.0,0.0015,1.95
1438,1.2225,0.5,0.1,0.0,0.0015,1.95
1439,1.222,0.0,0.0,0.0,0.0,1.95
1440,1.222,0.0,0.0,0.0,0.0,1.95
1441,1.222,0.0,0.0,0.0,0.0,1.95
1442,1.222,0.0,0.0,0.0,0.0,1.95
1443,1.222,0.0,0.0,0.0,0.0,1.95
1444,1.222,0.0,0.0,0.0,0.0,1.95
1445,1.222,0.0,0.0,0.0,0.0,1.95
1446,1.222,0.0,0.0,0.0,0.0,1.95
1447,1.2225,0.5,0.1,0.0,0.0015,1.95
1448,1.2225,0.5,0.1,0.0,0.0015,1.95
1449,1.222,0.0,0.0,0.0,0.0,1.95
1450,1.222,0.0,0.0,0.0,0.0,1.95
1451,1.2225,0.5,0.1,0.0,0.0015,1.95
1452,1.222,0.0,0.0,0.0,0.0,1.95
1453,1.222,0.0,0.0,0.0,0.0,1.95
1454,1.222,0.0,0.0,0.0,0.0,1.95
1455,1.2225,0.5,0.1,0.0,0.0015,1.95
1456,1.222,0.0,0.0,0.0,0.0,1.95
1457,1.2225,0.5,0.1,0.0,0.0015,1.95
1458,1.2225,0.5,0.1,0.0,0.0015,1.95
1459,1.222,0.0,0.0,0.0,0.0,1.95
1460,1.222,0.0,0.0,0.0,0.0,1.95
1461,1.222,0.0,0.0,0.0,0.0,1.95
1462,1.222,0.0,0.0,0.0,0.0,1.95
1463,1.2225,0.5,0.1,0.0,0.0015,1.95
1464,1.222,0.0,0.0,0.0,0.0,1.95
1465,1.2225,0.5,0.1,0.0,0.0015,1.95
1466,1.2225,0.5,0.1,0.0,0.0015,1.95
1467,1.222,0.0,0.0,0.0,0.0,1.95
1468,1.2225,0.5,0.1,0.0,0.0015,1.95
1469,1.222,0.0,0.0,0.0,0.0,1.95
1470,1.222,0.0,0.0,0.0,0.0,1.95
1471,1.2225,0.5,0.1,0.0,0.0015,1.95
1472,1.222,0.0,0.0,0.0,0.0,1.95
1473,1.2225,0.5,0.1,0.0,0.0015,1.95
1474,1.222,0.0,0.0,0.0,0.0,1.95
1475,1.222,0.0,0.0,0.0,0.0,1.95
1476,1.2225,0.5,0.1,0.0,0.0015,1.95
1477,1.2225,0.5,0.1,0.0,0.0015,1.95
1478,1.2225,0.5,0.1,0.0,0.0015,1.95
1479,1.222,0.0,0.0,0.0,0.0,1.95
1480,1.2225,0.5,0.1,0.0,0.0015,1.95
1481,1.222,0.0,0.0,0.0,0.0,1.95
1482,1.222,0.0,0.0,0.0,0.0,1.95
1483,1.2225,0.5,0.1,0.0,0.0015,1.95
1484,1.2225,0.5,0.1,0.0,0.0015,1.95
1485,1.2225,0.5,0.1,0.0,0.0015,1.95
1486,1.222,0.0,0.0,0.0,0.0,1.95
1487,1.2225,0.5,0.1,0.0,0.0015,1.95
1488,1.2225,0.5,0.1,0.0,0.0015,1.95
1489,1.222,0.0,0.0,0.0,0.0,1.95
1490,1.2225,0.5,0.1,0.0,0.0015,1.95
1491,1.222,0.0,0.0,0.0,0.0,1.95
1492,1.2225,0.5,0.1,0.0,0.0015,1.95
1493,1.222,0.0,0.0,0.0,0.0,1.95
1494,1.2225,0.5,0.1,0.0,0.0015,1.95
1495,1.2225,0.5,0.1,0.0,0.0015,1.95
1496,1.222,0.0,0.0,0.0,0.0,1.95
1497,1.222,0.0,0.0,0.0,0.0,1.95
1498,1.222,0.0,0.0,0.0,0.0,1.95
1499,1.2225,0.5,0.1,0.0,0.0015,1.95
1500,1.222,0.0,0.0,0.0,0.0,1.95
1501,1.2225,0.5,0.1,0.0,0.0015,1.95
1502,1.222,0.0,0.0,0.0,0.0,1.95
1503,1.222,0.0,0.0,0.0,0.0,1.95
1504,1.2225,0.5,0.1,0.0,0.0015,1.95
1505,1.222,0.0,0.0,0.0,0.0,1.95
1506,1.222,0.0,0.0,0.0,0.0,1.95
1507,1.2225,0.5,0.1,0.0,0.0015,1.95
1508,1.2225,0.5,0.1,0.0,0.0015,1.95
1509,1.222,0.0,0.0,0.0,0.0,1.95
1510,1.222,0.0,0.0,0.0,0.0,1.95
1511,1.2225,0.5,0.1,0.0,0.0015,1.95
1512,1.2225,0.5,0.1,0.0,0.0015,1.95
1513,1.222,0.0,0.0,0.0,0.0,1.95
1514,1.222,0.0,0.0,0.0,0.0,1.95
1515,1.2225,0.5,0.1,0.0,0.0015,1.95
1516,1.222,0.0,0.0,0.0,0.0,1.95
1517,1.222,0.0,0.0,0.0,0.0,1.95
1518,1.222,0.0,0.0,0.0,0.0,1.95
1519,1.222,0.0,0.0,0.0,0.0,1.95
1520,1.2225,0.5,0.1,0.0,0.0015,1.95
1521,1.2225,0.5,0.1,0.0,0.0015,1.95
1522,1.2225,0.5,0.1,0.0,0.0015,1.95
1523,1.222,0.0,0.0,0.0,0.0,1.95
1524,1.2225,0.5,0.1,0.0,0.0015,1.95
1525,1.222,0.0,0.0,0.0,0.0,1.95
1526,1.2225,0.5,0.1,0.0,0.0015,1.95
1527,1.222,0.0,0.0,0.0,0.0,1.95
1528,1.222,0.0,0.0,0.0,0.0,1.95
1529,1.2225,0.5,0.1,0.0,0.0015,1.95
1530,1.2225,0.5,0.1,0.0,0.0015,1.95
1531,1.222,0.0,0.0,0.0,0.0,1.95
1532,1.2225,0.5,0.1,0.0,0.0015,1.95
1533,1.222,0.0,0.0,0.0,0.0,1.95
1534,1.222,0.0,0.0,0.0,0.0,1.95
1535,1.2225,0.5,0.1,0.0,0.0015,1.95
1536,1.2225,0.5,0.1,0.0,0.0015,1.95
1537,1.2225,0.5,0.1,0.0,0.0015,1.95
1538,1.2225,0.5,0.1,0.0,0.0015,1.95
1539,1.222,0.0,0.0,0.0,0.0,1.95
1540,1.222,0.0,0.0,0.0,0.0,1.95
1541,1.222,0.0,0.0,0.0,0.0,1.95
1542,1.222,0.0,0.0,0.0,0.0,1.95
1543,1.2225,0.5,0.1,0.0,0.0015,1.95
1544,1.2225,0.5,0.1,0.0,0.0015,1.95
1545,1.2225,0.5,0.1,0.0,0.0015,1.95
1546,1.2225,0.5,0.1,0.0,0.0015,1.95
1547,1.2225,0.5,0.1,0.0,0.0015,1.95
1548,1.2225,0.5,0.1,0.0,0.0015,1.95
1549,1.2225,0.5,0.1,0.0,0.0015,1.95
1550,1.2225,0.5,0.1,0.0,0.0015,1.95
1551,1.2225,0.5,0.1,0.0,0.0015,1.95
1552,1.222,0.0,0.0,0.0,0.0,1.95
1553,1.222,0.0,0.0,0.0,0.0,1.95
1554,1.222,0.0,0.0,0.0,0.0,1.95
1555,1.222,0.0,0.0,0.0,0.0,1.95
1556,1.2225,0.5,0.1,0.0,0.0015,1.95
1557,1.222,0.0,0.0,0.0,0.0,1.95
1558,1.2225,0.5,0.1,0.0,0.0015,1.95
1559,1.2225,0.5,0.1,0.0,0.0015,1.95
1560,1.2225,0.5,0.1,0.0,0.0015,1.95
1561,1.2225,0.5,0.1,0.0,0.0015,1.95
1562,1.2225,0.5,0.1,0.0,0.0015,1.95
1563,1.2225,0.5,0.1,0.0,0.0015,1.95
1564,1.222,0.0,0.0,0.0,0.0,1.95
1565,1.2225,0.5,0.1,0.0,0.0015,1.95
1566,1.2225,0.5,0.1,0.0,0.0015,1.95
1567,1.2225,0.5,0.1,0.0,0.0015,1.95
1568,1.2225,0.5,0.1,0.0,0.0015,1.95
1569,1.2225,0.5,0.1,0.0,0.0015,1.95
1570,1.222,0.0,0.0,0.0,0.0,1.95
1571,1.222,0.0,0.0,0.0,0.0,1.95
1572,1.222,0.0,0.0,0.0,0.0,1.95
1573,1.222,0.0,0.0,0.0,0.0,1.95
1574,1.2225,0.5,0.1,0.0,0.0015,1.95
1575,1.222,0.0,0.0,0.0,0.0,1.95
1576,1.2225,0.5,0.1,0.0,0.0015,1.95
1577,1.2225,0.5,0.1,0.0,0.0015,1.95
1578,1.2225,0.5,0.1,0.0,0.0015,1.95
1579,1.2225,0.5,0.1,0.0,0.0015,1.95
1580,1.222,0.0,0.0,0.0,0.0,1.95
1581,1.222,0.0,0.0,0.0,0.0,1.95
1582,1.222,0.0,0.0,0.0,0.0,1.95
1583,1.222,0.0,0.0,0.0,0.0,1.95
1584,1.222,0.0,0.0,0.0,0.0,1.95
1585,1.222,0.0,0.0,0.0,0.0,1.95
1586,1.2225,0.5,0.1,0.0,0.0015,1.95
1587,1.222,0.0,0.0,0.0,0.0,1.95
1588,1.2225,0.5,0.1,0.0,0.0015,1.95
1589,1.2225,0.5,0.1,0.0,0.0015,1.95
1590,1.222,0.0,0.0,0.0,0.0,1.95
1591,1.222,0.0,0.0,0.0,0.0,1.95
1592,1.222,0.0,0.0,0.0,0.0,1.95
1593,1.2225,0.5,0.1,0.0,0.0015,1.95
1594,1.2225,0.5,0.1,0.0,0.0015,1.95
1595,1.2225,0.5,0.1,0.0,0.0015,1.95
1596,1.222,0.0,0.0,0.0,0.0,1.95
1597,1.2225,0.5,0.1,0.0,0.0015,1.95
1598,1.222,0.0,0.0,0.0,0.0,1.95
1599,1.222,0.0,0.0,0.0,0.0,1.95
1600,1.222,0.0,0.0,0.0,0.0,1.95
1601,1.2225,0.5,0.1,0.0,0.0015,1.95
1602,1.222,0.0,0.0,0.0,0.0,1.95
1603,1.2225,0.5,0.1,0.0,0.0015,1.95
1604,1.2225,0.5,0.1,0.0,0.0015,1.95
1605,1.222,0.0,0.0,0.0,0.0,1.95
1606,1.2225,0.5,0.1,0.0,0.0015,1.95
1607,1.222,0.0,0.0,0.0,0.0,1.95
1608,1.222,0.0,0.0,0.0,0.0,1.95
1609,1.222,0.0,0.0,0.0,0.0,1.95
1610,1.2225,0.5,0.1,0.0,0.0015,1.95
1611,1.2225,0.5,0.1,0.0,0.0015,1.95
1612,1.2225,0.5,0.1,0.0,0.0015,1.95
1613,1.2225,0.5,0.1,0.0,0.0015,1.95
1614,1.2225,0.5,0.1,0.0,0.0015,1.95
1615,1.2225,0.5,0.1,0.0,0.0015,1.95
1616,1.222,0.0,0.0,0.0,0.0,1.95
1617,1.2225,0.5,0.1,0.0,0.0015,1.95
1618,1.2225,0.5,0.1,0.0,0.0015,1.95
1619,1.222,0.0,0.0,0.0,0.0,1.95
1620,1.2225,0.5,0.1,0.0,0.0015,1.95
1621,1.2225,0.5,0.1,0.0,0.0015,1.95
1622,1.2225,0.5,0.1,0.0,0.0015,1.95
1623,1.2225,0.5,0.1,0.0,0.0015,1.95
1624,1.2225,0.5,0.1,0.0,0.0015,1.95
1625,1.2225,0.5,0.1,0.0,0.0015,1.95
1626,1.222,0.0,0.0,0.0,0.0,1.95
1627,1.222,0.0,0.0,0.0,0.0,1.95
1628,1.2225,0.5,0.1,0.0,0.0015,1.95
1629,1.222,0.0,0.0,0.0,0.0,1.95
1630,1.222,0.0,0.0,0.0,0.0,1.95
1631,1.2225,0.5,0.1,0.0,0.0015,1.95
1632,1.222,0.0,0.0,0.0,0.0,1.95
1633,1.2225,0.5,0.1,0.0,0.0015,1.95
1634,1.222,0.0,0.0,0.0,0.0,1.95
1635,1.2225,0.5,0.1,0.0,0.0015,1.95
1636,1.222,0.0,0.0,0.0,0.0,1.95
1637,1.2225,0.5,0.1,0.0,0.0015,1.95
1638,1.2225,0.5,0.1,0.0,0.0015,1.95
1639,1.222,0.0,0.0,0.0,0.0,1.95
1640,1.2225,0.5,0.1,0.0,0.0015,1.95
1641,1.2225,0.5,0.1,0.0,0.0015,1.95
1642,1.2225,0.5,0.1,0.0,0.0015,1.95
1643,1.2225,0.5,0.1,0.0,0.0015,1.95
1644,1.222,0.0,0.0,0.0,0.0,1.95
1645,1.222,0.0,0.0,0.0,0.0,1.95
1646,1.222,0.0,0.0,0.0,0.0,1.95
1647,1.2225,0.5,0.1,0.0,0.0015,1.95
1648,1.222,0.0,0.0,0.0,0.0,1.95
1649,1.2225,0.5,0.1,0.0,0.0015,1.95
1650,1.222,0.0,0.0,0.0,0.0,1.95
1651,1.2225,0.5,0.1,0.0,0.0015,1.95
1652,1.222,0.0,0.0,0.0,0.0,1.95
1653,1.222,0.0,0.0,0.0,0.0,1.95
1654,1.2225,0.5,0.1,0.0,0.0015,1.95
1655,1.222,0.0,0.0,0.0,0.0,1.95
1656,1.222,0.0,0.0,0.0,0.0,1.95
1657,1.2225,0.5,0.1,0.0,0.0015,1.95
1658,1.222,0.0,0.0,0.0,0.0,1.95
1659,1.222,0.0,0.0,0.0,0.0,1.95
1660,1.222,0.0,0.0,0.0,0.0,1.95
1661,1.2225,0.5,0.1,0.0,0.0015,1.95
1662,1.2225,0.5,0.1,0.0,0.0015,1.95
1663,1.2225,0.5,0.1,0.0,0.0015,1.95
1664,1.2225,0.5,0.1,0.0,0.0015,1.95
1665,1.222,0.0,0.0,0.0,0.0,1.95
1666,1.2225,0.5,0.1,0.0,0.0015,1.95
1667,1.2225,0.5,0.1,0.0,0.0015,1.95
1668,1.2225,0.5,0.1,0.0,0.0015,1.95
1669,1.2225,0.5,0.1,0.0,0.0015,1.95
1670,1.222,0.0,0.0,0.0,0.0,1.95
1671,1.222,0.0,0.0,0.0,0.0,1.95
1672,1.222,0.0,0.0,0.0,0.0,1.95
1673,1.222,0.0,0.0,0.0,0.0,1.95
1674,1.222,0.0,0.0,0.0,0.0,1.95
1675,1.2225,0.5,0.1,0.0,0.0015,1.95
1676,1.222,0.0,0.0,0.0,0.0,1.95
1677,1.222,0.0,0.0,0.0,0.0,1.95
1678,1.222,0.0,0.0,0.0,0.0,1.95
1679,1.2225,0.5,0.1,0.0,0.0015,1.95
1680,1.222,0.0,0.0,0.0,0.0,1.95
1681,1.2225,0.5,0.1,0.0,0.0015,1.95
1682,1.222,0.0,0.0,0.0,0.0,1.95
1683,1.222,0.0,0.0,0.0,0.0,1.95
1684,1.222,0.0,0.0,0.0,0.0,1.95
1685,1.222,0.0,0.0,0.0,0.0,1.95
1686,1.222,0.0,0.0,0.0,0.0,1.95
1687,1.2225,0.5,0.1,0.0,0.0015,1.95
1688,1.2225,0.5,0.1,0.0,0.0015,1.95
1689,1.2225,0.5,0.1,0.0,0.0015,1.95
1690,1.2225,0.5,0.1,0.0,0.0015,1.95
1691,1.222,0.0,0.0,0.0,0.0,1.95
1692,1.222,0.0,0.0,0.0,0.0,1.95
1693,1.222,0.0,0.0,0.0,0.0,1.95
1694,1.2225,0.5,0.1,0.0,0.0015,1.95
1695,1.2225,0.5,0.1,0.0,0.0015,1.95
1696,1.2225,0.5,0.1,0.0,0.0015,1.95
1697,1.222,0.0,0.0,0.0,0.0,1.95
1698,1.2225,0.5,0.1,0.0,0.0015,1.95
1699,1.222,0.0,0.0,0.0,0.0,1.95
1700,1.2225,0.5,0.1,0.0,0.0015,1.95
1701,1.2225,0.5,0.1,0.0,0.0015,1.95
1702,1.2225,0.5,0.1,0.0,0.0015,1.95
1703,1.222,0.0,0.0,0.0,0.0,1.95
1704,1.222,0.0,0.0,0.0,0.0,1.95
1705,1.222,0.0,0.0,0.0,0.0,1.95
1706,1.2225,0.5,0.1,0.0,0.0015,1.95
1707,1.2225,0.5,0.1,0.0,0.0015,1.95
1708,1.2225,0.5,0.1,0.0,0.0015,1.95
1709,1.222,0.0,0.0,0.0,0.0,1.95
1710,1.2225,0.5,0.1,0.0,0.0015,1.95
1711,1.222,0.0,0.0,0.0,0.0,1.95
1712,1.222,0.0,0.0,0.0,0.0,1.95
1713,1.222,0.0,0.0,0.0,0.0,1.95
1714,1.222,0.0,0.0,0.0,0.0,1.95
1715,1.222,0.0,0.0,0.0,0.0,1.95
1716,1.2225,0.5,0.1,0.0,0.0015,1.95
1717,1.2225,0.5,0.1,0.0,0.0015,1.95
1718,1.222,0.0,0.0,0.0,0.0,1.95
1719,1.222,0.0,0.0,0.0,0.0,1.95
1720,1.222,0.0,0.0,0.0,0.0,1.95
1721,1.2225,0.5,0.1,0.0,0.0015,1.95
1722,1.222,0.0,0.0,0.0,0.0,1.95
1723,1.2225,0.5,0.1,0.0,0.0015,1.95
1724,1.222,0.0,0.0,0.0,0.0,1.95
1725,1.2225,0.5,0.1,0.0,0.0015,1.95
1726,1.222,0.0,0.0,0.0,0.0,1.95
1727,1.222,0.0,0.0,0.0,0.0,1.95
1728,1.222,0.0,0.0,0.0,0.0,1.95
1729,1.222,0.0,0.0,0.0,0.0,1.95
1730,1.222,0.0,0.0,0.0,0.0,1.95
1731,1.2225,0.5,0.1,0.0,0.0015,1.95
1732,1.222,0.0,0.0,0.0,0.0,1.95
1733,1.2225,0.5,0.1,0.0,0.0015,1.95
1734,1.2225,0.5,0.1,0.0,0.0015,1.95
1735,1.2225,0.5,0.1,0.0,0.0015,1.95
1736,1.222,0.0,0.0,0.0,0.0,1.95
1737,1.222,0.0,0.0,0.0,0.0,1.95
1738,1.2225,0.5,0.1,0.0,0.0015,1.95
1739,1.2225,0.5,0.1,0.0,0.0015,1.95
1740,1.222,0.0,0.0,0.0,0.0,1.95
1741,1.2225,0.5,0.1,0.0,0.0015,1.95
1742,1.222,0.0,0.0,0.0,0.0,1.95
1743,1.222,0.0,0.0,0.0,0.0,1.95
1744,1.222,0.0,0.0,0.0,0.0,1.95
1745,1.2225,0.5,0.1,0.0,0.0015,1.95
1746,1.222,0.0,0.0,0.0,0.0,1.95
1747,1.222,0.0,0.0,0.0,0.0,1.95
1748,1.2225,0.5,0.1,0.0,0.0015,1.95
1749,1.222,0.0,0.0,0.0,0.0,1.95
1750,1.2225,0.5,0.1,0.0,0.0015,1.95
1751,1.222,0.0,0.0,0.0,0.0,1.95
1752,1.2225,0.5,0.1,0.0,0.0015,1.95
1753,1.222,0.0,0.0,0.0,0.0,1.95
1754,1.2225,0.5,0.1,0.0,0.0015,1.95
1755,1.222,0.0,0.0,0.0,0.0,1.95
1756,1.2225,0.5,0.1,0.0,0.0015,1.95
1757,1.222,0.0,0.0,0.0,0.0,1.95
1758,1.222,0.0,0.0,0.0,0.0,1.95
1759,1.2225,0.5,0.1,0.0,0.0015,1.95
1760,1.2225,0.5,0.1,0.0,0.0015,1.95
1761,1.222,0.0,0.0,0.0,0.0,1.95
1762,1.222,0.0,0.0,0.0,0.0,1.95
1763,1.222,0.0,0.0,0.0,0.0,1.95
1764,1.2225,0.5,0.1,0.0,0.0015,1.95
1765,1.222,0.0,0.0,0.0,0.0,1.95
1766,1.2225,0.5,0.1,0.0,0.0015,1.95
1767,1.222,0.0,0.0,0.0,0.0,1.95
1768,1.222,0.0,0.0,0.0,0.0,1.95
1769,1.222,0.0,0.0,0.0,0.0,1.95
1770,1.2225,0.5,0.1,0.0,0.0015,1.95
1771,1.2225,0.5,0.1,0.0,0.0015,1.95
1772,1.222,0.0,0.0,0.0,0.0,1.95
1773,1.222,0.0,0.0,0.0,0.0,1.95
1774,1.2225,0.5,0.1,0.0,0.0015,1.95
1775,1.2225,0.5,0.1,0.0,0.0015,1.95
1776,1.222,0.0,0.0,0.0,0.0,1.95
1777,1.2225,0.5,0.1,0.0,0.0015,1.95
1778,1.222,0.0,0.0,0.0,0.0,1.95
1779,1.222,0.0,0.0,0.0,0.0,1.95
1780,1.2225,0.5,0.1,0.0,0.0015,1.95
1781,1.222,0.0,0.0,0.0,0.0,1.95
1782,1.222,0.0,0.0,0.0,0.0,1.95
1783,1.2225,0.5,0.1,0.0,0.0015,1.95
1784,1.222,0.0,0.0,0.0,0.0,1.95
1785,1.222,0.0,0.0,0.0,0.0,1.95
1786,1.2225,0.5,0.1,0.0,0.0015,1.95
1787,1.222,0.0,0.0,0.0,0.0,1.95
1788,1.2225,0.5,0.1,0.0,0.0015,1.95
1789,1.2225,0.5,0.1,0.0,0.0015,1.95
1790,1.2225,0.5,0.1,0.0,0.0015,1.95
1791,1.2225,0.5,0.1,0.0,0.0015,1.95
1792,1.2225,0.5,0.1,0.0,0.0015,1.95
1793,1.222,0.0,0.0,0.0,0.0,1.95
1794,1.222,0.0,0.0,0.0,0.0,1.95
1795,1.222,0.0,0.0,0.0,0.0,1.95
1796,1.222,0.0,0.0,0.0,0.0,1.95
1797,1.222,0.0,0.0,0.0,0.0,1.95
1798,1.222,0.0,0.0,0.0,0.0,1.95
1799,1.2225,0.5,0.1,0.0,0.0015,1.95
1800,1.222,0.0,0.0,0.0,0.0,1.95
1801,1.2225,0.5,0.1,0.0,0.0015,1.95
1802,1.222,0.0,0.0,0.0,0.0,1.95
1803,1.2225,0.5,0.1,0.0,0.0015,1.95
1804,1.2225,0.5,0.1,0.0,0.0015,1.95
1805,1.222,0.0,0.0,0.0,0.0,1.95
1806,1.2225,0.5,0.1,0.0,0.0015,1.95
1807,1.222,0.0,0.0,0.0,0.0,1.95
1808,1.2225,0.5,0.1,0.0,0.0015,1.95
1809,1.2225,0.5,0.1,0.0,0.0015,1.95
1810,1.2225,0.5,0.1,0.0,0.0015,1.95
1811,1.222,0.0,0.0,0.0,0.0,1.95
1812,1.222,0.0,0.0,0.0,0.0,1.95
1813,1.2225,0.5,0.1,0.0,0.0015,1.95
1814,1.222,0.0,0.0,0.0,0.0,1.95
1815,1.2225,0.5,0.1,0.0,0.0015,1.95
1816,1.2225,0.5,0.1,0.0,0.0015,1.95
1817,1.222,0.0,0.0,0.0,0.0,1.95
1818,1.2225,0.5,0.1,0.0,0.0015,1.95
1819,1.222,0.0,0.0,0.0,0.0,1.95
1820,1.2225,0.5,0.1,0.0,0.0015,1.95
1821,1.222,0.0,0.0,0.0,0.0,1.95
1822,1.2225,0.5,0.1,0.0,0.0015,1.95
1823,1.2225,0.5,0.1,0.0,0.0015,1.95
1824,1.2225,0.5,0.1,0.0,0.0015,1.95
1825,1.222,0.0,0.0,0.0,0.0,1.95
1826,1.222,0.0,0.0,0.0,0.0,1.95
1827,1.2225,0.5,0.1,0.0,0.0015,1.95
1828,1.222,0.0,0.0,0.0,0.0,1.95
1829,1.2225,0.5,0.1,0.0,0.0015,1.95
1830,1.2225,0.5,0.1,0.0,0.0015,1.95
1831,1.222,0.0,0.0,0.0,0.0,1.95
1832,1.222,0.0,0.0,0.0,0.0,1.95
1833,1.222,0.0,0.0,0.0,0.0,1.95
1834,1.222,0.0,0.0,0.0,0.0,1.95
1835,1.222,0.0,0.0,0.0,0.0,1.95
1836,1.222,0.0,0.0,0.0,0.0,1.95
1837,1.222,0.0,0.0,0.0,0.0,1.95
1838,1.2225,0.5,0.1,0.0,0.0015,1.95
1839,1.2225,0.5,0.1,0.0,0.0015,1.95
1840,1.2225,0.5,0.1,0.0,0.0015,1.95
1841,1.222,0.0,0.0,0.0,0.0,1.95
1842,1.222,0.0,0.0,0.0,0.0,1.95
1843,1.2225,0.5,0.1,0.0,0.0015,1.95
1844,1.222,0.0,0.0,0.0,0.0,1.95
1845,1.222,0.0,0.0,0.0,0.0,1.95
1846,1.222,0.0,0.0,0.0,0.0,1.95
1847,1.2225,0.5,0.1,0.0,0.0015,1.95
1848,1.2225,0.5,0.1,0.0,0.0015,1.95
1849,1.222,0.0,0.0,0.0,0.0,1.95
1850,1.222,0.0,0.0,0.0,0.0,1.95
1851,1.2225,0.5,0.1,0.0,0.0015,1.95
1852,1.222,0.0,0.0,0.0,0.0,1.95
1853,1.222,0.0,0.0,0.0,0.0,1.95
1854,1.2225,0.5,0.1,0.0,0.0015,1.95
1855,1.222,0.0,0.0,0.0,0.0,1.95
1856,1.2225,0.5,0.1,0.0,0.0015,1.95
1857,1.2225,0.5,0.1,0.0,0.0015,1.95
1858,1.222,0.0,0.0,0.0,0.0,1.95
1859,1.2225,0.5,0.1,0.0,0.0015,1.95
1860,1.222,0.0,0.0,0.0,0.0,1.95
1861,1.2225,0.5,0.1,0.0,0.0015,1.95
1862,1.222,0.0,0.0,0.0,0.0,1.95
1863,1.222,0.0,0.0,0.0,0.0,1.95
1864,1.222,0.0,0.0,0.0,0.0,1.95
1865,1.2225,0.5,0.1,0.0,0.0015,1.95
1866,1.222,0.0,0.0,0.0,0.0,1.95
1867,1.2225,0.5,0.1,0.0,0.0015,1.95
1868,1.222,0.0,0.0,0.0,0.0,1.95
1869,1.2225,0.5,0.1,0.0,0.0015,1.95
1870,1.222,0.0,0.0,0.0,0.0,1.95
1871,1.222,0.0,0.0,0.0,0.0,1.95
1872,1.2225,0.5,0.1,0.0,0.0015,1.95
1873,1.2225,0.5,0.1,0.0,0.0015,1.95
1874,1.2225,0.5,0.1,0.0,0.0015,1.95
1875,1.2225,0.5,0.1,0.0,0.0015,1.95
1876,1.2225,0.5,0.1,0.0,0.0015,1.95
1877,1.222,0.0,0.0,0.0,0.0,1.95
1878,1.2225,0.5,0.1,0.0,0.0015,1.95
1879,1.222,0.0,0.0,0.0,0.0,1.95
1880,1.2225,0.5,0.1,0.0,0.0015,1.95
1881,1.222,0.0,0.0,0.0,0.0,1.95
1882,1.2225,0.5,0.1,0.0,0.0015,1.95
1883,1.2225,0.5,0.1,0.0,0.0015,1.95
1884,1.222,0.0,0.0,0.0,0.0,1.95
1885,1.2225,0.5,0.1,0.0,0.0015,1.95
1886,1.222,0.0,0.0,0.0,0.0,1.95
1887,1.2225,0.5,0.1,0.0,0.0015,1.95
1888,1.222,0.0,0.0,0.0,0.0,1.95
1889,1.222,0.0,0.0,0.0,0.0,1.95
1890,1.222,0.0,0.0,0.0,0.0,1.95
1891,1.222,0.0,0.0,0.0,0.0,1.95
1892,1.2225,0.5,0.1,0.0,0.0015,1.95
1893,1.2225,0.5,0.1,0.0,0.0015,1.95
1894,1.2225,0.5,0.1,0.0,0.0015,1.95
1895,1.2225,0.5,0.1,0.0,0.0015,1.95
1896,1.222,0.0,0.0,0.0,0.0,1.95
1897,1.2225,0.5,0.1,0.0,0.0015,1.95
1898,1.222,0.0,0.0,0.0,0.0,1.95
1899,1.222,0.0,0.0,0.0,0.0,1.95
1900,1.2225,0.5,0.1,0.0,0.0015,1.95
1901,1.2225,0.5,0.1,0.0,0.0015,1.95
1902,1.222,0.0,0.0,0.0,0.0,1.95
1903,1.2225,0.5,0.1,0.0,0.0015,1.95
1904,1.222,0.0,0.0,0.0,0.0,1.95
1905,1.2225,0.5,0.1,0.0,0.0015,1.95
1906,1.2225,0.5,0.1,0.0,0.0015,1.95
1907,1.222,0.0,0.0,0.0,0.0,1.95
1908,1.2225,0.5,0.1,0.0,0.0015,1.95
1909,1.2225,0.5,0.1,0.0,0.0015,1.95
1910,1.222,0.0,0.0,0.0,0.0,1.95
1911,1.2225,0.5,0.1,0.0,0.0015,1.95
1912,1.222,0.0,0.0,0.0,0.0,1.95
1913,1.2225,0.5,0.1,0.0,0.0015,1.95
1914,1.2225,0.5,0.1,0.0,0.0015,1.95
1915,1.222,0.0,0.0,0.0,0.0,1.95
1916,1.2225,0.5,0.1,0.0,0.0015,1.95
1917,1.2225,0.5,0.1,0.0,0.0015,1.95
1918,1.2225,0.5,0.1,0.0,0.0015,1.95
1919,1.222,0.0,0.0,0.0,0.0,1.95
1920,1.222,0.0,0.0,0.0,0.0,1.95
1921,1.222,0.0,0.0,0.0,0.0,1.95
1922,1.2225,0.5,0.1,0.0,0.0015,1.95
1923,1.222,0.0,0.0,0.0,0.0,1.95
1924,1.2225,0.5,0.1,0.0,0.0015,1.95
1925,1.222,0.0,0.0,0.0,0.0,1.95
1926,1.2225,0.5,0.1,0.0,0.0015,1.95
1927,1.2225,0.5,0.1,0.0,0.0015,1.95
1928,1.222,0.0,0.0,0.0,0.0,1.95
1929,1.2225,0.5,0.1,0.0,0.0015,1.95
1930,1.2225,0.5,0.1,0.0,0.0015,1.95
1931,1.2225,0.5,0.1,0.0,0.0015,1.95
1932,1.2225,0.5,0.1,0.0,0.0015,1.95
1933,1.222,0.0,0.0,0.0,0.0,1.95
1934,1.2225,0.5,0.1,0.0,0.0015,1.95
1935,1.222,0.0,0.0,0.0,0.0,1.95
1936,1.2225,0.5,0.1,0.0,0.0015,1.95
1937,1.222,0.0,0.0,0.0,0.0,1.95
1938,1.2225,0.5,0.1,0.0,0.0015,1.95
1939,1.222,0.0,0.0,0.0,0.0,1.95
1940,1.2225,0.5,0.1,0.0,0.0015,1.95
1941,1.222,0.0,0.0,0.0,0.0,1.95
1942,1.2225,0.5,0.1,0.0,0.0015,1.95
1943,1.222,0.0,0.0,0.0,0.0,1.95
1944,1.222,0.0,0.0,0.0,0.0,1.95
1945,1.2225,0.5,0.1,0.0,0.0015,1.95
1946,1.2225,0.5,0.1,0.0,0.0015,1.95
1947,1.2225,0.5,0.1,0.0,0.0015,1.95
1948,1.2225,0.5,0.1,0.0,0.0015,1.95
1949,1.2225,0.5,0.1,0.0,0.0015,1.95
1950,1.222,0.0,0.0,0.0,0.0,1.95
1951,1.222,0.0,0.0,0.0,0.0,1.95
1952,1.2225,0.5,0.1,0.0,0.0015,1.95
1953,1.222,0.0,0.0,0.0,0.0,1.95
1954,1.222,0.0,0.0,0.0,0.0,1.95
1955,1.2225,0.5,0.1,0.0,0.0015,1.95
1956,1.222,0.0,0.0,0.0,0.0,1.95
1957,1.222,0.0,0.0,0.0,0.0,1.95
1958,1.222,0.0,0.0,0.0,0.0,1.95
1959,1.2225,0.5,0.1,0.0,0.0015,1.95
1960,1.2225,0.5,0.1,0.0,0.0015,1.95
1961,1.2225,0.5,0.1,0.0,0.0015,1.95
1962,1.222,0.0,0.0,0.0,0.0,1.95
1963,1.2225,0.5,0.1,0.0,0.0015,1.95
1964,1.222,0.0,0.0,0.0,0.0,1.95
1965,1.2225,0.5,0.1,0.0,0.0015,1.95
1966,1.2225,0.5,0.1,0.0,0.0015,1.95
1967,1.2225,0.5,0.1,0.0,0.0015,1.95
1968,1.222,0.0,0.0,0.0,0.0,1.95
1969,1.222,0.0,0.0,0.0,0.0,1.95
1970,1.2225,0.5,0.1,0.0,0.0015,1.95
1971,1.222,0.0,0.0,0.0,0.0,1.95
1972,1.222,0.0,0.0,0.0,0.0,1.95
1973,1.2225,0.5,0.1,0.0,0.0015,1.95
1974,1.222,0.0,0.0,0.0,0.0,1.95
1975,1.222,0.0,0.0,0.0,0.0,1.95
1976,1.222,0.0,0.0,0.0,0.0,1.95
1977,1.222,0.0,0.0,0.0,0.0,1.95
1978,1.222,0.0,0.0,0.0,0.0,1.95
1979,1.222,0.0,0.0,0.0,0.0,1.95
1980,1.222,0.0,0.0,0.0,0.0,1.95
1981,1.2225,0.5,0.1,0.0,0.0015,1.95
1982,1.2225,0.5,0.1,0.0,0.0015,1.95
1983,1.222,0.0,0.0,0.0,0.0,1.95
1984,1.222,0.0,0.0,0.0,0.0,1.95
1985,1.222,0.0,0.0,0.0,0.0,1.95
1986,1.222,0.0,0.0,0.0,0.0,1.95
1987,1.2225,0.5,0.1,0.0,0.0015,1.95
1988,1.222,0.0,0.0,0.0,0.0,1.95
1989,1.2225,0.5,0.1,0.0,0.0015,1.95
1990,1.2225,0.5,0.1,0.0,0.0015,1.95
1991,1.222,0.0,0.0,0.0,0.0,1.95
1992,1.222,0.0,0.0,0.0,0.0,1.95
1993,1.222,0.0,0.0,0.0,0.0,1.95
1994,1.222,0.0,0.0,0.0,0.0,1.95
1995,1.2225,0.5,0.1,0.0,0.0015,1.95
1996,1.2225,0.5,0.1,0.0,0.0015,1.95
1997,1.222,0.0,0.0,0.0,0.0,1.95
1998,1.222,0.0,0.0,0.0,0.0,1.95
1999,1.222,0.0,0.0,0.0,0.0,1.95
2000,1.2225,0.5,0.1,0.0,0.0015,1.95
2001,1.222,0.0,0.0,0.0,0.0,1.95
2002,1.2225,0.5,0.1,0.0,0.0015,1.95
2003,1.222,0.0,0.0,0.0,0.0,1.95
2004,1.2225,0.5,0.1,0.0,0.0015,1.95
2005,1.222,0.0,0.0,0.0,0.0,1.95
2006,1.2225,0.5,0.1,0.0,0.0015,1.95
2007,1.2225,0.5,0.1,0.0,0.0015,1.95
2008,1.222,0.0,0.0,0.0,0.0,1.95
2009,1.222,0.0,0.0,0.0,0.0,1.95
2010,1.222,0.0,0.0,0.0,0.0,1.95
2011,1.2225,0.5,0.1,0.0,0.0015,1.95
2012,1.222,0.0,0.0,0.0,0.0,1.95
2013,1.2225,0.5,0.1,0.0,0.0015,1.95
2014,1.222,0.0,0.0,0.0,0.0,1.95
2015,1.2225,0.5,0.1,0.0,0.0015,1.95
2016,1.222,0.0,0.0,0.0,0.0,1.95
2017,1.222,0.0,0.0,0.0,0.0,1.95
2018,1.2225,0.5,0.1,0.0,0.0015,1.95
2019,1.2225,0.5,0.1,0.0,0.0015,1.95
2020,1.222,0.0,0.0,0.0,0.0,1.95
2021,1.2225,0.5,0.1,0.0,0.0015,1.95
2022,1.222,0.0,0.0,0.0,0.0,1.95
2023,1.222,0.0,0.0,0.0,0.0,1.95
2024,1.222,0.0,0.0,0.0,0.0,1.95
2025,1.2225,0.5,0.1,0.0,0.0015,1.95
2026,1.222,0.0,0.0,0.0,0.0,1.95
2027,1.2225,0.5,0.1,0.0,0.0015,1.95
2028,1.222,0.0,0.0,0.0,0.0,1.95
2029,1.222,0.0,0.0,0.0,0.0,1.95
2030,1.2225,0.5,0.1,0.0,0.0015,1.95
2031,1.222,0.0,0.0,0.0,0.0,1.95
2032,1.222,0.0,0.0,0.0,0.0,1.95
2033,1.2225,0.5,0.1,0.0,0.0015,1.95
2034,1.222,0.0,0.0,0.0,0.0,1.95
2035,1.222,0.0,0.0,0.0,0.0,1.95
2036,1.2225,0.5,0.1,0.0,0.0015,1.95
2037,1.222,0.0,0.0,0.0,0.0,1.95
2038,1.2225,0.5,0.1,0.0,0.0015,1.95
2039,1.2225,0.5,0.1,0.0,0.0015,1.95
2040,1.222,0.0,0.0,0.0,0.0,1.95
2041,1.2225,0.5,0.1,0.0,0.0015,1.95
2042,1.222,0.0,0.0,0.0,0.0,1.95
2043,1.222,0.0,0.0,0.0,0.0,1.95
2044,1.2225,0.5,0.1,0.0,0.0015,1.95
2045,1.2225,0.5,0.1,0.0,0.0015,1.95
2046,1.2225,0.5,0.1,0.0,0.0015,1.95
2047,1.222,0.0,0.0,0.0,0.0,1.95
2048,1.2225,0.5,0.1,0.0,0.0015,1.95
2049,1.2225,0.5,0.1,0.0,0.0015,1.95
2050,1.222,0.0,0.0,0.0,0.0,1.95
2051,1.2225,0.5,0.1,0.0,0.0015,1.95
2052,1.2225,0.5,0.1,0.0,0.0015,1.95
2053,1.222,0.0,0.0,0.0,0.0,1.95
2054,1.2225,0.5,0.1,0.0,0.0015,1.95
2055,1.2225,0.5,0.1,0.0,0.0015,1.95
2056,1.2225,0.5,0.1,0.0,0.0015,1.95
2057,1.2225,0.5,0.1,0.0,0.0015,1.95
2058,1.2225,0.5,0.1,0.0,0.0015,1.95
2059,1.222,0.0,0.0,0.0,0.0,1.95
2060,1.222,0.0,0.0,0.0,0.0,1.95
2061,1.222,0.0,0.0,0.0,0.0,1.95
2062,1.222,0.0,0.0,0.0,0.0,1.95
2063,1.222,0.0,0.0,0.0,0.0,1.95
2064,1.222,0.0,0.0,0.0,0.0,1.95
2065,1.2225,0.5,0.1,0.0,0.0015,1.95
2066,1.222,0.0,0.0,0.0,0.0,1.95
2067,1.2225,0.5,0.1,0.0,0.0015,1.95
2068,1.222,0.0,0.0,0.0,0.0,1.95
2069,1.222,0.0,0.0,0.0,0.0,1.95
2070,1.222,0.0,0.0,0.0,0.0,1.95
2071,1.222,0.0,0.0,0.0,0.0,1.95
2072,1.2225,0.5,0.1,0.0,0.0015,1.95
2073,1.222,0.0,0.0,0.0,0.0,1.95
2074,1.2225,0.5,0.1,0.0,0.0015,1.95
2075,1.2225,0.5,0.1,0.0,0.0015,1.95
2076,1.2225,0.5,0.1,0.0,0.0015,1.95
2077,1.2225,0.5,0.1,0.0,0.0015,1.95
2078,1.2225,0.5,0.1,0.0,0.0015,1.95
2079,1.2225,0.5,0.1,0.0,0.0015,1.95
2080,1.2225,0.5,0.1,0.0,0.0015,1.95
2081,1.222,0.0,0.0,0.0,0.0,1.95
2082,1.2225,0.5,0.1,0.0,0.0015,1.95
2083,1.222,0.0,0.0,0.0,0.0,1.95
2084,1.222,0.0,0.0,0.0,0.0,1.95
2085,1.222,0.0,0.0,0.0,0.0,1.95
2086,1.222,0.0,0.0,0.0,0.0,1.95
2087,1.2225,0.5,0.1,0.0,0.0015,1.95
2088,1.2225,0.5,0.1,0.0,0.0015,1.95
2089,1.2225,0.5,0.1,0.0,0.0015,1.95
2090,1.222,0.0,0.0,0.0,0.0,1.95
2091,1.2225,0.5,0.1,0.0,0.0015,1.95
2092,1.222,0.0,0.0,0.0,0.0,1.95
2093,1.222,0.0,0.0,0.0,0.0,1.95
2094,1.222,0.0,0.0,0.0,0.0,1.95
2095,1.2225,0.5,0.1,0.0,0.0015,1.95
2096,1.222,0.0,0.0,0.0,0.0,1.95
2097,1.2225,0.5,0.1,0.0,0.0015,1.95
2098,1.2225,0.5,0.1,0.0,0.0015,1.95
2099,1.222,0.0,0.0,0.0,0.0,1.95
2100,1.222,0.0,0.0,0.0,0.0,1.95
2101,1.222,0.0,0.0,0.0,0.0,1.95
2102,1.2225,0.5,0.1,0.0,0.0015,1.95
2103,1.2225,0.5,0.1,0.0,0.0015,1.95
2104,1.222,0.0,0.0,0.0,0.0,1.95
2105,1.222,0.0,0.0,0.0,0.0,1.95
2106,1.222,0.0,0.0,0.0,0.0,1.95
2107,1.222,0.0,0.0,0.0,0.0,1.95
2108,1.222,0.0,0.0,0.0,0.0,1.95
2109,1.2225,0.5,0.1,0.0,0.0015,1.95
2110,1.222,0.0,0.0,0.0,0.0,1.95
2111,1.222,0.0,0.0,0.0,0.0,1.95
2112,1.2225,0.5,0.1,0.0,0.0015,1.95
2113,1.2225,0.5,0.1,0.0,0.0015,1.95
2114,1.222,0.0,0.0,0.0,0.0,1.95
2115,1.2225,0.5,0.1,0.0,0.0015,1.95
2116,1.222,0.0,0.0,0.0,0.0,1.95
2117,1.222,0.0,0.0,0.0,0.0,1.95
2118,1.222,0.0,0.0,0.0,0.0,1.95
2119,1.2225,0.5,0.1,0.0,0.0015,1.95
2120,1.2225,0.5,0.1,0.0,0.0015,1.95
2121,1.2225,0.5,0.1,0.0,0.0015,1.95
2122,1.222,0.0,0.0,0.0,0.0,1.95
2123,1.2225,0.5,0.1,0.0,0.0015,1.95
2124,1.2225,0.5,0.1,0.0,0.0015,1.95
2125,1.2225,0.5,0.1,0.0,0.0015,1.95
2126,1.222,0.0,0.0,0.0,0.0,1.95
2127,1.222,0.0,0.0,0.0,0.0,1.95
2128,1.2225,0.5,0.1,0.0,0.0015,1.95
2129,1.222,0.0,0.0,0.0,0.0,1.95
2130,1.222,0.0,0.0,0.0,0.0,1.95
2131,1.2225,0.5,0.1,0.0,0.0015,1.95
2132,1.222,0.0,0.0,0.0,0.0,1.95
2133,1.222,0.0,0.0,0.0,0.0,1.95
2134,1.222,0.0,0.0,0.0,0.0,1.95
2135,1.2225,0.5,0.1,0.0,0.0015,1.95
2136,1.222,0.0,0.0,0.0,0.0,1.95
2137,1.222,0.0,0.0,0.0,0.0,1.95
2138,1.2225,0.5,0.1,0.0,0.0015,1.95
2139,1.2225,0.5,0.1,0.0,0.0015,1.95
2140,1.2225,0.5,0.1,0.0,0.0015,1.95
2141,1.222,0.0,0.0,0.0,0.0,1.95
2142,1.222,0.0,0.0,0.0,0.0,1.95
2143,1.2225,0.5,0.1,0.0,0.0015,1.95
2144,1.2225,0.5,0.1,0.0,0.0015,1.95
2145,1.222,0.0,0.0,0.0,0.0,1.95
2146,1.222,0.0,0.0,0.0,0.0,1.95
2147,1.222,0.0,0.0,0.0,0.0,1.95
2148,1.222,0.0,0.0,0.0,0.0,1.95
2149,1.222,0.0,0.0,0.0,0.0,1.95
2150,1.222,0.0,0.0,0.0,0.0,1.95
2151,1.2225,0.5,0.1,0.0,0.0015,1.95
2152,1.222,0.0,0.0,0.0,0.0,1.95
2153,1.222,0.0,0.0,0.0,0.0,1.95
2154,1.222,0.0,0.0,0.0,0.0,1.95
2155,1.222,0.0,0.0,0.0,0.0,1.95
2156,1.2225,0.5,0.1,0.0,0.0015,1.95
2157,1.222,0.0,0.0,0.0,0.0,1.95
2158,1.222,0.0,0.0,0.0,0.0,1.95
2159,1.2225,0.5,0.1,0.0,0.0015,1.95
2160,1.222,0.0,0.0,0.0,0.0,1.95
2161,1.2225,0.5,0.1,0.0,0.0015,1.95
2162,1.222,0.0,0.0,0.0,0.0,1.95
2163,1.222,0.0,0.0,0.0,0.0,1.95
2164,1.2225,0.5,0.1,0.0,0.0015,1.95
2165,1.222,0.0,0.0,0.0,0.0,1.95
2166,1.222,0.0,0.0,0.0,0.0,1.95
2167,1.2225,0.5,0.1,0.0,0.0015,1.95
2168,1.222,0.0,0.0,0.0,0.0,1.95
2169,1.222,0.0,0.0,0.0,0.0,1.95
2170,1.222,0.0,0.0,0.0,0.0,1.95
2171,1.222,0.0,0.0,0.0,0.0,1.95
2172,1.2225,0.5,0.1,0.0,0.0015,1.95
2173,1.222,0.0,0.0,0.0,0.0,1.95
2174,1.222,0.0,0.0,0.0,0.0,1.95
2175,1.222,0.0,0.0,0.0,0.0,1.95
2176,1.222,0.0,0.0,0.0,0.0,1.95
2177,1.222,0.0,0.0,0.0,0.0,1.95
2178,1.222,0.0,0.0,0.0,0.0,1.95
2179,1.2225,0.5,0.1,0.0,0.0015,1.95
2180,1.222,0.0,0.0,0.0,0.0,1.95
2181,1.222,0.0,0.0,0.0,0.0,1.95
2182,1.2225,0.5,0.1,0.0,0.0015,1.95
2183,1.222,0.0,0.0,0.0,0.0,1.95
2184,1.222,0.0,0.0,0.0,0.0,1.95
2185,1.2225,0.5,0.1,0.0,0.0015,1.95
2186,1.2225,0.5,0.1,0.0,0.0015,1.95
2187,1.222,0.0,0.0,0.0,0.0,1.95
2188,1.2225,0.5,0.1,0.0,0.0015,1.95
2189,1.222,0.0,0.0,0.0,0.0,1.95
2190,1.2225,0.5,0.1,0.0,0.0015,1.95
2191,1.2225,0.5,0.1,0.0,0.0015,1.95
2192,1.222,0.0,0.0,0.0,0.0,1.95
2193,1.222,0.0,0.0,0.0,0.0,1.95
2194,1.222,0.0,0.0,0.0,0.0,1.95
2195,1.222,0.0,0.0,0.0,0.0,1.95
2196,1.2225,0.5,0.1,0.0,0.0015,1.95
2197,1.222,0.0,0.0,0.0,0.0,1.95
2198,1.222,0.0,0.0,0.0,0.0,1.95
2199,1.2225,0.5,0.1,0.0,0.0015,1.95
2200,1.2225,0.5,0.1,0.0,0.0015,1.95
2201,1.222,0.0,0.0,0.0,0.0,1.95
2202,1.2225,0.5,0.1,0.0,0.0015,1.95
2203,1.2225,0.5,0.1,0.0,0.0015,1.95
2204,1.222,0.0,0.0,0.0,0.0,1.95
2205,1.2225,0.5,0.1,0.0,0.0015,1.95
2206,1.2225,0.5,0.1,0.0,0.0015,1.95
2207,1.2225,0.5,0.1,0.0,0.0015,1.95
2208,1.2225,0.5,0.1,0.0,0.0015,1.95
2209,1.2225,0.5,0.1,0.0,0.0015,1.95
2210,1.222,0.0,0.0,0.0,0.0,1.95
2211,1.2225,0.5,0.1,0.0,0.0015,1.95
2212,1.2225,0.5,0.1,0.0,0.0015,1.95
2213,1.2225,0.5,0.1,0.0,0.0015,1.95
2214,1.2225,0.5,0.1,0.0,0.0015,1.95
2215,1.2225,0.5,0.1,0.0,0.0015,1.95
2216,1.222,0.0,0.0,0.0,0.0,1.95
2217,1.2225,0.5,0.1,0.0,0.0015,1.95
2218,1.222,0.0,0.0,0.0,0.0,1.95
2219,1.2225,0.5,0.1,0.0,0.0015,1.95
2220,1.222,0.0,0.0,0.0,0.0,1.95
2221,1.222,0.0,0.0,0.0,0.0,1.95
2222,1.2225,0.5,0.1,0.0,0.0015,1.95
2223,1.222,0.0,0.0,0.0,0.0,1.95
2224,1.222,0.0,0.0,0.0,0.0,1.95
2225,1.222,0.0,0.0,0.0,0.0,1.95
2226,1.2225,0.5,0.1,0.0,0.0015,1.95
2227,1.2225,0.5,0.1,0.0,0.0015,1.95
2228,1.222,0.0,0.0,0.0,0.0,1.95
2229,1.222,0.0,0.0,0.0,0.0,1.95
2230,1.2225,0.5,0.1,0.0,0.0015,1.95
2231,1.2225,0.5,0.1,0.0,0.0015,1.95
2232,1.222,0.0,0.0,0.0,0.0,1.95
2233,1.2225,0.5,0.1,0.0,0.0015,1.95
2234,1.222,0.0,0.0,0.0,0.0,1.95
2235,1.222,0.0,0.0,0.0,0.0,1.95
2236,1.222,0.0,0.0,0.0,0.0,1.95
2237,1.222,0.0,0.0,0.0,0.0,1.95
2238,1.222,0.0,0.0,0.0,0.0,1.95
2239,1.222,0.0,0.0,0.0,0.0,1.95
2240,1.2225,0.5,0.1,0.0,0.0015,1.95
2241,1.222,0.0,0.0,0.0,0.0,1.95
2242,1.222,0.0,0.0,0.0,0.0,1.95
2243,1.222,0.0,0.0,0.0,0.0,1.95
2244,1.222,0.0,0.0,0.0,0.0,1.95
2245,1.222,0.0,0.0,0.0,0.0,1.95
2246,1.222,0.0,0.0,0.0,0.0,1.95
2247,1.2225,0.5,0.1,0.0,0.0015,1.95
2248,1.222,0.0,0.0,0.0,0.0,1.95
2249,1.2225,0.5,0.1,0.0,0.0015,1.95
2250,1.222,0.0,0.0,0.0,0.0,1.95
2251,1.222,0.0,0.0,0.0,0.0,1.95
2252,1.2225,0.5,0.1,0.0,0.0015,1.95
2253,1.222,0.0,0.0,0.0,0.0,1.95
2254,1.2225,0.5,0.1,0.0,0.0015,1.95
2255,1.222,0.0,0.0,0.0,0.0,1.95
2256,1.222,0.0,0.0,0.0,0.0,1.95
2257,1.222,0.0,0.0,0.0,0.0,1.95
2258,1.222,0.0,0.0,0.0,0.0,1.95
2259,1.222,0.0,0.0,0.0,0.0,1.95
2260,1.222,0.0,0.0,0.0,0.0,1.95
2261,1.2225,0.5,0.1,0.0,0.0015,1.95
2262,1.2225,0.5,0.1,0.0,0.0015,1.95
2263,1.222,0.0,0.0,0.0,0.0,1.95
2264,1.2225,0.5,0.1,0.0,0.0015,1.95
2265,1.222,0.0,0.0,0.0,0.0,1.95
2266,1.2225,0.5,0.1,0.0,0.0015,1.95
2267,1.222,0.0,0.0,0.0,0.0,1.95
2268,1.222,0.0,0.0,0.0,0.0,1.95
2269,1.222,0.0,0.0,0.0,0.0,1.95
2270,1.2225,0.5,0.1,0.0,0.0015,1.95
2271,1.222,0.0,0.0,0.0,0.0,1.95
2272,1.2225,0.5,0.1,0.0,0.0015,1.95
2273,1.2225,0.5,0.1,0.0,0.0015,1.95
2274,1.2225,0.5,0.1,0.0,0.0015,1.95
2275,1.2225,0.5,0.1,0.0,0.0015,1.95
2276,1.2225,0.5,0.1,0.0,0.0015,1.95
2277,1.2225,0.5,0.1,0.0,0.0015,1.95
2278,1.222,0.0,0.0,0.0,0.0,1.95
2279,1.222,0.0,0.0,0.0,0.0,1.95
2280,1.2225,0.5,0.1,0.0,0.0015,1.95
2281,1.2225,0.5,0.1,0.0,0.0015,1.95
2282,1.2225,0.5,0.1,0.0,0.0015,1.95
2283,1.222,0.0,0.0,0.0,0.0,1.95
2284,1.2225,0.5,0.1,0.0,0.0015,1.95
2285,1.2225,0.5,0.1,0.0,0.0015,1.95
2286,1.2225,0.5,0.1,0.0,0.0015,1.95
2287,1.2225,0.5,0.1,0.0,0.0015,1.95
2288,1.222,0.0,0.0,0.0,0.0,1.95
2289,1.2225,0.5,0.1,0.0,0.0015,1.95
2290,1.2225,0.5,0.1,0.0,0.0015,1.95
2291,1.222,0.0,0.0,0.0,0.0,1.95
2292,1.2225,0.5,0.1,0.0,0.0015,1.95
2293,1.2225,0.5,0.1,0.0,0.0015,1.95
2294,1.222,0.0,0.0,0.0,0.0,1.95
2295,1.222,0.0,0.0,0.0,0.0,1.95
2296,1.222,0.0,0.0,0.0,0.0,1.95
2297,1.2225,0.5,0.1,0.0,0.0015,1.95
2298,1.222,0.0,0.0,0.0,0.0,1.95
2299,1.222,0.0,0.0,0.0,0.0,1.95
2300,1.2225,0.5,0.1,0.0,0.0015,1.95
2301,1.2225,0.5,0.1,0.0,0.0015,1.95
2302,1.222,0.0,0.0,0.0,0.0,1.95
2303,1.222,0.0,0.0,0.0,0.0,1.95
2304,1.222,0.0,0.0,0.0,0.0,1.95
2305,1.2225,0.5,0.1,0.0,0.0015,1.95
2306,1.2225,0.5,0.1,0.0,0.0015,1.95
2307,1.2225,0.5,0.1,0.0,0.0015,1.95
2308,1.222,0.0,0.0,0.0,0.0,1.95
2309,1.2225,0.5,0.1,0.0,0.0015,1.95
2310,1.222,0.0,0.0,0.0,0.0,1.95
2311,1.2225,0.5,0.1,0.0,0.0015,1.95
2312,1.2225,0.5,0.1,0.0,0.0015,1.95
2313,1.222,0.0,0.0,0.0,0.0,1.95
2314,1.2225,0.5,0.1,0.0,0.0015,1.95
2315,1.222,0.0,0.0,0.0,0.0,1.95
2316,1.222,0.0,0.0,0.0,0.0,1.95
2317,1.222,0.0,0.0,0.0,0.0,1.95
2318,1.222,0.0,0.0,0.0,0.0,1.95
2319,1.2225,0.5,0.1,0.0,0.0015,1.95
2320,1.2225,0.5,0.1,0.0,0.0015,1.95
2321,1.2225,0.5,0.1,0.0,0.0015,1.95
2322,1.2225,0.5,0.1,0.0,0.0015,1.95
2323,1.2225,0.5,0.1,0.0,0.0015,1.95
2324,1.2225,0.5,0.1,0.0,0.0015,1.95
2325,1.222,0.0,0.0,0.0,0.0,1.95
2326,1.222,0.0,0.0,0.0,0.0,1.95
2327,1.2225,0.5,0.1,0.0,0.0015,1.95
2328,1.222,0.0,0.0,0.0,0.0,1.95
2329,1.2225,0.5,0.1,0.0,0.0015,1.95
2330,1.222,0.0,0.0,0.0,0.0,1.95
2331,1.2225,0.5,0.1,0.0,0.0015,1.95
2332,1.2225,0.5,0.1,0.0,0.0015,1.95
2333,1.222,0.0,0.0,0.0,0.0,1.95
2334,1.2225,0.5,0.1,0.0,0.0015,1.95
2335,1.222,0.0,0.0,0.0,0.0,1.95
2336,1.2225,0.5,0.1,0.0,0.0015,1.95
2337,1.2225,0.5,0.1,0.0,0.0015,1.95
2338,1.2225,0.5,0.1,0.0,0.0015,1.95
2339,1.2225,0.5,0.1,0.0,0.0015,1.95
2340,1.2225,0.5,0.1,0.0,0.0015,1.95
2341,1.222,0.0,0.0,0.0,0.0,1.95
2342,1.222,0.0,0.0,0.0,0.0,1.95
2343,1.222,0.0,0.0,0.0,0.0,1.95
2344,1.2225,0.5,0.1,0.0,0.0015,1.95
2345,1.2225,0.5,0.1,0.0,0.0015,1.95
2346,1.222,0.0,0.0,0.0,0.0,1.95
2347,1.222,0.0,0.0,0.0,0.0,1.95
2348,1.2225,0.5,0.1,0.0,0.0015,1.95
2349,1.2225,0.5,0.1,0.0,0.0015,1.95
2350,1.2225,0.5,0.1,0.0,0.0015,1.95
2351,1.2225,0.5,0.1,0.0,0.0015,1.95
2352,1.2225,0.5,0.1,0.0,0.0015,1.95
2353,1.2225,0.5,0.1,0.0,0.0015,1.95
2354,1.2225,0.5,0.1,0.0,0.0015,1.95
2355,1.2225,0.5,0.1,0.0,0.0015,1.95
2356,1.222,0.0,0.0,0.0,0.0,1.95
2357,1.2225,0.5,0.1,0.0,0.0015,1.95
2358,1.2225,0.5,0.1,0.0,0.0015,1.95
2359,1.2225,0.5,0.1,0.0,0.0015,1.95
2360,1.2225,0.5,0.1,0.0,0.0015,1.95
2361,1.222,0.0,0.0,0.0,0.0,1.95
2362,1.2225,0.5,0.1,0.0,0.0015,1.95
2363,1.2225,0.5,0.1,0.0,0.0015,1.95
2364,1.222,0.0,0.0,0.0,0.0,1.95
2365,1.222,0.0,0.0,0.0,0.0,1.95
2366,1.222,0.0,0.0,0.0,0.0,1.95
2367,1.2225,0.5,0.1,0.0,0.0015,1.95
2368,1.2225,0.5,0.1,0.0,0.0015,1.95
2369,1.222,0.0,0.0,0.0,0.0,1.95
2370,1.222,0.0,0.0,0.0,0.0,1.95
2371,1.222,0.0,0.0,0.0,0.0,1.95
2372,1.222,0.0,0.0,0.0,0.0,1.95
2373,1.222,0.0,0.0,0.0,0.0,1.95
2374,1.222,0.0,0.0,0.0,0.0,1.95
2375,1.2225,0.5,0.1,0.0,0.0015,1.95
2376,1.2225,0.5,0.1,0.0,0.0015,1.95
2377,1.222,0.0,0.0,0.0,0.0,1.95
2378,1.2225,0.5,0.1,0.0,0.0015,1.95
2379,1.2225,0.5,0.1,0.0,0.0015,1.95
2380,1.2225,0.5,0.1,0.0,0.0015,1.95
2381,1.222,0.0,0.0,0.0,0.0,1.95
2382,1.2225,0.5,0.1,0.0,0.0015,1.95
2383,1.222,0.0,0.0,0.0,0.0,1.95
2384,1.222,0.0,0.0,0.0,0.0,1.95
2385,1.2225,0.5,0.1,0.0,0.0015,1.95
2386,1.2225,0.5,0.1,0.0,0.0015,1.95
2387,1.2225,0.5,0.1,0.0,0.0015,1.95
2388,1.2225,0.5,0.1,0.0,0.0015,1.95
2389,1.222,0.0,0.0,0.0,0.0,1.95
2390,1.2225,0.5,0.1,0.0,0.0015,1.95
2391,1.222,0.0,0.0,0.0,0.0,1.95
2392,1.2225,0.5,0.1,0.0,0.0015,1.95
2393,1.2225,0.5,0.1,0.0,0.0015,1.95
2394,1.222,0.0,0.0,0.0,0.0,1.95
2395,1.2225,0.5,0.1,0.0,0.0015,1.95
2396,1.2225,0.5,0.1,0.0,0.0015,1.95
2397,1.222,0.0,0.0,0.0,0.0,1.95
2398,1.222,0.0,0.0,0.0,0.0,1.95
2399,1.2225,0.5,0.1,0.0,0.0015,1.95
2400,1.2225,0.5,0.1,0.0,0.0015,1.95
2401,1.2225,0.5,0.1,0.0,0.0015,1.95
2402,1.222,0.0,0.0,0.0,0.0,1.95
2403,1.2225,0.5,0.1,0.0,0.0015,1.95
2404,1.2225,0.5,0.1,0.0,0.0015,1.95
2405,1.222,0.0,0.0,0.0,0.0,1.95
2406,1.2225,0.5,0.1,0.0,0.0015,1.95
2407,1.222,0.0,0.0,0.0,0.0,1.95
2408,1.222,0.0,0.0,0.0,0.0,1.95
2409,1.222,0.0,0.0,0.0,0.0,1.95
2410,1.222,0.0,0.0,0.0,0.0,1.95
2411,1.2225,0.5,0.1,0.0,0.0015,1.95
2412,1.2225,0.5,0.1,0.0,0.0015,1.95
2413,1.2225,0.5,0.1,0.0,0.0015,1.95
2414,1.222,0.0,0.0,0.0,0.0,1.95
2415,1.222,0.0,0.0,0.0,0.0,1.95
2416,1.222,0.0,0.0,0.0,0.0,1.95
2417,1.2225,0.5,0.1,0.0,0.0015,1.95
2418,1.2225,0.5,0.1,0.0,0.0015,1.95
2419,1.222,0.0,0.0,0.0,0.0,1.95
2420,1.2225,0.5,0.1,0.0,0.0015,1.95
2421,1.222,0.0,0.0,0.0,0.0,1.95
2422,1.2225,0.5,0.1,0.0,0.0015,1.95
2423,1.222,0.0,0.0,0.0,0.0,1.95
2424,1.222,0.0,0.0,0.0,0.0,1.95
2425,1.222,0.0,0.0,0.0,0.0,1.95
2426,1.2225,0.5,0.1,0.0,0.0015,1.95
2427,1.2225,0.5,0.1,0.0,0.0015,1.95
2428,1.2225,0.5,0.1,0.0,0.0015,1.95
2429,1.222,0.0,0.0,0.0,0.0,1.95
2430,1.2225,0.5,0.1,0.0,0.0015,1.95
2431,1.2225,0.5,0.1,0.0,0.0015,1.95
2432,1.2225,0.5,0.1,0.0,0.0015,1.95
2433,1.222,0.0,0.0,0.0,0.0,1.95
2434,1.222,0.0,0.0,0.0,0.0,1.95
2435,1.2225,0.5,0.1,0.0,0.0015,1.95
2436,1.222,0.0,0.0,0.0,0.0,1.95
2437,1.222,0.0,0.0,0.0,0.0,1.95
2438,1.222,0.0,0.0,0.0,0.0,1.95
2439,1.2225,0.5,0.1,0.0,0.0015,1.95
2440,1.222,0.0,0.0,0.0,0.0,1.95
2441,1.222,0.0,0.0,0.0,0.0,1.95
2442,1.2225,0.5,0.1,0.0,0.0015,1.95
2443,1.222,0.0,0.0,0.0,0.0,1.95
2444,1.222,0.0,0.0,0.0,0.0,1.95
2445,1.222,0.0,0.0,0.0,0.0,1.95
2446,1.2225,0.5,0.1,0.0,0.0015,1.95
2447,1.222,0.0,0.0,0.0,0.0,1.95
2448,1.2225,0.5,0.1,0.0,0.0015,1.95
2449,1.222,0.0,0.0,0.0,0.0,1.95
2450,1.2225,0.5,0.1,0.0,0.0015,1.95
2451,1.2225,0.5,0.1,0.0,0.0015,1.95
2452,1.222,0.0,0.0,0.0,0.0,1.95
2453,1.222,0.0,0.0,0.0,0.0,1.95
2454,1.2225,0.5,0.1,0.0,0.0015,1.95
2455,1.2225,0.5,0.1,0.0,0.0015,1.95
2456,1.2225,0.5,0.1,0.0,0.0015,1.95
2457,1.2225,0.5,0.1,0.0,0.0015,1.95
2458,1.2225,0.5,0.1,0.0,0.0015,1.95
2459,1.222,0.0,0.0,0.0,0.0,1.95
2460,1.222,0.0,0.0,0.0,0.0,1.95
2461,1.2225,0.5,0.1,0.0,0.0015,1.95
2462,1.222,0.0,0.0,0.0,0.0,1.95
2463,1.2225,0.5,0.1,0.0,0.0015,1.95
2464,1.222,0.0,0.0,0.0,0.0,1.95
2465,1.222,0.0,0.0,0.0,0.0,1.95
2466,1.2225,0.5,0.1,0.0,0.0015,1.95
2467,1.2225,0.5,0.1,0.0,0.0015,1.95
2468,1.222,0.0,0.0,0.0,0.0,1.95
2469,1.222,0.0,0.0,0.0,0.0,1.95
2470,1.2225,0.5,0.1,0.0,0.0015,1.95
2471,1.2225,0.5,0.1,0.0,0.0015,1.95
2472,1.2225,0.5,0.1,0.0,0.0015,1.95
2473,1.2225,0.5,0.1,0.0,0.0015,1.95
2474,1.2225,0.5,0.1,0.0,0.0015,1.95
2475,1.222,0.0,0.0,0.0,0.0,1.95
2476,1.222,0.0,0.0,0.0,0.0,1.95
2477,1.2225,0.5,0.1,0.0,0.0015,1.95
2478,1.222,0.0,0.0,0.0,0.0,1.95
2479,1.222,0.0,0.0,0.0,0.0,1.95
2480,1.2225,0.5,0.1,0.0,0.0015,1.95
2481,1.222,0.0,0.0,0.0,0.0,1.95
2482,1.222,0.0,0.0,0.0,0.0,1.95
2483,1.2225,0.5,0.1,0.0,0.0015,1.95
2484,1.2225,0.5,0.1,0.0,0.0015,1.95
2485,1.222,0.0,0.0,0.0,0.0,1.95
2486,1.222,0.0,0.0,0.0,0.0,1.95
2487,1.2225,0.5,0.1,0.0,0.0015,1.95
2488,1.2225,0.5,0.1,0.0,0.0015,1.95
2489,1.2225,0.5,0.1,0.0,0.0015,1.95
2490,1.2225,0.5,0.1,0.0,0.0015,1.95
2491,1.222,0.0,0.0,0.0,0.0,1.95
2492,1.222,0.0,0.0,0.0,0.0,1.95
2493,1.222,0.0,0.0,0.0,0.0,1.95
2494,1.222,0.0,0.0,0.0,0.0,1.95
2495,1.2225,0.5,0.1,0.0,0.0015,1.95
2496,1.222,0.0,0.0,0.0,0.0,1.95
2497,1.222,0.0,0.0,0.0,0.0,1.95
2498,1.222,0.0,0.0,0.0,0.0,1.95
2499,1.2225,0.5,0.1,0.0,0.0015,1.95
2500,1.2225,0.5,0.1,0.0,0.0015,1.95
2501,1.2225,0.5,0.1,0.0,0.0015,1.95
2502,1.222,0.0,0.0,0.0,0.0,1.95
2503,1.2225,0.5,0.1,0.0,0.0015,1.95
2504,1.222,0.0,0.0,0.0,0.0,1.95
2505,1.2225,0.5,0.1,0.0,0.0015,1.95
2506,1.2225,0.5,0.1,0.0,0.0015,1.95
2507,1.222,0.0,0.0,0.0,0.0,1.95
2508,1.222,0.0,0.0,0.0,0.0,1.95
2509,1.2225,0.5,0.1,0.0,0.0015,1.95
2510,1.222,0.0,0.0,0.0,0.0,1.95
2511,1.2225,0.5,0.1,0.0,0.0015,1.95
2512,1.222,0.0,0.0,0.0,0.0,1.95
2513,1.2225,0.5,0.1,0.0,0.0015,1.95
2514,1.222,0.0,0.0,0.0,0.0,1.95
2515,1.2225,0.5,0.1,0.0,0.0015,1.95
2516,1.222,0.0,0.0,0.0,0.0,1.95
2517,1.2225,0.5,0.1,0.0,0.0015,1.95
2518,1.222,0.0,0.0,0.0,0.0,1.95
2519,1.222,0.0,0.0,0.0,0.0,1.95
2520,1.2225,0.5,0.1,0.0,0.0015,1.95
2521,1.2225,0.5,0.1,0.0,0.0015,1.95
2522,1.222,0.0,0.0,0.0,0.0,1.95
2523,1.2225,0.5,0.1,0.0,0.0015,1.95
2524,1.2225,0.5,0.1,0.0,0.0015,1.95
2525,1.2225,0.5,0.1,0.0,0.0015,1.95
2526,1.222,0.0,0.0,0.0,0.0,1.95
2527,1.2225,0.5,0.1,0.0,0.0015,1.95
2528,1.222,0.0,0.0,0.0,0.0,1.95
2529,1.2225,0.5,0.1,0.0,0.0015,1.95
2530,1.222,0.0,0.0,0.0,0.0,1.95
2531,1.2225,0.5,0.1,0.0,0.0015,1.95
2532,1.222,0.0,0.0,0.0,0.0,1.95
2533,1.222,0.0,0.0,0.0,0.0,1.95
2534,1.222,0.0,0.0,0.0,0.0,1.95
2535,1.222,0.0,0.0,0.0,0.0,1.95
2536,1.2225,0.5,0.1,0.0,0.0015,1.95
2537,1.222,0.0,0.0,0.0,0.0,1.95
2538,1.222,0.0,0.0,0.0,0.0,1.95
2539,1.222,0.0,0.0,0.0,0.0,1.95
2540,1.222,0.0,0.0,0.0,0.0,1.95
2541,1.2225,0.5,0.1,0.0,0.0015,1.95
2542,1.2225,0.5,0.1,0.0,0.0015,1.95
2543,1.222,0.0,0.0,0.0,0.0,1.95
2544,1.2225,0.5,0.1,0.0,0.0015,1.95
2545,1.2225,0.5,0.1,0.0,0.0015,1.95
2546,1.2225,0.5,0.1,0.0,0.0015,1.95
2547,1.222,0.0,0.0,0.0,0.0,1.95
2548,1.222,0.0,0.0,0.0,0.0,1.95
2549,1.2225,0.5,0.1,0.0,0.0015,1.95
2550,1.222,0.0,0.0,0.0,0.0,1.95
2551,1.222,0.0,0.0,0.0,0.0,1.95
2552,1.2225,0.5,0.1,0.0,0.0015,1.95
2553,1.222,0.0,0.0,0.0,0.0,1.95
2554,1.222,0.0,0.0,0.0,0.0,1.95
2555,1.222,0.0,0.0,0.0,0.0,1.95
2556,1.222,0.0,0.0,0.0,0.0,1.95
2557,1.222,0.0,0.0,0.0,0.0,1.95
2558,1.222,0.0,0.0,0.0,0.0,1.95
2559,1.2225,0.5,0.1,0.0,0.0015,1.95
2560,1.222,0.0,0.0,0.0,0.0,1.95
2561,1.2225,0.5,0.1,0.0,0.0015,1.95
2562,1.222,0.0,0.0,0.0,0.0,1.95
2563,1.222,0.0,0.0,0.0,0.0,1.95
2564,1.2225,0.5,0.1,0.0,0.0015,1.95
2565,1.2225,0.5,0.1,0.0,0.0015,1.95
2566,1.2225,0.5,0.1,0.0,0.0015,1.95
2567,1.222,0.0,0.0,0.0,0.0,1.95
2568,1.222,0.0,0.0,0.0,0.0,1.95
2569,1.2225,0.5,0.1,0.0,0.0015,1.95
2570,1.222,0.0,0.0,0.0,0.0,1.95
2571,1.2225,0.5,0.1,0.0,0.0015,1.95
2572,1.2225,0.5,0.1,0.0,0.0015,1.95
2573,1.222,0.0,0.0,0.0,0.0,1.95
2574,1.2225,0.5,0.1,0.0,0.0015,1.95
2575,1.222,0.0,0.0,0.0,0.0,1.95
2576,1.2225,0.5,0.1,0.0,0.0015,1.95
2577,1.222,0.0,0.0,0.0,0.0,1.95
2578,1.2225,0.5,0.1,0.0,0.0015,1.95
2579,1.2225,0.5,0.1,0.0,0.0015,1.95
2580,1.2225,0.5,0.1,0.0,0.0015,1.95
2581,1.222,0.0,0.0,0.0,0.0,1.95
2582,1.2225,0.5,0.1,0.0,0.0015,1.95
2583,1.222,0.0,0.0,0.0,0.0,1.95
2584,1.2225,0.5,0.1,0.0,0.0015,1.95
2585,1.222,0.0,0.0,0.0,0.0,1.95
2586,1.222,0.0,0.0,0.0,0.0,1.95
2587,1.222,0.0,0.0,0.0,0.0,1.95
2588,1.222,0.0,0.0,0.0,0.0,1.95
2589,1.2225,0.5,0.1,0.0,0.0015,1.95
2590,1.2225,0.5,0.1,0.0,0.0015,1.95
2591,1.2225,0.5,0.1,0.0,0.0015,1.95
2592,1.222,0.0,0.0,0.0,0.0,1.95
2593,1.222,0.0,0.0,0.0,0.0,1.95
2594,1.2225,0.5,0.1,0.0,0.0015,1.95
2595,1.222,0.0,0.0,0.0,0.0,1.95
2596,1.222,0.0,0.0,0.0,0.0,1.95
2597,1.222,0.0,0.0,0.0,0.0,1.95
2598,1.222,0.0,0.0,0.0,0.0,1.95
2599,1.222,0.0,0.0,0.0,0.0,1.95
2600,1.222,0.0,0.0,0.0,0.0,1.95
2601,1.2225,0.5,0.1,0.0,0.0015,1.95
2602,1.2225,0.5,0.1,0.0,0.0015,1.95
2603,1.2225,0.5,0.1,0.0,0.0015,1.95
2604,1.2225,0.5,0.1,0.0,0.0015,1.95
2605,1.222,0.0,0.0,0.0,0.0,1.95
2606,1.2225,0.5,0.1,0.0,0.0015,1.95
2607,1.222,0.0,0.0,0.0,0.0,1.95
2608,1.222,0.0,0.0,0.0,0.0,1.95
2609,1.2225,0.5,0.1,0.0,0.0015,1.95
2610,1.2225,0.5,0.1,0.0,0.0015,1.95
2611,1.222,0.0,0.0,0.0,0.0,1.95
2612,1.222,0.0,0.0,0.0,0.0,1.95
2613,1.222,0.0,0.0,0.0,0.0,1.95
2614,1.2225,0.5,0.1,0.0,0.0015,1.95
2615,1.222,0.0,0.0,0.0,0.0,1.95
2616,1.2225,0.5,0.1,0.0,0.0015,1.95
2617,1.2225,0.5,0.1,0.0,0.0015,1.95
2618,1.222,0.0,0.0,0.0,0.0,1.95
2619,1.222,0.0,0.0,0.0,0.0,1.95
2620,1.2225,0.5,0.1,0.0,0.0015,1.95
2621,1.2225,0.5,0.1,0.0,0.0015,1.95
2622,1.222,0.0,0.0,0.0,0.0,1.95
2623,1.2225,0.5,0.1,0.0,0.0015,1.95
2624,1.222,0.0,0.0,0.0,0.0,1.95
2625,1.2225,0.5,0.1,0.0,0.0015,1.95
2626,1.2225,0.5,0.1,0.0,0.0015,1.95
2627,1.2225,0.5,0.1,0.0,0.0015,1.95
2628,1.222,0.0,0.0,0.0,0.0,1.95
2629,1.222,0.0,0.0,0.0,0.0,1.95
2630,1.222,0.0,0.0,0.0,0.0,1.95
2631,1.2225,0.5,0.1,0.0,0.0015,1.95
2632,1.2225,0.5,0.1,0.0,0.0015,1.95
2633,1.222,0.0,0.0,0.0,0.0,1.95
2634,1.2225,0.5,0.1,0.0,0.0015,1.95
2635,1.222,0.0,0.0,0.0,0.0,1.95
2636,1.222,0.0,0.0,0.0,0.0,1.95
2637,1.222,0.0,0.0,0.0,0.0,1.95
2638,1.2225,0.5,0.1,0.0,0.0015,1.95
2639,1.2225,0.5,0.1,0.0,0.0015,1.95
2640,1.222,0.0,0.0,0.0,0.0,1.95
2641,1.222,0.0,0.0,0.0,0.0,1.95
2642,1.222,0.0,0.0,0.0,0.0,1.95
2643,1.222,0.0,0.0,0.0,0.0,1.95
2644,1.2225,0.5,0.1,0.0,0.0015,1.95
2645,1.222,0.0,0.0,0.0,0.0,1.95
2646,1.222,0.0,0.0,0.0,0.0,1.95
2647,1.2225,0.5,0.1,0.0,0.0015,1.95
2648,1.222,0.0,0.0,0.0,0.0,1.95
2649,1.222,0.0,0.0,0.0,0.0,1.95
2650,1.2225,0.5,0.1,0.0,0.0015,1.95
2651,1.2225,0.5,0.1,0.0,0.0015,1.95
2652,1.222,0.0,0.0,0.0,0.0,1.95
2653,1.222,0.0,0.0,0.0,0.0,1.95
2654,1.2225,0.5,0.1,0.0,0.0015,1.95
2655,1.222,0.0,0.0,0.0,0.0,1.95
2656,1.2225,0.5,0.1,0.0,0.0015,1.95
2657,1.222,0.0,0.0,0.0,0.0,1.95
2658,1.222,0.0,0.0,0.0,0.0,1.95
2659,1.222,0.0,0.0,0.0,0.0,1.95
2660,1.2225,0.5,0.1,0.0,0.0015,1.95
2661,1.2225,0.5,0.1,0.0,0.0015,1.95
2662,1.2225,0.5,0.1,0.0,0.0015,1.95
2663,1.2225,0.5,0.1,0.0,0.0015,1.95
2664,1.222,0.0,0.0,0.0,0.0,1.95
2665,1.2225,0.5,0.1,0.0,0.0015,1.95
2666,1.2225,0.5,0.1,0.0,0.0015,1.95
2667,1.2225,0.5,0.1,0.0,0.0015,1.95
2668,1.2225,0.5,0.1,0.0,0.0015,1.95
2669,1.222,0.0,0.0,0.0,0.0,1.95
2670,1.2225,0.5,0.1,0.0,0.0015,1.95
2671,1.2225,0.5,0.1,0.0,0.0015,1.95
2672,1.2225,0.5,0.1,0.0,0.0015,1.95
2673,1.222,0.0,0.0,0.0,0.0,1.95
2674,1.2225,0.5,0.1,0.0,0.0015,1.95
2675,1.2225,0.5,0.1,0.0,0.0015,1.95
2676,1.222,0.0,0.0,0.0,0.0,1.95
2677,1.222,0.0,0.0,0.0,0.0,1.95
2678,1.222,0.0,0.0,0.0,0.0,1.95
2679,1.222,0.0,0.0,0.0,0.0,1.95
2680,1.2225,0.5,0.1,0.0,0.0015,1.95
2681,1.2225,0.5,0.1,0.0,0.0015,1.95
2682,1.2225,0.5,0.1,0.0,0.0015,1.95
2683,1.2225,0.5,0.1,0.0,0.0015,1.95
2684,1.2225,0.5,0.1,0.0,0.0015,1.95
2685,1.2225,0.5,0.1,0.0,0.0015,1.95
2686,1.2225,0.5,0.1,0.0,0.0015,1.95
2687,1.2225,0.5,0.1,0.0,0.0015,1.95
2688,1.2225,0.5,0.1,0.0,0.0015,1.95
2689,1.2225,0.5,0.1,0.0,0.0015,1.95
2690,1.222,0.0,0.0,0.0,0.0,1.95
2691,1.2225,0.5,0.1,0.0,0.0015,1.95
2692,1.222,0.0,0.0,0.0,0.0,1.95
2693,1.222,0.0,0.0,0.0,0.0,1.95
2694,1.2225,0.5,0.1,0.0,0.0015,1.95
2695,1.222,0.0,0.0,0.0,0.0,1.95
2696,1.2225,0.5,0.1,0.0,0.0015,1.95
2697,1.222,0.0,0.0,0.0,0.0,1.95
2698,1.222,0.0,0.0,0.0,0.0,1.95
2699,1.222,0.0,0.0,0.0,0.0,1.95
2700,1.2225,0.5,0.1,0.0,0.0015,1.95
2701,1.2225,0.5,0.1,0.0,0.0015,1.95
2702,1.2225,0.5,0.1,0.0,0.0015,1.95
2703,1.222,0.0,0.0,0.0,0.0,1.95
2704,1.222,0.0,0.0,0.0,0.0,1.95
2705,1.2225,0.5,0.1,0.0,0.0015,1.95
2706,1.2225,0.5,0.1,0.0,0.0015,1.95
2707,1.222,0.0,0.0,0.0,0.0,1.95
2708,1.222,0.0,0.0,0.0,0.0,1.95
2709,1.222,0.0,0.0,0.0,0.0,1.95
2710,1.2225,0.5,0.1,0.0,0.0015,1.95
2711,1.2225,0.5,0.1,0.0,0.0015,1.95
2712,1.222,0.0,0.0,0.0,0.0,1.95
2713,1.222,0.0,0.0,0.0,0.0,1.95
2714,1.222,0.0,0.0,0.0,0.0,1.95
2715,1.222,0.0,0.0,0.0,0.0,1.95
2716,1.222,0.0,0.0,0.0,0.0,1.95
2717,1.2225,0.5,0.1,0.0,0.0015,1.95
2718,1.2225,0.5,0.1,0.0,0.0015,1.95
2719,1.222,0.0,0.0,0.0,0.0,1.95
2720,1.2225,0.5,0.1,0.0,0.0015,1.95
2721,1.2225,0.5,0.1,0.0,0.0015,1.95
2722,1.222,0.0,0.0,0.0,0.0,1.95
2723,1.2225,0.5,0.1,0.0,0.0015,1.95
2724,1.222,0.0,0.0,0.0,0.0,1.95
2725,1.2225,0.5,0.1,0.0,0.0015,1.95
2726,1.222,0.0,0.0,0.0,0.0,1.95
2727,1.2225,0.5,0.1,0.0,0.0015,1.95
2728,1.222,0.0,0.0,0.0,0.0,1.95
2729,1.222,0.0,0.0,0.0,0.0,1.95
2730,1.2225,0.5,0.1,0.0,0.0015,1.95
2731,1.2225,0.5,0.1,0.0,0.0015,1.95
2732,1.222,0.0,0.0,0.0,0.0,1.95
2733,1.2225,0.5,0.1,0.0,0.0015,1.95
2734,1.222,0.0,0.0,0.0,0.0,1.95
2735,1.222,0.0,0.0,0.0,0.0,1.95
2736,1.2225,0.5,0.1,0.0,0.0015,1.95
2737,1.222,0.0,0.0,0.0,0.0,1.95
2738,1.222,0.0,0.0,0.0,0.0,1.95
2739,1.2225,0.5,0.1,0.0,0.0015,1.95
2740,1.222,0.0,0.0,0.0,0.0,1.95
2741,1.2225,0.5,0.1,0.0,0.0015,1.95
2742,1.222,0.0,0.0,0.0,0.0,1.95
2743,1.2225,0.5,0.1,0.0,0.0015,1.95
2744,1.2225,0.5,0.1,0.0,0.0015,1.95
2745,1.222,0.0,0.0,0.0,0.0,1.95
2746,1.2225,0.5,0.1,0.0,0.0015,1.95
2747,1.222,0.0,0.0,0.0,0.0,1.95
2748,1.222,0.0,0.0,0.0,0.0,1.95
2749,1.2225,0.5,0.1,0.0,0.0015,1.95
2750,1.222,0.0,0.0,0.0,0.0,1.95
2751,1.2225,0.5,0.1,0.0,0.0015,1.95
2752,1.2225,0.5,0.1,0.0,0.0015,1.95
2753,1.222,0.0,0.0,0.0,0.0,1.95
2754,1.222,0.0,0.0,0.0,0.0,1.95
2755,1.2225,0.5,0.1,0.0,0.0015,1.95
2756,1.2225,0.5,0.1,0.0,0.0015,1.95
2757,1.2225,0.5,0.1,0.0,0.0015,1.95
2758,1.2225,0.5,0.1,0.0,0.0015,1.95
2759,1.222,0.0,0.0,0.0,0.0,1.95
2760,1.2225,0.5,0.1,0.0,0.0015,1.95
2761,1.222,0.0,0.0,0.0,0.0,1.95
2762,1.2225,0.5,0.1,0.0,0.0015,1.95
2763,1.222,0.0,0.0,0.0,0.0,1.95
2764,1.2225,0.5,0.1,0.0,0.0015,1.95
2765,1.2225,0.5,0.1,0.0,0.0015,1.95
2766,1.2225,0.5,0.1,0.0,0.0015,1.95
2767,1.2225,0.5,0.1,0.0,0.0015,1.95
2768,1.2225,0.5,0.1,0.0,0.0015,1.95
2769,1.222,0.0,0.0,0.0,0.0,1.95
2770,1.222,0.0,0.0,0.0,0.0,1.95
2771,1.2225,0.5,0.1,0.0,0.0015,1.95
2772,1.2225,0.5,0.1,0.0,0.0015,1.95
2773,1.2225,0.5,0.1,0.0,0.0015,1.95
2774,1.222,0.0,0.0,0.0,0.0,1.95
2775,1.2225,0.5,0.1,0.0,0.0015,1.95
2776,1.222,0.0,0.0,0.0,0.0,1.95
2777,1.222,0.0,0.0,0.0,0.0,1.95
2778,1.2225,0.5,0.1,0.0,0.0015,1.95
2779,1.222,0.0,0.0,0.0,0.0,1.95
2780,1.222,0.0,0.0,0.0,0.0,1.95
2781,1.222,0.0,0.0,0.0,0.0,1.95
2782,1.222,0.0,0.0,0.0,0.0,1.95
2783,1.2225,0.5,0.1,0.0,0.0015,1.95
2784,1.222,0.0,0.0,0.0,0.0,1.95
2785,1.2225,0.5,0.1,0.0,0.0015,1.95
2786,1.222,0.0,0.0,0.0,0.0,1.95
2787,1.2225,0.5,0.1,0.0,0.0015,1.95
2788,1.222,0.0,0.0,0.0,0.0,1.95
2789,1.222,0.0,0.0,0.0,0.0,1.95
2790,1.2225,0.5,0.1,0.0,0.0015,1.95
2791,1.2225,0.5,0.1,0.0,0.0015,1.95
2792,1.2225,0.5,0.1,0.0,0.0015,1.95
2793,1.2225,0.5,0.1,0.0,0.0015,1.95
2794,1.222,0.0,0.0,0.0,0.0,1.95
2795,1.222,0.0,0.0,0.0,0.0,1.95
2796,1.2225,0.5,0.1,0.0,0.0015,1.95
2797,1.2225,0.5,0.1,0.0,0.0015,1.95
2798,1.2225,0.5,0.1,0.0,0.0015,1.95
2799,1.222,0.0,0.0,0.0,0.0,1.95
2800,1.2225,0.5,0.1,0.0,0.0015,1.95
2801,1.2225,0.5,0.1,0.0,0.0015,1.95
2802,1.222,0.0,0.0,0.0,0.0,1.95
2803,1.2225,0.5,0.1,0.0,0.0015,1.95
2804,1.222,0.0,0.0,0.0,0.0,1.95
2805,1.222,0.0,0.0,0.0,0.0,1.95
2806,1.222,0.0,0.0,0.0,0.0,1.95
2807,1.222,0.0,0.0,0.0,0.0,1.95
2808,1.2225,0.5,0.1,0.0,0.0015,1.95
2809,1.2225,0.5,0.1,0.0,0.0015,1.95
2810,1.2225,0.5,0.1,0.0,0.0015,1.95
2811,1.222,0.0,0.0,0.0,0.0,1.95
2812,1.2225,0.5,0.1,0.0,0.0015,1.95
2813,1.2225,0.5,0.1,0.0,0.0015,1.95
2814,1.222,0.0,0.0,0.0,0.0,1.95
2815,1.222,0.0,0.0,0.0,0.0,1.95
2816,1.2225,0.5,0.1,0.0,0.0015,1.95
2817,1.2225,0.5,0.1,0.0,0.0015,1.95
2818,1.2225,0.5,0.1,0.0,0.0015,1.95
2819,1.222,0.0,0.0,0.0,0.0,1.95
2820,1.222,0.0,0.0,0.0,0.0,1.95
2821,1.222,0.0,0.0,0.0,0.0,1.95
2822,1.222,0.0,0.0,0.0,0.0,1.95
2823,1.222,0.0,0.0,0.0,0.0,1.95
2824,1.222,0.0,0.0,0.0,0.0,1.95
2825,1.2225,0.5,0.1,0.0,0.0015,1.95
2826,1.2225,0.5,0.1,0.0,0.0015,1.95
2827,1.2225,0.5,0.1,0.0,0.0015,1.95
2828,1.2225,0.5,0.1,0.0,0.0015,1.95
2829,1.222,0.0,0.0,0.0,0.0,1.95
2830,1.222,0.0,0.0,0.0,0.0,1.95
2831,1.2225,0.5,0.1,0.0,0.0015,1.95
2832,1.2225,0.5,0.1,0.0,0.0015,1.95
2833,1.222,0.0,0.0,0.0,0.0,1.95
2834,1.2225,0.5,0.1,0.0,0.0015,1.95
2835,1.222,0.0,0.0,0.0,0.0,1.95
2836,1.2225,0.5,0.1,0.0,0.0015,1.95
2837,1.2225,0.5,0.1,0.0,0.0015,1.95
2838,1.2225,0.5,0.1,0.0,0.0015,1.95
2839,1.2225,0.5,0.1,0.0,0.0015,1.95
2840,1.222,0.0,0.0,0.0,0.0,1.95
2841,1.2225,0.5,0.1,0.0,0.0015,1.95
2842,1.2225,0.5,0.1,0.0,0.0015,1.95
2843,1.222,0.0,0.0,0.0,0.0,1.95
2844,1.2225,0.5,0.1,0.0,0.0015,1.95
2845,1.222,0.0,0.0,0.0,0.0,1.95
2846,1.222,0.0,0.0,0.0,0.0,1.95
2847,1.222,0.0,0.0,0.0,0.0,1.95
2848,1.2225,0.5,0.1,0.0,0.0015,1.95
2849,1.2225,0.5,0.1,0.0,0.0015,1.95
2850,1.222,0.0,0.0,0.0,0.0,1.95
2851,1.222,0.0,0.0,0.0,0.0,1.95
2852,1.2225,0.5,0.1,0.0,0.0015,1.95
2853,1.222,0.0,0.0,0.0,0.0,1.95
2854,1.222,0.0,0.0,0.0,0.0,1.95
2855,1.222,0.0,0.0,0.0,0.0,1.95
2856,1.2225,0.5,0.1,0.0,0.0015,1.95
2857,1.222,0.0,0.0,0.0,0.0,1.95
2858,1.222,0.0,0.0,0.0,0.0,1.95
2859,1.222,0.0,0.0,0.0,0.0,1.95
2860,1.2225,0.5,0.1,0.0,0.0015,1.95
2861,1.2225,0.5,0.1,0.0,0.0015,1.95
2862,1.2225,0.5,0.1,0.0,0.0015,1.95
2863,1.222,0.0,0.0,0.0,0.0,1.95
2864,1.222,0.0,0.0,0.0,0.0,1.95
2865,1.2225,0.5,0.1,0.0,0.0015,1.95
2866,1.2225,0.5,0.1,0.0,0.0015,1.95
2867,1.222,0.0,0.0,0.0,0.0,1.95
2868,1.222,0.0,0.0,0.0,0.0,1.95
2869,1.2225,0.5,0.1,0.0,0.0015,1.95
2870,1.222,0.0,0.0,0.0,0.0,1.95
2871,1.2225,0.5,0.1,0.0,0.0015,1.95
2872,1.222,0.0,0.0,0.0,0.0,1.95
2873,1.222,0.0,0.0,0.0,0.0,1.95
2874,1.222,0.0,0.0,0.0,0.0,1.95
2875,1.222,0.0,0.0,0.0,0.0,1.95
2876,1.222,0.0,0.0,0.0,0.0,1.95
2877,1.2225,0.5,0.1,0.0,0.0015,1.95
2878,1.2225,0.5,0.1,0.0,0.0015,1.95
2879,1.222,0.0,0.0,0.0,0.0,1.95
2880,1.222,0.0,0.0,0.0,0.0,1.95
2881,1.222,0.0,0.0,0.0,0.0,1.95
2882,1.222,0.0,0.0,0.0,0.0,1.95
2883,1.222,0.0,0.0,0.0,0.0,1.95
2884,1.222,0.0,0.0,0.0,0.0,1.95
2885,1.2225,0.5,0.1,0.0,0.0015,1.95
2886,1.2225,0.5,0.1,0.0,0.0015,1.95
2887,1.2225,0.5,0.1,0.0,0.0015,1.95
2888,1.222,0.0,0.0,0.0,0.0,1.95
2889,1.222,0.0,0.0,0.0,0.0,1.95
2890,1.222,0.0,0.0,0.0,0.0,1.95
2891,1.222,0.0,0.0,0.0,0.0,1.95
2892,1.222,0.0,0.0,0.0,0.0,1.95
2893,1.222,0.0,0.0,0.0,0.0,1.95
2894,1.2225,0.5,0.1,0.0,0.0015,1.95
2895,1.2225,0.5,0.1,0.0,0.0015,1.95
2896,1.222,0.0,0.0,0.0,0.0,1.95
2897,1.2225,0.5,0.1,0.0,0.0015,1.95
2898,1.2225,0.5,0.1,0.0,0.0015,1.95
2899,1.2225,0.5,0.1,0.0,0.0015,1.95
2900,1.222,0.0,0.0,0.0,0.0,1.95
2901,1.2225,0.5,0.1,0.0,0.0015,1.95
2902,1.222,0.0,0.0,0.0,0.0,1.95
2903,1.222,0.0,0.0,0.0,0.0,1.95
2904,1.2225,0.5,0.1,0.0,0.0015,1.95
2905,1.222,0.0,0.0,0.0,0.0,1.95
2906,1.2225,0.5,0.1,0.0,0.0015,1.95
2907,1.222,0.0,0.0,0.0,0.0,1.95
2908,1.222,0.0,0.0,0.0,0.0,1.95
2909,1.222,0.0,0.0,0.0,0.0,1.95
2910,1.222,0.0,0.0,0.0,0.0,1.95
2911,1.222,0.0,0.0,0.0,0.0,1.95
2912,1.2225,0.5,0.1,0.0,0.0015,1.95
2913,1.222,0.0,0.0,0.0,0.0,1.95
2914,1.222,0.0,0.0,0.0,0.0,1.95
2915,1.222,0.0,0.0,0.0,0.0,1.95
2916,1.222,0.0,0.0,0.0,0.0,1.95
2917,1.2225,0.5,0.1,0.0,0.0015,1.95
2918,1.222,0.0,0.0,0.0,0.0,1.95
2919,1.222,0.0,0.0,0.0,0.0,1.95
2920,1.222,0.0,0.0,0.0,0.0,1.95
2921,1.222,0.0,0.0,0.0,0.0,1.95
2922,1.222,0.0,0.0,0.0,0.0,1.95
2923,1.2225,0.5,0.1,0.0,0.0015,1.95
2924,1.2225,0.5,0.1,0.0,0.0015,1.95
2925,1.222,0.0,0.0,0.0,0.0,1.95
2926,1.222,0.0,0.0,0.0,0.0,1.95
2927,1.222,0.0,0.0,0.0,0.0,1.95
2928,1.222,0.0,0.0,0.0,0.0,1.95
2929,1.222,0.0,0.0,0.0,0.0,1.95
2930,1.222,0.0,0.0,0.0,0.0,1.95
2931,1.2225,0.5,0.1,0.0,0.0015,1.95
2932,1.222,0.0,0.0,0.0,0.0,1.95
2933,1.222,0.0,0.0,0.0,0.0,1.95
2934,1.2225,0.5,0.1,0.0,0.0015,1.95
2935,1.222,0.0,0.0,0.0,0.0,1.95
2936,1.2225,0.5,0.1,0.0,0.0015,1.95
2937,1.2225,0.5,0.1,0.0,0.0015,1.95
2938,1.222,0.0,0.0,0.0,0.0,1.95
2939,1.222,0.0,0.0,0.0,0.0,1.95
2940,1.222,0.0,0.0,0.0,0.0,1.95
2941,1.2225,0.5,0.1,0.0,0.0015,1.95
2942,1.222,0.0,0.0,0.0,0.0,1.95
2943,1.2225,0.5,0.1,0.0,0.0015,1.95
2944,1.222,0.0,0.0,0.0,0.0,1.95
2945,1.2225,0.5,0.1,0.0,0.0015,1.95
2946,1.222,0.0,0.0,0.0,0.0,1.95
2947,1.222,0.0,0.0,0.0,0.0,1.95
2948,1.222,0.0,0.0,0.0,0.0,1.95
2949,1.222,0.0,0.0,0.0,0.0,1.95
2950,1.2225,0.5,0.1,0.0,0.0015,1.95
2951,1.2225,0.5,0.1,0.0,0.0015,1.95
2952,1.222,0.0,0.0,0.0,0.0,1.95
2953,1.2225,0.5,0.1,0.0,0.0015,1.95
2954,1.222,0.0,0.0,0.0,0.0,1.95
2955,1.2225,0.5,0.1,0.0,0.0015,1.95
2956,1.222,0.0,0.0,0.0,0.0,1.95
2957,1.222,0.0,0.0,0.0,0.0,1.95
2958,1.2225,0.5,0.1,0.0,0.0015,1.95
2959,1.2225,0.5,0.1,0.0,0.0015,1.95
2960,1.2225,0.5,0.1,0.0,0.0015,1.95
2961,1.222,0.0,0.0,0.0,0.0,1.95
2962,1.2225,0.5,0.1,0.0,0.0015,1.95
2963,1.2225,0.5,0.1,0.0,0.0015,1.95
2964,1.2225,0.5,0.1,0.0,0.0015,1.95
2965,1.222,0.0,0.0,0.0,0.0,1.95
2966,1.222,0.0,0.0,0.0,0.0,1.95
2967,1.222,0.0,0.0,0.0,0.0,1.95
2968,1.2225,0.5,0.1,0.0,0.0015,1.95
2969,1.2225,0.5,0.1,0.0,0.0015,1.95
2970,1.222,0.0,0.0,0.0,0.0,1.95
2971,1.222,0.0,0.0,0.0,0.0,1.95
2972,1.222,0.0,0.0,0.0,0.0,1.95
2973,1.222,0.0,0.0,0.0,0.0,1.95
2974,1.222,0.0,0.0,0.0,0.0,1.95
2975,1.2225,0.5,0.1,0.0,0.0015,1.95
2976,1.222,0.0,0.0,0.0,0.0,1.95
2977,1.2225,0.5,0.1,0.0,0.0015,1.95
2978,1.2225,0.5,0.1,0.0,0.0015,1.95
2979,1.2225,0.5,0.1,0.0,0.0015,1.95
2980,1.2225,0.5,0.1,0.0,0.0015,1.95
2981,1.222,0.0,0.0,0.0,0.0,1.95
2982,1.2225,0.5,0.1,0.0,0.0015,1.95
2983,1.222,0.0,0.0,0.0,0.0,1.95
2984,1.222,0.0,0.0,0.0,0.0,1.95
2985,1.2225,0.5,0.1,0.0,0.0015,1.95
2986,1.2225,0.5,0.1,0.0,0.0015,1.95
2987,1.2225,0.5,0.1,0.0,0.0015,1.95
2988,1.2225,0.5,0.1,0.0,0.0015,1.95
2989,1.222,0.0,0.0,0.0,0.0,1.95
2990,1.222,0.0,0.0,0.0,0.0,1.95
2991,1.2225,0.5,0.1,0.0,0.0015,1.95
2992,1.222,0.0,0.0,0.0,0.0,1.95
2993,1.222,0.0,0.0,0.0,0.0,1.95
2994,1.2225,0.5,0.1,0.0,0.0015,1.95
2995,1.2225,0.5,0.1,0.0,0.0015,1.95
2996,1.222,0.0,0.0,0.0,0.0,1.95
2997,1.2225,0.5,0.1,0.0,0.0015,1.95
2998,1.222,0.0,0.0,0.0,0.0,1.95
2999,1.222,0.0,0.0,0.0,0.0,1.95
3000,1.2225,0.5,0.1,0.0,0.0015,1.95
3001,1.222,0.0,0.0,0.0,0.0,1.95
3002,1.222,0.0,0.0,0.0,0.0,1.95
3003,1.2225,0.5,0.1,0.0,0.0015,1.95
3004,1.222,0.0,0.0,0.0,0.0,1.95
3005,1.2225,0.5,0.1,0.0,0.0015,1.95
3006,1.2225,0.5,0.1,0.0,0.0015,1.95
3007,1.2225,0.5,0.1,0.0,0.0015,1.95
3008,1.2225,0.5,0.1,0.0,0.0015,1.95
3009,1.222,0.0,0.0,0.0,0.0,1.95
3010,1.2225,0.5,0.1,0.0,0.0015,1.95
3011,1.222,0.0,0.0,0.0,0.0,1.95
3012,1.222,0.0,0.0,0.0,0.0,1.95
3013,1.222,0.0,0.0,0.0,0.0,1.95
3014,1.2225,0.5,0.1,0.0,0.0015,1.95
3015,1.222,0.0,0.0,0.0,0.0,1.95
3016,1.2225,0.5,0.1,0.0,0.0015,1.95
3017,1.222,0.0,0.0,0.0,0.0,1.95
3018,1.2225,0.5,0.1,0.0,0.0015,1.95
3019,1.222,0.0,0.0,0.0,0.0,1.95
3020,1.2225,0.5,0.1,0.0,0.0015,1.95
3021,1.2225,0.5,0.1,0.0,0.0015,1.95
3022,1.222,0.0,0.0,0.0,0.0,1.95
3023,1.222,0.0,0.0,0.0,0.0,1.95
3024,1.2225,0.5,0.1,0.0,0.0015,1.95
3025,1.2225,0.5,0.1,0.0,0.0015,1.95
3026,1.2225,0.5,0.1,0.0,0.0015,1.95
3027,1.222,0.0,0.0,0.0,0.0,1.95
3028,1.222,0.0,0.0,0.0,0.0,1.95
3029,1.222,0.0,0.0,0.0,0.0,1.95
3030,1.2225,0.5,0.1,0.0,0.0015,1.95
3031,1.222,0.0,0.0,0.0,0.0,1.95
3032,1.2225,0.5,0.1,0.0,0.0015,1.95
3033,1.2225,0.5,0.1,0.0,0.0015,1.95
3034,1.2225,0.5,0.1,0.0,0.0015,1.95
3035,1.2225,0.5,0.1,0.0,0.0015,1.95
3036,1.222,0.0,0.0,0.0,0.0,1.95
3037,1.222,0.0,0.0,0.0,0.0,1.95
3038,1.2225,0.5,0.1,0.0,0.0015,1.95
3039,1.222,0.0,0.0,0.0,0.0,1.95
3040,1.2225,0.5,0.1,0.0,0.0015,1.95
3041,1.2225,0.5,0.1,0.0,0.0015,1.95
3042,1.2225,0.5,0.1,0.0,0.0015,1.95
3043,1.2225,0.5,0.1,0.0,0.0015,1.95
3044,1.2225,0.5,0.1,0.0,0.0015,1.95
3045,1.2225,0.5,0.1,0.0,0.0015,1.95
3046,1.2225,0.5,0.1,0.0,0.0015,1.95
3047,1.2225,0.5,0.1,0.0,0.0015,1.95
3048,1.2225,0.5,0.1,0.0,0.0015,1.95
3049,1.222,0.0,0.0,0.0,0.0,1.95
3050,1.222,0.0,0.0,0.0,0.0,1.95
3051,1.2225,0.5,0.1,0.0,0.0015,1.95
3052,1.222,0.0,0.0,0.0,0.0,1.95
3053,1.222,0.0,0.0,0.0,0.0,1.95
3054,1.2225,0.5,0.1,0.0,0.0015,1.95
3055,1.2225,0.5,0.1,0.0,0.0015,1.95
3056,1.2225,0.5,0.1,0.0,0.0015,1.95
3057,1.222,0.0,0.0,0.0,0.0,1.95
3058,1.222,0.0,0.0,0.0,0.0,1.95
3059,1.222,0.0,0.0,0.0,0.0,1.95
3060,1.2225,0.5,0.1,0.0,0.0015,1.95
3061,1.222,0.0,0.0,0.0,0.0,1.95
3062,1.222,0.0,0.0,0.0,0.0,1.95
3063,1.2225,0.5,0.1,0.0,0.0015,1.95
3064,1.2225,0.5,0.1,0.0,0.0015,1.95
3065,1.2225,0.5,0.1,0.0,0.0015,1.95
3066,1.222,0.0,0.0,0.0,0.0,1.95
3067,1.2225,0.5,0.1,0.0,0.0015,1.95
3068,1.222,0.0,0.0,0.0,0.0,1.95
3069,1.222,0.0,0.0,0.0,0.0,1.95
3070,1.2225,0.5,0.1,0.0,0.0015,1.95
3071,1.222,0.0,0.0,0.0,0.0,1.95
3072,1.2225,0.5,0.1,0.0,0.0015,1.95
3073,1.2225,0.5,0.1,0.0,0.0015,1.95
3074,1.2225,0.5,0.1,0.0,0.0015,1.95
3075,1.2225,0.5,0.1,0.0,0.0015,1.95
3076,1.2225,0.5,0.1,0.0,0.0015,1.95
3077,1.2225,0.5,0.1,0.0,0.0015,1.95
3078,1.2225,0.5,0.1,0.0,0.0015,1.95
3079,1.222,0.0,0.0,0.0,0.0,1.95
3080,1.2225,0.5,0.1,0.0,0.0015,1.95
3081,1.222,0.0,0.0,0.0,0.0,1.95
3082,1.222,0.0,0.0,0.0,0.0,1.95
3083,1.2225,0.5,0.1,0.0,0.0015,1.95
3084,1.2225,0.5,0.1,0.0,0.0015,1.95
3085,1.2225,0.5,0.1,0.0,0.0015,1.95
3086,1.222,0.0,0.0,0.0,0.0,1.95
3087,1.2225,0.5,0.1,0.0,0.0015,1.95
3088,1.222,0.0,0.0,0.0,0.0,1.95
3089,1.222,0.0,0.0,0.0,0.0,1.95
3090,1.222,0.0,0.0,0.0,0.0,1.95
3091,1.222,0.0,0.0,0.0,0.0,1.95
3092,1.2225,0.5,0.1,0.0,0.0015,1.95
3093,1.2225,0.5,0.1,0.0,0.0015,1.95
3094,1.222,0.0,0.0,0.0,0.0,1.95
3095,1.222,0.0,0.0,0.0,0.0,1.95
3096,1.222,0.0,0.0,0.0,0.0,1.95
3097,1.222,0.0,0.0,0.0,0.0,1.95
3098,1.2225,0.5,0.1,0.0,0.0015,1.95
3099,1.222,0.0,0.0,0.0,0.0,1.95
3100,1.2225,0.5,0.1,0.0,0.0015,1.95
3101,1.2225,0.5,0.1,0.0,0.0015,1.95
3102,1.222,0.0,0.0,0.0,0.0,1.95
3103,1.2225,0.5,0.1,0.0,0.0015,1.95
3104,1.2225,0.5,0.1,0.0,0.0015,1.95
3105,1.222,0.0,0.0,0.0,0.0,1.95
3106,1.2225,0.5,0.1,0.0,0.0015,1.95
3107,1.222,0.0,0.0,0.0,0.0,1.95
3108,1.2225,0.5,0.1,0.0,0.0015,1.95
3109,1.2225,0.5,0.1,0.0,0.0015,1.95
3110,1.2225,0.5,0.1,0.0,0.0015,1.95
3111,1.2225,0.5,0.1,0.0,0.0015,1.95
3112,1.2225,0.5,0.1,0.0,0.0015,1.95
3113,1.222,0.0,0.0,0.0,0.0,1.95
3114,1.222,0.0,0.0,0.0,0.0,1.95
3115,1.222,0.0,0.0,0.0,0.0,1.95
3116,1.222,0.0,0.0,0.0,0.0,1.95
3117,1.222,0.0,0.0,0.0,0.0,1.95
3118,1.222,0.0,0.0,0.0,0.0,1.95
3119,1.222,0.0,0.0,0.0,0.0,1.95
3120,1.2225,0.5,0.1,0.0,0.0015,1.95
3121,1.2225,0.5,0.1,0.0,0.0015,1.95
3122,1.222,0.0,0.0,0.0,0.0,1.95
3123,1.222,0.0,0.0,0.0,0.0,1.95
3124,1.2225,0.5,0.1,0.0,0.0015,1.95
3125,1.2225,0.5,0.1,0.0,0.0015,1.95
3126,1.2225,0.5,0.1,0.0,0.0015,1.95
3127,1.222,0.0,0.0,0.0,0.0,1.95
3128,1.2225,0.5,0.1,0.0,0.0015,1.95
3129,1.222,0.0,0.0,0.0,0.0,1.95
3130,1.2225,0.5,0.1,0.0,0.0015,1.95
3131,1.2225,0.5,0.1,0.0,0.0015,1.95
3132,1.222,0.0,0.0,0.0,0.0,1.95
3133,1.2225,0.5,0.1,0.0,0.0015,1.95
3134,1.2225,0.5,0.1,0.0,0.0015,1.95
3135,1.2225,0.5,0.1,0.0,0.0015,1.95
3136,1.2225,0.5,0.1,0.0,0.0015,1.95
3137,1.222,0.0,0.0,0.0,0.0,1.95
3138,1.222,0.0,0.0,0.0,0.0,1.95
3139,1.222,0.0,0.0,0.0,0.0,1.95
3140,1.222,0.0,0.0,0.0,0.0,1.95
3141,1.2225,0.5,0.1,0.0,0.0015,1.95
3142,1.2225,0.5,0.1,0.0,0.0015,1.95
3143,1.2225,0.5,0.1,0.0,0.0015,1.95
3144,1.222,0.0,0.0,0.0,0.0,1.95
3145,1.2225,0.5,0.1,0.0,0.0015,1.95
3146,1.2225,0.5,0.1,0.0,0.0015,1.95
3147,1.222,0.0,0.0,0.0,0.0,1.95
3148,1.2225,0.5,0.1,0.0,0.0015,1.95
3149,1.222,0.0,0.0,0.0,0.0,1.95
3150,1.222,0.0,0.0,0.0,0.0,1.95
3151,1.222,0.0,0.0,0.0,0.0,1.95
3152,1.2225,0.5,0.1,0.0,0.0015,1.95
3153,1.2225,0.5,0.1,0.0,0.0015,1.95
3154,1.2225,0.5,0.1,0.0,0.0015,1.95
3155,1.222,0.0,0.0,0.0,0.0,1.95
3156,1.222,0.0,0.0,0.0,0.0,1.95
3157,1.222,0.0,0.0,0.0,0.0,1.95
3158,1.222,0.0,0.0,0.0,0.0,1.95
3159,1.2225,0.5,0.1,0.0,0.0015,1.95
3160,1.2225,0.5,0.1,0.0,0.0015,1.95
3161,1.222,0.0,0.0,0.0,0.0,1.95
3162,1.222,0.0,0.0,0.0,0.0,1.95
3163,1.222,0.0,0.0,0.0,0.0,1.95
3164,1.222,0.0,0.0,0.0,0.0,1.95
3165,1.222,0.0,0.0,0.0,0.0,1.95
3166,1.222,0.0,0.0,0.0,0.0,1.95
3167,1.2225,0.5,0.1,0.0,0.0015,1.95
3168,1.222,0.0,0.0,0.0,0.0,1.95
3169,1.222,0.0,0.0,0.0,0.0,1.95
3170,1.2225,0.5,0.1,0.0,0.0015,1.95
3171,1.222,0.0,0.0,0.0,0.0,1.95
3172,1.222,0.0,0.0,0.0,0.0,1.95
3173,1.222,0.0,0.0,0.0,0.0,1.95
3174,1.222,0.0,0.0,0.0,0.0,1.95
3175,1.2225,0.5,0.1,0.0,0.0015,1.95
3176,1.222,0.0,0.0,0.0,0.0,1.95
3177,1.222,0.0,0.0,0.0,0.0,1.95
3178,1.2225,0.5,0.1,0.0,0.0015,1.95
3179,1.2225,0.5,0.1,0.0,0.0015,1.95
3180,1.222,0.0,0.0,0.0,0.0,1.95
3181,1.2225,0.5,0.1,0.0,0.0015,1.95
3182,1.2225,0.5,0.1,0.0,0.0015,1.95
3183,1.222,0.0,0.0,0.0,0.0,1.95
3184,1.2225,0.5,0.1,0.0,0.0015,1.95
3185,1.222,0.0,0.0,0.0,0.0,1.95
3186,1.222,0.0,0.0,0.0,0.0,1.95
3187,1.222,0.0,0.0,0.0,0.0,1.95
3188,1.222,0.0,0.0,0.0,0.0,1.95
3189,1.222,0.0,0.0,0.0,0.0,1.95
3190,1.222,0.0,0.0,0.0,0.0,1.95
3191,1.2225,0.5,0.1,0.0,0.0015,1.95
3192,1.2225,0.5,0.1,0.0,0.0015,1.95
3193,1.2225,0.5,0.1,0.0,0.0015,1.95
3194,1.222,0.0,0.0,0.0,0.0,1.95
3195,1.222,0.0,0.0,0.0,0.0,1.95
3196,1.222,0.0,0.0,0.0,0.0,1.95
3197,1.2225,0.5,0.1,0.0,0.0015,1.95
3198,1.222,0.0,0.0,0.0,0.0,1.95
3199,1.222,0.0,0.0,0.0,0.0,1.95
3200,1.222,0.0,0.0,0.0,0.0,1.95
3201,1.2225,0.5,0.1,0.0,0.0015,1.95
3202,1.2225,0.5,0.1,0.0,0.0015,1.95
3203,1.222,0.0,0.0,0.0,0.0,1.95
3204,1.2225,0.5,0.1,0.0,0.0015,1.95
3205,1.2225,0.5,0.1,0.0,0.0015,1.95
3206,1.222,0.0,0.0,0.0,0.0,1.95
3207,1.2225,0.5,0.1,0.0,0.0015,1.95
3208,1.2225,0.5,0.1,0.0,0.0015,1.95
3209,1.222,0.0,0.0,0.0,0.0,1.95
3210,1.2225,0.5,0.1,0.0,0.0015,1.95
3211,1.2225,0.5,0.1,0.0,0.0015,1.95
3212,1.2225,0.5,0.1,0.0,0.0015,1.95
3213,1.222,0.0,0.0,0.0,0.0,1.95
3214,1.222,0.0,0.0,0.0,0.0,1.95
3215,1.222,0.0,0.0,0.0,0.0,1.95
3216,1.2225,0.5,0.1,0.0,0.0015,1.95
3217,1.2225,0.5,0.1,0.0,0.0015,1.95
3218,1.222,0.0,0.0,0.0,0.0,1.95
3219,1.222,0.0,0.0,0.0,0.0,1.95
3220,1.222,0.0,0.0,0.0,0.0,1.95
3221,1.222,0.0,0.0,0.0,0.0,1.95
3222,1.2225,0.5,0.1,0.0,0.0015,1.95
3223,1.2225,0.5,0.1,0.0,0.0015,1.95
3224,1.2225,0.5,0.1,0.0,0.0015,1.95
3225,1.222,0.0,0.0,0.0,0.0,1.95
3226,1.222,0.0,0.0,0.0,0.0,1.95
3227,1.222,0.0,0.0,0.0,0.0,1.95
3228,1.2225,0.5,0.1,0.0,0.0015,1.95
3229,1.222,0.0,0.0,0.0,0.0,1.95
3230,1.222,0.0,0.0,0.0,0.0,1.95
3231,1.222,0.0,0.0,0.0,0.0,1.95
3232,1.222,0.0,0.0,0.0,0.0,1.95
3233,1.222,0.0,0.0,0.0,0.0,1.95
3234,1.222,0.0,0.0,0.0,0.0,1.95
3235,1.2225,0.5,0.1,0.0,0.0015,1.95
3236,1.2225,0.5,0.1,0.0,0.0015,1.95
3237,1.2225,0.5,0.1,0.0,0.0015,1.95
3238,1.222,0.0,0.0,0.0,0.0,1.95
3239,1.2225,0.5,0.1,0.0,0.0015,1.95
3240,1.222,0.0,0.0,0.0,0.0,1.95
3241,1.2225,0.5,0.1,0.0,0.0015,1.95
3242,1.2225,0.5,0.1,0.0,0.0015,1.95
3243,1.2225,0.5,0.1,0.0,0.0015,1.95
3244,1.2225,0.5,0.1,0.0,0.0015,1.95
3245,1.222,0.0,0.0,0.0,0.0,1.95
3246,1.222,0.0,0.0,0.0,0.0,1.95
3247,1.2225,0.5,0.1,0.0,0.0015,1.95
3248,1.222,0.0,0.0,0.0,0.0,1.95
3249,1.2225,0.5,0.1,0.0,0.0015,1.95
3250,1.2225,0.5,0.1,0.0,0.0015,1.95
3251,1.2225,0.5,0.1,0.0,0.0015,1.95
3252,1.2225,0.5,0.1,0.0,0.0015,1.95
3253,1.2225,0.5,0.1,0.0,0.0015,1.95
3254,1.2225,0.5,0.1,0.0,0.0015,1.95
3255,1.222,0.0,0.0,0.0,0.0,1.95
3256,1.2225,0.5,0.1,0.0,0.0015,1.95
3257,1.2225,0.5,0.1,0.0,0.0015,1.95
3258,1.2225,0.5,0.1,0.0,0.0015,1.95
3259,1.222,0.0,0.0,0.0,0.0,1.95
3260,1.2225,0.5,0.1,0.0,0.0015,1.95
3261,1.2225,0.5,0.1,0.0,0.0015,1.95
3262,1.2225,0.5,0.1,0.0,0.0015,1.95
3263,1.2225,0.5,0.1,0.0,0.0015,1.95
3264,1.2225,0.5,0.1,0.0,0.0015,1.95
3265,1.222,0.0,0.0,0.0,0.0,1.95
3266,1.2225,0.5,0.1,0.0,0.0015,1.95
3267,1.222,0.0,0.0,0.0,0.0,1.95
3268,1.222,0.0,0.0,0.0,0.0,1.95
3269,1.2225,0.5,0.1,0.0,0.0015,1.95
3270,1.2225,0.5,0.1,0.0,0.0015,1.95
3271,1.2225,0.5,0.1,0.0,0.0015,1.95
3272,1.2225,0.5,0.1,0.0,0.0015,1.95
3273,1.2225,0.5,0.1,0.0,0.0015,1.95
3274,1.222,0.0,0.0,0.0,0.0,1.95
3275,1.2225,0.5,0.1,0.0,0.0015,1.95
3276,1.222,0.0,0.0,0.0,0.0,1.95
3277,1.2225,0.5,0.1,0.0,0.0015,1.95
3278,1.222,0.0,0.0,0.0,0.0,1.95
3279,1.222,0.0,0.0,0.0,0.0,1.95
3280,1.2225,0.5,0.1,0.0,0.0015,1.95
3281,1.222,0.0,0.0,0.0,0.0,1.95
3282,1.2225,0.5,0.1,0.0,0.0015,1.95
3283,1.2225,0.5,0.1,0.0,0.0015,1.95
3284,1.222,0.0,0.0,0.0,0.0,1.95
3285,1.222,0.0,0.0,0.0,0.0,1.95
3286,1.2225,0.5,0.1,0.0,0.0015,1.95
3287,1.222,0.0,0.0,0.0,0.0,1.95
3288,1.2225,0.5,0.1,0.0,0.0015,1.95
3289,1.222,0.0,0.0,0.0,0.0,1.95
3290,1.222,0.0,0.0,0.0,0.0,1.95
3291,1.2225,0.5,0.1,0.0,0.0015,1.95
3292,1.2225,0.5,0.1,0.0,0.0015,1.95
3293,1.2225,0.5,0.1,0.0,0.0015,1.95
3294,1.2225,0.5,0.1,0.0,0.0015,1.95
3295,1.2225,0.5,0.1,0.0,0.0015,1.95
3296,1.2225,0.5,0.1,0.0,0.0015,1.95
3297,1.222,0.0,0.0,0.0,0.0,1.95
3298,1.222,0.0,0.0,0.0,0.0,1.95
3299,1.2225,0.5,0.1,0.0,0.0015,1.95
3300,1.222,0.0,0.0,0.0,0.0,1.95
3301,1.222,0.0,0.0,0.0,0.0,1.95
3302,1.2225,0.5,0.1,0.0,0.0015,1.95
3303,1.222,0.0,0.0,0.0,0.0,1.95
3304,1.2225,0.5,0.1,0.0,0.0015,1.95
3305,1.2225,0.5,0.1,0.0,0.0015,1.95
3306,1.2225,0.5,0.1,0.0,0.0015,1.95
3307,1.2225,0.5,0.1,0.0,0.0015,1.95
3308,1.222,0.0,0.0,0.0,0.0,1.95
3309,1.222,0.0,0.0,0.0,0.0,1.95
3310,1.222,0.0,0.0,0.0,0.0,1.95
3311,1.2225,0.5,0.1,0.0,0.0015,1.95
3312,1.222,0.0,0.0,0.0,0.0,1.95
3313,1.222,0.0,0.0,0.0,0.0,1.95
3314,1.222,0.0,0.0,0.0,0.0,1.95
3315,1.222,0.0,0.0,0.0,0.0,1.95
3316,1.222,0.0,0.0,0.0,0.0,1.95
3317,1.222,0.0,0.0,0.0,0.0,1.95
3318,1.222,0.0,0.0,0.0,0.0,1.95
3319,1.2225,0.5,0.1,0.0,0.0015,1.95
3320,1.2225,0.5,0.1,0.0,0.0015,1.95
3321,1.2225,0.5,0.1,0.0,0.0015,1.95
3322,1.222,0.0,0.0,0.0,0.0,1.95
3323,1.222,0.0,0.0,0.0,0.0,1.95
3324,1.222,0.0,0.0,0.0,0.0,1.95
3325,1.222,0.0,0.0,0.0,0.0,1.95
3326,1.222,0.0,0.0,0.0,0.0,1.95
3327,1.2225,0.5,0.1,0.0,0.0015,1.95
3328,1.2225,0.5,0.1,0.0,0.0015,1.95
3329,1.2225,0.5,0.1,0.0,0.0015,1.95
3330,1.2225,0.5,0.1,0.0,0.0015,1.95
3331,1.2225,0.5,0.1,0.0,0.0015,1.95
3332,1.222,0.0,0.0,0.0,0.0,1.95
3333,1.2225,0.5,0.1,0.0,0.0015,1.95
3334,1.2225,0.5,0.1,0.0,0.0015,1.95
3335,1.222,0.0,0.0,0.0,0.0,1.95
3336,1.2225,0.5,0.1,0.0,0.0015,1.95
3337,1.2225,0.5,0.1,0.0,0.0015,1.95
3338,1.222,0.0,0.0,0.0,0.0,1.95
3339,1.222,0.0,0.0,0.0,0.0,1.95
3340,1.2225,0.5,0.1,0.0,0.0015,1.95
3341,1.2225,0.5,0.1,0.0,0.0015,1.95
3342,1.222,0.0,0.0,0.0,0.0,1.95
3343,1.222,0.0,0.0,0.0,0.0,1.95
3344,1.2225,0.5,0.1,0.0,0.0015,1.95
3345,1.222,0.0,0.0,0.0,0.0,1.95
3346,1.2225,0.5,0.1,0.0,0.0015,1.95
3347,1.222,0.0,0.0,0.0,0.0,1.95
3348,1.222,0.0,0.0,0.0,0.0,1.95
3349,1.2225,0.5,0.1,0.0,0.0015,1.95
3350,1.222,0.0,0.0,0.0,0.0,1.95
3351,1.222,0.0,0.0,0.0,0.0,1.95
3352,1.2225,0.5,0.1,0.0,0.0015,1.95
3353,1.2225,0.5,0.1,0.0,0.0015,1.95
3354,1.222,0.0,0.0,0.0,0.0,1.95
3355,1.222,0.0,0.0,0.0,0.0,1.95
3356,1.222,0.0,0.0,0.0,0.0,1.95
3357,1.2225,0.5,0.1,0.0,0.0015,1.95
3358,1.222,0.0,0.0,0.0,0.0,1.95
3359,1.222,0.0,0.0,0.0,0.0,1.95
3360,1.222,0.0,0.0,0.0,0.0,1.95
3361,1.2225,0.5,0.1,0.0,0.0015,1.95
3362,1.222,0.0,0.0,0.0,0.0,1.95
3363,1.2225,0.5,0.1,0.0,0.0015,1.95
3364,1.222,0.0,0.0,0.0,0.0,1.95
3365,1.222,0.0,0.0,0.0,0.0,1.95
3366,1.2225,0.5,0.1,0.0,0.0015,1.95
3367,1.2225,0.5,0.1,0.0,0.0015,1.95
3368,1.222,0.0,0.0,0.0,0.0,1.95
3369,1.222,0.0,0.0,0.0,0.0,1.95
3370,1.222,0.0,0.0,0.0,0.0,1.95
3371,1.2225,0.5,0.1,0.0,0.0015,1.95
3372,1.222,0.0,0.0,0.0,0.0,1.95
3373,1.222,0.0,0.0,0.0,0.0,1.95
3374,1.2225,0.5,0.1,0.0,0.0015,1.95
3375,1.2225,0.5,0.1,0.0,0.0015,1.95
3376,1.222,0.0,0.0,0.0,0.0,1.95
3377,1.2225,0.5,0.1,0.0,0.0015,1.95
3378,1.222,0.0,0.0,0.0,0.0,1.95
3379,1.222,0.0,0.0,0.0,0.0,1.95
3380,1.222,0.0,0.0,0.0,0.0,1.95
3381,1.222,0.0,0.0,0.0,0.0,1.95
3382,1.222,0.0,0.0,0.0,0.0,1.95
3383,1.222,0.0,0.0,0.0,0.0,1.95
3384,1.222,0.0,0.0,0.0,0.0,1.95
3385,1.2225,0.5,0.1,0.0,0.0015,1.95
3386,1.2225,0.5,0.1,0.0,0.0015,1.95
3387,1.222,0.0,0.0,0.0,0.0,1.95
3388,1.222,0.0,0.0,0.0,0.0,1.95
3389,1.222,0.0,0.0,0.0,0.0,1.95
3390,1.2225,0.5,0.1,0.0,0.0015,1.95
3391,1.222,0.0,0.0,0.0,0.0,1.95
3392,1.2225,0.5,0.1,0.0,0.0015,1.95
3393,1.2225,0.5,0.1,0.0,0.0015,1.95
3394,1.2225,0.5,0.1,0.0,0.0015,1.95
3395,1.2225,0.5,0.1,0.0,0.0015,1.95
3396,1.222,0.0,0.0,0.0,0.0,1.95
3397,1.2225,0.5,0.1,0.0,0.0015,1.95
3398,1.222,0.0,0.0,0.0,0.0,1.95
3399,1.2225,0.5,0.1,0.0,0.0015,1.95
3400,1.2225,0.5,0.1,0.0,0.0015,1.95
3401,1.222,0.0,0.0,0.0,0.0,1.95
3402,1.2225,0.5,0.1,0.0,0.0015,1.95
3403,1.222,0.0,0.0,0.0,0.0,1.95
3404,1.2225,0.5,0.1,0.0,0.0015,1.95
3405,1.222,0.0,0.0,0.0,0.0,1.95
3406,1.222,0.0,0.0,0.0,0.0,1.95
3407,1.2225,0.5,0.1,0.0,0.0015,1.95
3408,1.2225,0.5,0.1,0.0,0.0015,1.95
3409,1.2225,0.5,0.1,0.0,0.0015,1.95
3410,1.222,0.0,0.0,0.0,0.0,1.95
3411,1.222,0.0,0.0,0.0,0.0,1.95
3412,1.2225,0.5,0.1,0.0,0.0015,1.95
3413,1.222,0.0,0.0,0.0,0.0,1.95
3414,1.2225,0.5,0.1,0.0,0.0015,1.95
3415,1.2225,0.5,0.1,0.0,0.0015,1.95
3416,1.2225,0.5,0.1,0.0,0.0015,1.95
3417,1.2225,0.5,0.1,0.0,0.0015,1.95
3418,1.222,0.0,0.0,0.0,0.0,1.95
3419,1.222,0.0,0.0,0.0,0.0,1.95
3420,1.222,0.0,0.0,0.0,0.0,1.95
3421,1.222,0.0,0.0,0.0,0.0,1.95
3422,1.2225,0.5,0.1,0.0,0.0015,1.95
3423,1.2225,0.5,0.1,0.0,0.0015,1.95
3424,1.222,0.0,0.0,0.0,0.0,1.95
3425,1.222,0.0,0.0,0.0,0.0,1.95
3426,1.222,0.0,0.0,0.0,0.0,1.95
3427,1.222,0.0,0.0,0.0,0.0,1.95
3428,1.222,0.0,0.0,0.0,0.0,1.95
3429,1.2225,0.5,0.1,0.0,0.0015,1.95
3430,1.2225,0.5,0.1,0.0,0.0015,1.95
3431,1.222,0.0,0.0,0.0,0.0,1.95
3432,1.222,0.0,0.0,0.0,0.0,1.95
3433,1.222,0.0,0.0,0.0,0.0,1.95
3434,1.222,0.0,0.0,0.0,0.0,1.95
3435,1.222,0.0,0.0,0.0,0.0,1.95
3436,1.222,0.0,0.0,0.0,0.0,1.95
3437,1.2225,0.5,0.1,0.0,0.0015,1.95
3438,1.2225,0.5,0.1,0.0,0.0015,1.95
3439,1.2225,0.5,0.1,0.0,0.0015,1.95
3440,1.2225,0.5,0.1,0.0,0.0015,1.95
3441,1.222,0.0,0.0,0.0,0.0,1.95
3442,1.2225,0.5,0.1,0.0,0.0015,1.95
3443,1.222,0.0,0.0,0.0,0.0,1.95
3444,1.222,0.0,0.0,0.0,0.0,1.95
3445,1.2225,0.5,0.1,0.0,0.0015,1.95
3446,1.2225,0.5,0.1,0.0,0.0015,1.95
3447,1.222,0.0,0.0,0.0,0.0,1.95
3448,1.2225,0.5,0.1,0.0,0.0015,1.95
3449,1.222,0.0,0.0,0.0,0.0,1.95
3450,1.2225,0.5,0.1,0.0,0.0015,1.95
3451,1.2225,0.5,0.1,0.0,0.0015,1.95
3452,1.222,0.0,0.0,0.0,0.0,1.95
3453,1.2225,0.5,0.1,0.0,0.0015,1.95
3454,1.222,0.0,0.0,0.0,0.0,1.95
3455,1.2225,0.5,0.1,0.0,0.0015,1.95
3456,1.2225,0.5,0.1,0.0,0.0015,1.95
3457,1.222,0.0,0.0,0.0,0.0,1.95
3458,1.2225,0.5,0.1,0.0,0.0015,1.95
3459,1.2225,0.5,0.1,0.0,0.0015,1.95
3460,1.2225,0.5,0.1,0.0,0.0015,1.95
3461,1.2225,0.5,0.1,0.0,0.0015,1.95
3462,1.2225,0.5,0.1,0.0,0.0015,1.95
3463,1.2225,0.5,0.1,0.0,0.0015,1.95
3464,1.2225,0.5,0.1,0.0,0.0015,1.95
3465,1.2225,0.5,0.1,0.0,0.0015,1.95
3466,1.222,0.0,0.0,0.0,0.0,1.95
3467,1.222,0.0,0.0,0.0,0.0,1.95
3468,1.222,0.0,0.0,0.0,0.0,1.95
3469,1.2225,0.5,0.1,0.0,0.0015,1.95
3470,1.222,0.0,0.0,0.0,0.0,1.95
3471,1.2225,0.5,0.1,0.0,0.0015,1.95
3472,1.2225,0.5,0.1,0.0,0.0015,1.95
3473,1.222,0.0,0.0,0.0,0.0,1.95
3474,1.222,0.0,0.0,0.0,0.0,1.95
3475,1.222,0.0,0.0,0.0,0.0,1.95
3476,1.2225,0.5,0.1,0.0,0.0015,1.95
3477,1.2225,0.5,0.1,0.0,0.0015,1.95
3478,1.222,0.0,0.0,0.0,0.0,1.95
3479,1.222,0.0,0.0,0.0,0.0,1.95
3480,1.2225,0.5,0.1,0.0,0.0015,1.95
3481,1.2225,0.5,0.1,0.0,0.0015,1.95
3482,1.222,0.0,0.0,0.0,0.0,1.95
3483,1.222,0.0,0.0,0.0,0.0,1.95
3484,1.222,0.0,0.0,0.0,0.0,1.95
3485,1.2225,0.5,0.1,0.0,0.0015,1.95
3486,1.222,0.0,0.0,0.0,0.0,1.95
3487,1.222,0.0,0.0,0.0,0.0,1.95
3488,1.222,0.0,0.0,0.0,0.0,1.95
3489,1.2225,0.5,0.1,0.0,0.0015,1.95
3490,1.2225,0.5,0.1,0.0,0.0015,1.95
3491,1.222,0.0,0.0,0.0,0.0,1.95
3492,1.222,0.0,0.0,0.0,0.0,1.95
3493,1.222,0.0,0.0,0.0,0.0,1.95
3494,1.2225,0.5,0.1,0.0,0.0015,1.95
3495,1.2225,0.5,0.1,0.0,0.0015,1.95
3496,1.2225,0.5,0.1,0.0,0.0015,1.95
3497,1.222,0.0,0.0,0.0,0.0,1.95
3498,1.2225,0.5,0.1,0.0,0.0015,1.95
3499,1.222,0.0,0.0,0.0,0.0,1.95
3500,1.2225,0.5,0.1,0.0,0.0015,1.95
3501,1.222,0.0,0.0,0.0,0.0,1.95
3502,1.2225,0.5,0.1,0.0,0.0015,1.95
3503,1.222,0.0,0.0,0.0,0.0,1.95
3504,1.2225,0.5,0.1,0.0,0.0015,1.95
3505,1.222,0.0,0.0,0.0,0.0,1.95
3506,1.222,0.0,0.0,0.0,0.0,1.95
3507,1.2225,0.5,0.1,0.0,0.0015,1.95
3508,1.2225,0.5,0.1,0.0,0.0015,1.95
3509,1.2225,0.5,0.1,0.0,0.0015,1.95
3510,1.2225,0.5,0.1,0.0,0.0015,1.95
3511,1.222,0.0,0.0,0.0,0.0,1.95
3512,1.2225,0.5,0.1,0.0,0.0015,1.95
3513,1.2225,0.5,0.1,0.0,0.0015,1.95
3514,1.2225,0.5,0.1,0.0,0.0015,1.95
3515,1.222,0.0,0.0,0.0,0.0,1.95
3516,1.2225,0.5,0.1,0.0,0.0015,1.95
3517,1.2225,0.5,0.1,0.0,0.0015,1.95
3518,1.222,0.0,0.0,0.0,0.0,1.95
3519,1.2225,0.5,0.1,0.0,0.0015,1.95
3520,1.222,0.0,0.0,0.0,0.0,1.95
3521,1.222,0.0,0.0,0.0,0.0,1.95
3522,1.2225,0.5,0.1,0.0,0.0015,1.95
3523,1.222,0.0,0.0,0.0,0.0,1.95
3524,1.2225,0.5,0.1,0.0,0.0015,1.95
3525,1.2225,0.5,0.1,0.0,0.0015,1.95
3526,1.2225,0.5,0.1,0.0,0.0015,1.95
3527,1.2225,0.5,0.1,0.0,0.0015,1.95
3528,1.2225,0.5,0.1,0.0,0.0015,1.95
3529,1.2225,0.5,0.1,0.0,0.0015,1.95
3530,1.2225,0.5,0.1,0.0,0.0015,1.95
3531,1.222,0.0,0.0,0.0,0.0,1.95
3532,1.222,0.0,0.0,0.0,0.0,1.95
3533,1.2225,0.5,0.1,0.0,0.0015,1.95
3534,1.222,0.0,0.0,0.0,0.0,1.95
3535,1.2225,0.5,0.1,0.0,0.0015,1.95
3536,1.2225,0.5,0.1,0.0,0.0015,1.95
3537,1.2225,0.5,0.1,0.0,0.0015,1.95
3538,1.2225,0.5,0.1,0.0,0.0015,1.95
3539,1.2225,0.5,0.1,0.0,0.0015,1.95
3540,1.222,0.0,0.0,0.0,0.0,1.95
3541,1.2225,0.5,0.1,0.0,0.0015,1.95
3542,1.2225,0.5,0.1,0.0,0.0015,1.95
3543,1.2225,0.5,0.1,0.0,0.0015,1.95
3544,1.222,0.0,0.0,0.0,0.0,1.95
3545,1.2225,0.5,0.1,0.0,0.0015,1.95
3546,1.222,0.0,0.0,0.0,0.0,1.95
3547,1.2225,0.5,0.1,0.0,0.0015,1.95
3548,1.222,0.0,0.0,0.0,0.0,1.95
3549,1.2225,0.5,0.1,0.0,0.0015,1.95
3550,1.222,0.0,0.0,0.0,0.0,1.95
3551,1.222,0.0,0.0,0.0,0.0,1.95
3552,1.222,0.0,0.0,0.0,0.0,1.95
3553,1.2225,0.5,0.1,0.0,0.0015,1.95
3554,1.222,0.0,0.0,0.0,0.0,1.95
3555,1.222,0.0,0.0,0.0,0.0,1.95
3556,1.2225,0.5,0.1,0.0,0.0015,1.95
3557,1.222,0.0,0.0,0.0,0.0,1.95
3558,1.222,0.0,0.0,0.0,0.0,1.95
3559,1.2225,0.5,0.1,0.0,0.0015,1.95
3560,1.2225,0.5,0.1,0.0,0.0015,1.95
3561,1.222,0.0,0.0,0.0,0.0,1.95
3562,1.222,0.0,0.0,0.0,0.0,1.95
3563,1.2225,0.5,0.1,0.0,0.0015,1.95
3564,1.2225,0.5,0.1,0.0,0.0015,1.95
3565,1.222,0.0,0.0,0.0,0.0,1.95
3566,1.222,0.0,0.0,0.0,0.0,1.95
3567,1.2225,0.5,0.1,0.0,0.0015,1.95
3568,1.2225,0.5,0.1,0.0,0.0015,1.95
3569,1.222,0.0,0.0,0.0,0.0,1.95
3570,1.2225,0.5,0.1,0.0,0.0015,1.95
3571,1.222,0.0,0.0,0.0,0.0,1.95
3572,1.222,0.0,0.0,0.0,0.0,1.95
3573,1.222,0.0,0.0,0.0,0.0,1.95
3574,1.2225,0.5,0.1,0.0,0.0015,1.95
3575,1.2225,0.5,0.1,0.0,0.0015,1.95
3576,1.2225,0.5,0.1,0.0,0.0015,1.95
3577,1.2225,0.5,0.1,0.0,0.0015,1.95
3578,1.2225,0.5,0.1,0.0,0.0015,1.95
3579,1.222,0.0,0.0,0.0,0.0,1.95
3580,1.2225,0.5,0.1,0.0,0.0015,1.95
3581,1.222,0.0,0.0,0.0,0.0,1.95
3582,1.222,0.0,0.0,0.0,0.0,1.95
3583,1.2225,0.5,0.1,0.0,0.0015,1.95
3584,1.2225,0.5,0.1,0.0,0.0015,1.95
3585,1.2225,0.5,0.1,0.0,0.0015,1.95
3586,1.222,0.0,0.0,0.0,0.0,1.95
3587,1.2225,0.5,0.1,0.0,0.0015,1.95
3588,1.222,0.0,0.0,0.0,0.0,1.95
3589,1.222,0.0,0.0,0.0,0.0,1.95
3590,1.222,0.0,0.0,0.0,0.0,1.95
3591,1.2225,0.5,0.1,0.0,0.0015,1.95
3592,1.2225,0.5,0.1,0.0,0.0015,1.95
3593,1.222,0.0,0.0,0.0,0.0,1.95
3594,1.222,0.0,0.0,0.0,0.0,1.95
3595,1.2225,0.5,0.1,0.0,0.0015,1.95
3596,1.2225,0.5,0.1,0.0,0.0015,1.95
3597,1.222,0.0,0.0,0.0,0.0,1.95
3598,1.222,0.0,0.0,0.0,0.0,1.95
3599,1.222,0.0,0.0,0.0,0.0,1.95
3600,1.222,0.0,0.0,0.0,0.0,1.95
3601,1.2225,0.5,0.1,0.0,0.0015,1.95
3602,1.222,0.0,0.0,0.0,0.0,1.95
3603,1.222,0.0,0.0,0.0,0.0,1.95
3604,1.222,0.0,0.0,0.0,0.0,1.95
3605,1.2225,0.5,0.1,0.0,0.0015,1.95
3606,1.2225,0.5,0.1,0.0,0.0015,1.95
3607,1.222,0.0,0.0,0.0,0.0,1.95
3608,1.222,0.0,0.0,0.0,0.0,1.95
3609,1.2225,0.5,0.1,0.0,0.0015,1.95
3610,1.2225,0.5,0.1,0.0,0.0015,1.95
3611,1.222,0.0,0.0,0.0,0.0,1.95
3612,1.2225,0.5,0.1,0.0,0.0015,1.95
3613,1.222,0.0,0.0,0.0,0.0,1.95
3614,1.222,0.0,0.0,0.0,0.0,1.95
3615,1.2225,0.5,0.1,0.0,0.0015,1.95
3616,1.222,0.0,0.0,0.0,0.0,1.95
3617,1.222,0.0,0.0,0.0,0.0,1.95
3618,1.2225,0.5,0.1,0.0,0.0015,1.95
3619,1.222,0.0,0.0,0.0,0.0,1.95
3620,1.222,0.0,0.0,0.0,0.0,1.95
3621,1.2225,0.5,0.1,0.0,0.0015,1.95
3622,1.2225,0.5,0.1,0.0,0.0015,1.95
3623,1.222,0.0,0.0,0.0,0.0,1.95
3624,1.222,0.0,0.0,0.0,0.0,1.95
3625,1.2225,0.5,0.1,0.0,0.0015,1.95
3626,1.222,0.0,0.0,0.0,0.0,1.95
3627,1.222,0.0,0.0,0.0,0.0,1.95
3628,1.222,0.0,0.0,0.0,0.0,1.95
3629,1.222,0.0,0.0,0.0,0.0,1.95
3630,1.2225,0.5,0.1,0.0,0.0015,1.95
3631,1.222,0.0,0.0,0.0,0.0,1.95
3632,1.222,0.0,0.0,0.0,0.0,1.95
3633,1.222,0.0,0.0,0.0,0.0,1.95
3634,1.222,0.0,0.0,0.0,0.0,1.95
3635,1.2225,0.5,0.1,0.0,0.0015,1.95
3636,1.222,0.0,0.0,0.0,0.0,1.95
3637,1.222,0.0,0.0,0.0,0.0,1.95
3638,1.2225,0.5,0.1,0.0,0.0015,1.95
3639,1.222,0.0,0.0,0.0,0.0,1.95
3640,1.2225,0.5,0.1,0.0,0.0015,1.95
3641,1.2225,0.5,0.1,0.0,0.0015,1.95
3642,1.2225,0.5,0.1,0.0,0.0015,1.95
3643,1.2225,0.5,0.1,0.0,0.0015,1.95
3644,1.2225,0.5,0.1,0.0,0.0015,1.95
3645,1.2225,0.5,0.1,0.0,0.0015,1.95
3646,1.222,0.0,0.0,0.0,0.0,1.95
3647,1.222,0.0,0.0,0.0,0.0,1.95
3648,1.2225,0.5,0.1,0.0,0.0015,1.95
3649,1.222,0.0,0.0,0.0,0.0,1.95
3650,1.222,0.0,0.0,0.0,0.0,1.95
3651,1.2225,0.5,0.1,0.0,0.0015,1.95
3652,1.222,0.0,0.0,0.0,0.0,1.95
3653,1.222,0.0,0.0,0.0,0.0,1.95
3654,1.222,0.0,0.0,0.0,0.0,1.95
3655,1.222,0.0,0.0,0.0,0.0,1.95
3656,1.222,0.0,0.0,0.0,0.0,1.95
3657,1.222,0.0,0.0,0.0,0.0,1.95
3658,1.222,0.0,0.0,0.0,0.0,1.95
3659,1.222,0.0,0.0,0.0,0.0,1.95
3660,1.2225,0.5,0.1,0.0,0.0015,1.95
3661,1.222,0.0,0.0,0.0,0.0,1.95
3662,1.222,0.0,0.0,0.0,0.0,1.95
3663,1.2225,0.5,0.1,0.0,0.0015,1.95
3664,1.2225,0.5,0.1,0.0,0.0015,1.95
3665,1.2225,0.5,0.1,0.0,0.0015,1.95
3666,1.2225,0.5,0.1,0.0,0.0015,1.95
3667,1.2225,0.5,0.1,0.0,0.0015,1.95
3668,1.2225,0.5,0.1,0.0,0.0015,1.95
3669,1.2225,0.5,0.1,0.0,0.0015,1.95
3670,1.2225,0.5,0.1,0.0,0.0015,1.95
3671,1.222,0.0,0.0,0.0,0.0,1.95
3672,1.2225,0.5,0.1,0.0,0.0015,1.95
3673,1.2225,0.5,0.1,0.0,0.0015,1.95
3674,1.222,0.0,0.0,0.0,0.0,1.95
3675,1.2225,0.5,0.1,0.0,0.0015,1.95
3676,1.2225,0.5,0.1,0.0,0.0015,1.95
3677,1.222,0.0,0.0,0.0,0.0,1.95
3678,1.2225,0.5,0.1,0.0,0.0015,1.95
3679,1.2225,0.5,0.1,0.0,0.0015,1.95
3680,1.222,0.0,0.0,0.0,0.0,1.95
3681,1.222,0.0,0.0,0.0,0.0,1.95
3682,1.222,0.0,0.0,0.0,0.0,1.95
3683,1.2225,0.5,0.1,0.0,0.0015,1.95
3684,1.222,0.0,0.0,0.0,0.0,1.95
3685,1.222,0.0,0.0,0.0,0.0,1.95
3686,1.222,0.0,0.0,0.0,0.0,1.95
3687,1.2225,0.5,0.1,0.0,0.0015,1.95
3688,1.2225,0.5,0.1,0.0,0.0015,1.95
3689,1.2225,0.5,0.1,0.0,0.0015,1.95
3690,1.222,0.0,0.0,0.0,0.0,1.95
3691,1.2225,0.5,0.1,0.0,0.0015,1.95
3692,1.2225,0.5,0.1,0.0,0.0015,1.95
3693,1.2225,0.5,0.1,0.0,0.0015,1.95
3694,1.222,0.0,0.0,0.0,0.0,1.95
3695,1.2225,0.5,0.1,0.0,0.0015,1.95
3696,1.2225,0.5,0.1,0.0,0.0015,1.95
3697,1.2225,0.5,0.1,0.0,0.0015,1.95
3698,1.2225,0.5,0.1,0.0,0.0015,1.95
3699,1.2225,0.5,0.1,0.0,0.0015,1.95
3700,1.2225,0.5,0.1,0.0,0.0015,1.95
3701,1.2225,0.5,0.1,0.0,0.0015,1.95
3702,1.222,0.0,0.0,0.0,0.0,1.95
3703,1.2225,0.5,0.1,0.0,0.0015,1.95
3704,1.2225,0.5,0.1,0.0,0.0015,1.95
3705,1.2225,0.5,0.1,0.0,0.0015,1.95
3706,1.2225,0.5,0.1,0.0,0.0015,1.95
3707,1.2225,0.5,0.1,0.0,0.0015,1.95
3708,1.222,0.0,0.0,0.0,0.0,1.95
3709,1.2225,0.5,0.1,0.0,0.0015,1.95
3710,1.2225,0.5,0.1,0.0,0.0015,1.95
3711,1.222,0.0,0.0,0.0,0.0,1.95
3712,1.222,0.0,0.0,0.0,0.0,1.95
3713,1.222,0.0,0.0,0.0,0.0,1.95
3714,1.222,0.0,0.0,0.0,0.0,1.95
3715,1.222,0.0,0.0,0.0,0.0,1.95
3716,1.2225,0.5,0.1,0.0,0.0015,1.95
3717,1.2225,0.5,0.1,0.0,0.0015,1.95
3718,1.2225,0.5,0.1,0.0,0.0015,1.95
3719,1.222,0.0,0.0,0.0,0.0,1.95
3720,1.2225,0.5,0.1,0.0,0.0015,1.95
3721,1.2225,0.5,0.1,0.0,0.0015,1.95
3722,1.222,0.0,0.0,0.0,0.0,1.95
3723,1.2225,0.5,0.1,0.0,0.0015,1.95
3724,1.2225,0.5,0.1,0.0,0.0015,1.95
3725,1.2225,0.5,0.1,0.0,0.0015,1.95
3726,1.222,0.0,0.0,0.0,0.0,1.95
3727,1.222,0.0,0.0,0.0,0.0,1.95
3728,1.2225,0.5,0.1,0.0,0.0015,1.95
3729,1.2225,0.5,0.1,0.0,0.0015,1.95
3730,1.222,0.0,0.0,0.0,0.0,1.95
3731,1.222,0.0,0.0,0.0,0.0,1.95
3732,1.222,0.0,0.0,0.0,0.0,1.95
3733,1.2225,0.5,0.1,0.0,0.0015,1.95
3734,1.222,0.0,0.0,0.0,0.0,1.95
3735,1.222,0.0,0.0,0.0,0.0,1.95
3736,1.222,0.0,0.0,0.0,0.0,1.95
3737,1.222,0.0,0.0,0.0,0.0,1.95
3738,1.2225,0.5,0.1,0.0,0.0015,1.95
3739,1.2225,0.5,0.1,0.0,0.0015,1.95
3740,1.222,0.0,0.0,0.0,0.0,1.95
3741,1.2225,0.5,0.1,0.0,0.0015,1.95
3742,1.2225,0.5,0.1,0.0,0.0015,1.95
3743,1.222,0.0,0.0,0.0,0.0,1.95
3744,1.222,0.0,0.0,0.0,0.0,1.95
3745,1.222,0.0,0.0,0.0,0.0,1.95
3746,1.2225,0.5,0.1,0.0,0.0015,1.95
3747,1.2225,0.5,0.1,0.0,0.0015,1.95
3748,1.222,0.0,0.0,0.0,0.0,1.95
3749,1.222,0.0,0.0,0.0,0.0,1.95
3750,1.2225,0.5,0.1,0.0,0.0015,1.95
3751,1.222,0.0,0.0,0.0,0.0,1.95
3752,1.222,0.0,0.0,0.0,0.0,1.95
3753,1.222,0.0,0.0,0.0,0.0,1.95
3754,1.222,0.0,0.0,0.0,0.0,1.95
3755,1.2225,0.5,0.1,0.0,0.0015,1.95
3756,1.222,0.0,0.0,0.0,0.0,1.95
3757,1.222,0.0,0.0,0.0,0.0,1.95
3758,1.2225,0.5,0.1,0.0,0.0015,1.95
3759,1.2225,0.5,0.1,0.0,0.0015,1.95
3760,1.2225,0.5,0.1,0.0,0.0015,1.95
3761,1.222,0.0,0.0,0.0,0.0,1.95
3762,1.2225,0.5,0.1,0.0,0.0015,1.95
3763,1.222,0.0,0.0,0.0,0.0,1.95
3764,1.222,0.0,0.0,0.0,0.0,1.95
3765,1.222,0.0,0.0,0.0,0.0,1.95
3766,1.2225,0.5,0.1,0.0,0.0015,1.95
3767,1.222,0.0,0.0,0.0,0.0,1.95
3768,1.222,0.0,0.0,0.0,0.0,1.95
3769,1.2225,0.5,0.1,0.0,0.0015,1.95
3770,1.222,0.0,0.0,0.0,0.0,1.95
3771,1.222,0.0,0.0,0.0,0.0,1.95
3772,1.222,0.0,0.0,0.0,0.0,1.95
3773,1.222,0.0,0.0,0.0,0.0,1.95
3774,1.2225,0.5,0.1,0.0,0.0015,1.95
3775,1.2225,0.5,0.1,0.0,0.0015,1.95
3776,1.222,0.0,0.0,0.0,0.0,1.95
3777,1.222,0.0,0.0,0.0,0.0,1.95
3778,1.2225,0.5,0.1,0.0,0.0015,1.95
3779,1.222,0.0,0.0,0.0,0.0,1.95
3780,1.222,0.0,0.0,0.0,0.0,1.95
3781,1.2225,0.5,0.1,0.0,0.0015,1.95
3782,1.2225,0.5,0.1,0.0,0.0015,1.95
3783,1.222,0.0,0.0,0.0,0.0,1.95
3784,1.222,0.0,0.0,0.0,0.0,1.95
3785,1.2225,0.5,0.1,0.0,0.0015,1.95
3786,1.222,0.0,0.0,0.0,0.0,1.95
3787,1.222,0.0,0.0,0.0,0.0,1.95
3788,1.222,0.0,0.0,0.0,0.0,1.95
3789,1.2225,0.5,0.1,0.0,0.0015,1.95
3790,1.222,0.0,0.0,0.0,0.0,1.95
3791,1.2225,0.5,0.1,0.0,0.0015,1.95
3792,1.222,0.0,0.0,0.0,0.0,1.95
3793,1.222,0.0,0.0,0.0,0.0,1.95
3794,1.2225,0.5,0.1,0.0,0.0015,1.95
3795,1.2225,0.5,0.1,0.0,0.0015,1.95
3796,1.2225,0.5,0.1,0.0,0.0015,1.95
3797,1.222,0.0,0.0,0.0,0.0,1.95
3798,1.222,0.0,0.0,0.0,0.0,1.95
3799,1.2225,0.5,0.1,0.0,0.0015,1.95
3800,1.2225,0.5,0.1,0.0,0.0015,1.95
3801,1.2225,0.5,0.1,0.0,0.0015,1.95
3802,1.222,0.0,0.0,0.0,0.0,1.95
3803,1.222,0.0,0.0,0.0,0.0,1.95
3804,1.222,0.0,0.0,0.0,0.0,1.95
3805,1.222,0.0,0.0,0.0,0.0,1.95
3806,1.222,0.0,0.0,0.0,0.0,1.95
3807,1.2225,0.5,0.1,0.0,0.0015,1.95
3808,1.222,0.0,0.0,0.0,0.0,1.95
3809,1.2225,0.5,0.1,0.0,0.0015,1.95
3810,1.2225,0.5,0.1,0.0,0.0015,1.95
3811,1.222,0.0,0.0,0.0,0.0,1.95
3812,1.2225,0.5,0.1,0.0,0.0015,1.95
3813,1.222,0.0,0.0,0.0,0.0,1.95
3814,1.222,0.0,0.0,0.0,0.0,1.95
3815,1.222,0.0,0.0,0.0,0.0,1.95
3816,1.2225,0.5,0.1,0.0,0.0015,1.95
3817,1.2225,0.5,0.1,0.0,0.0015,1.95
3818,1.2225,0.5,0.1,0.0,0.0015,1.95
3819,1.222,0.0,0.0,0.0,0.0,1.95
3820,1.2225,0.5,0.1,0.0,0.0015,1.95
3821,1.2225,0.5,0.1,0.0,0.0015,1.95
3822,1.222,0.0,0.0,0.0,0.0,1.95
3823,1.2225,0.5,0.1,0.0,0.0015,1.95
3824,1.2225,0.5,0.1,0.0,0.0015,1.95
3825,1.2225,0.5,0.1,0.0,0.0015,1.95
3826,1.2225,0.5,0.1,0.0,0.0015,1.95
3827,1.2225,0.5,0.1,0.0,0.0015,1.95
3828,1.222,0.0,0.0,0.0,0.0,1.95
3829,1.222,0.0,0.0,0.0,0.0,1.95
3830,1.2225,0.5,0.1,0.0,0.0015,1.95
3831,1.2225,0.5,0.1,0.0,0.0015,1.95
3832,1.222,0.0,0.0,0.0,0.0,1.95
3833,1.222,0.0,0.0,0.0,0.0,1.95
3834,1.2225,0.5,0.1,0.0,0.0015,1.95
3835,1.2225,0.5,0.1,0.0,0.0015,1.95
3836,1.222,0.0,0.0,0.0,0.0,1.95
3837,1.222,0.0,0.0,0.0,0.0,1.95
3838,1.222,0.0,0.0,0.0,0.0,1.95
3839,1.222,0.0,0.0,0.0,0.0,1.95
3840,1.222,0.0,0.0,0.0,0.0,1.95
3841,1.222,0.0,0.0,0.0,0.0,1.95
3842,1.2225,0.5,0.1,0.0,0.0015,1.95
3843,1.2225,0.5,0.1,0.0,0.0015,1.95
3844,1.222,0.0,0.0,0.0,0.0,1.95
3845,1.222,0.0,0.0,0.0,0.0,1.95
3846,1.2225,0.5,0.1,0.0,0.0015,1.95
3847,1.222,0.0,0.0,0.0,0.0,1.95
3848,1.222,0.0,0.0,0.0,0.0,1.95
3849,1.2225,0.5,0.1,0.0,0.0015,1.95
3850,1.222,0.0,0.0,0.0,0.0,1.95
3851,1.222,0.0,0.0,0.0,0.0,1.95
3852,1.222,0.0,0.0,0.0,0.0,1.95
3853,1.2225,0.5,0.1,0.0,0.0015,1.95
3854,1.2225,0.5,0.1,0.0,0.0015,1.95
3855,1.2225,0.5,0.1,0.0,0.0015,1.95
3856,1.2225,0.5,0.1,0.0,0.0015,1.95
3857,1.2225,0.5,0.1,0.0,0.0015,1.95
3858,1.2225,0.5,0.1,0.0,0.0015,1.95
3859,1.2225,0.5,0.1,0.0,0.0015,1.95
3860,1.222,0.0,0.0,0.0,0.0,1.95
3861,1.222,0.0,0.0,0.0,0.0,1.95
3862,1.2225,0.5,0.1,0.0,0.0015,1.95
3863,1.2225,0.5,0.1,0.0,0.0015,1.95
3864,1.2225,0.5,0.1,0.0,0.0015,1.95
3865,1.2225,0.5,0.1,0.0,0.0015,1.95
3866,1.2225,0.5,0.1,0.0,0.0015,1.95
3867,1.2225,0.5,0.1,0.0,0.0015,1.95
3868,1.222,0.0,0.0,0.0,0.0,1.95
3869,1.222,0.0,0.0,0.0,0.0,1.95
3870,1.2225,0.5,0.1,0.0,0.0015,1.95
3871,1.2225,0.5,0.1,0.0,0.0015,1.95
3872,1.222,0.0,0.0,0.0,0.0,1.95
3873,1.222,0.0,0.0,0.0,0.0,1.95
3874,1.2225,0.5,0.1,0.0,0.0015,1.95
3875,1.2225,0.5,0.1,0.0,0.0015,1.95
3876,1.222,0.0,0.0,0.0,0.0,1.95
3877,1.2225,0.5,0.1,0.0,0.0015,1.95
3878,1.222,0.0,0.0,0.0,0.0,1.95
3879,1.2225,0.5,0.1,0.0,0.0015,1.95
3880,1.2225,0.5,0.1,0.0,0.0015,1.95
3881,1.222,0.0,0.0,0.0,0.0,1.95
3882,1.222,0.0,0.0,0.0,0.0,1.95
3883,1.222,0.0,0.0,0.0,0.0,1.95
3884,1.2225,0.5,0.1,0.0,0.0015,1.95
3885,1.222,0.0,0.0,0.0,0.0,1.95
3886,1.222,0.0,0.0,0.0,0.0,1.95
3887,1.222,0.0,0.0,0.0,0.0,1.95
3888,1.2225,0.5,0.1,0.0,0.0015,1.95
3889,1.2225,0.5,0.1,0.0,0.0015,1.95
3890,1.222,0.0,0.0,0.0,0.0,1.95
3891,1.2225,0.5,0.1,0.0,0.0015,1.95
3892,1.222,0.0,0.0,0.0,0.0,1.95
3893,1.222,0.0,0.0,0.0,0.0,1.95
3894,1.222,0.0,0.0,0.0,0.0,1.95
3895,1.2225,0.5,0.1,0.0,0.0015,1.95
3896,1.2225,0.5,0.1,0.0,0.0015,1.95
3897,1.2225,0.5,0.1,0.0,0.0015,1.95
3898,1.222,0.0,0.0,0.0,0.0,1.95
3899,1.222,0.0,0.0,0.0,0.0,1.95
3900,1.222,0.0,0.0,0.0,0.0,1.95
3901,1.222,0.0,0.0,0.0,0.0,1.95
3902,1.222,0.0,0.0,0.0,0.0,1.95
3903,1.222,0.0,0.0,0.0,0.0,1.95
3904,1.222,0.0,0.0,0.0,0.0,1.95
3905,1.222,0.0,0.0,0.0,0.0,1.95
3906,1.222,0.0,0.0,0.0,0.0,1.95
3907,1.2225,0.5,0.1,0.0,0.0015,1.95
3908,1.222,0.0,0.0,0.0,0.0,1.95
3909,1.2225,0.5,0.1,0.0,0.0015,1.95
3910,1.2225,0.5,0.1,0.0,0.0015,1.95
3911,1.2225,0.5,0.1,0.0,0.0015,1.95
3912,1.2225,0.5,0.1,0.0,0.0015,1.95
3913,1.2225,0.5,0.1,0.0,0.0015,1.95
3914,1.222,0.0,0.0,0.0,0.0,1.95
3915,1.2225,0.5,0.1,0.0,0.0015,1.95
3916,1.2225,0.5,0.1,0.0,0.0015,1.95
3917,1.2225,0.5,0.1,0.0,0.0015,1.95
3918,1.2225,0.5,0.1,0.0,0.0015,1.95
3919,1.2225,0.5,0.1,0.0,0.0015,1.95
3920,1.222,0.0,0.0,0.0,0.0,1.95
3921,1.222,0.0,0.0,0.0,0.0,1.95
3922,1.222,0.0,0.0,0.0,0.0,1.95
3923,1.222,0.0,0.0,0.0,0.0,1.95
3924,1.2225,0.5,0.1,0.0,0.0015,1.95
3925,1.2225,0.5,0.1,0.0,0.0015,1.95
3926,1.222,0.0,0.0,0.0,0.0,1.95
3927,1.2225,0.5,0.1,0.0,0.0015,1.95
3928,1.222,0.0,0.0,0.0,0.0,1.95
3929,1.222,0.0,0.0,0.0,0.0,1.95
3930,1.222,0.0,0.0,0.0,0.0,1.95
3931,1.222,0.0,0.0,0.0,0.0,1.95
3932,1.2225,0.5,0.1,0.0,0.0015,1.95
3933,1.2225,0.5,0.1,0.0,0.0015,1.95
3934,1.222,0.0,0.0,0.0,0.0,1.95
3935,1.2225,0.5,0.1,0.0,0.0015,1.95
3936,1.222,0.0,0.0,0.0,0.0,1.95
3937,1.222,0.0,0.0,0.0,0.0,1.95
3938,1.2225,0.5,0.1,0.0,0.0015,1.95
3939,1.2225,0.5,0.1,0.0,0.0015,1.95
3940,1.2225,0.5,0.1,0.0,0.0015,1.95
3941,1.222,0.0,0.0,0.0,0.0,1.95
3942,1.222,0.0,0.0,0.0,0.0,1.95
3943,1.222,0.0,0.0,0.0,0.0,1.95
3944,1.2225,0.5,0.1,0.0,0.0015,1.95
3945,1.222,0.0,0.0,0.0,0.0,1.95
3946,1.222,0.0,0.0,0.0,0.0,1.95
3947,1.222,0.0,0.0,0.0,0.0,1.95
3948,1.222,0.0,0.0,0.0,0.0,1.95
3949,1.222,0.0,0.0,0.0,0.0,1.95
3950,1.222,0.0,0.0,0.0,0.0,1.95
3951,1.222,0.0,0.0,0.0,0.0,1.95
3952,1.2225,0.5,0.1,0.0,0.0015,1.95
3953,1.222,0.0,0.0,0.0,0.0,1.95
3954,1.2225,0.5,0.1,0.0,0.0015,1.95
3955,1.2225,0.5,0.1,0.0,0.0015,1.95
3956,1.222,0.0,0.0,0.0,0.0,1.95
3957,1.222,0.0,0.0,0.0,0.0,1.95
3958,1.2225,0.5,0.1,0.0,0.0015,1.95
3959,1.2225,0.5,0.1,0.0,0.0015,1.95
3960,1.222,0.0,0.0,0.0,0.0,1.95
3961,1.2225,0.5,0.1,0.0,0.0015,1.95
3962,1.2225,0.5,0.1,0.0,0.0015,1.95
3963,1.2225,0.5,0.1,0.0,0.0015,1.95
3964,1.222,0.0,0.0,0.0,0.0,1.95
3965,1.2225,0.5,0.1,0.0,0.0015,1.95
3966,1.2225,0.5,0.1,0.0,0.0015,1.95
3967,1.2225,0.5,0.1,0.0,0.0015,1.95
3968,1.2225,0.5,0.1,0.0,0.0015,1.95
3969,1.2225,0.5,0.1,0.0,0.0015,1.95
3970,1.2225,0.5,0.1,0.0,0.0015,1.95
3971,1.2225,0.5,0.1,0.0,0.0015,1.95
3972,1.222,0.0,0.0,0.0,0.0,1.95
3973,1.2225,0.5,0.1,0.0,0.0015,1.95
3974,1.222,0.0,0.0,0.0,0.0,1.95
3975,1.222,0.0,0.0,0.0,0.0,1.95
3976,1.2225,0.5,0.1,0.0,0.0015,1.95
3977,1.222,0.0,0.0,0.0,0.0,1.95
3978,1.222,0.0,0.0,0.0,0.0,1.95
3979,1.222,0.0,0.0,0.0,0.0,1.95
3980,1.222,0.0,0.0,0.0,0.0,1.95
3981,1.222,0.0,0.0,0.0,0.0,1.95
3982,1.2225,0.5,0.1,0.0,0.0015,1.95
3983,1.222,0.0,0.0,0.0,0.0,1.95
3984,1.2225,0.5,0.1,0.0,0.0015,1.95
3985,1.2225,0.5,0.1,0.0,0.0015,1.95
3986,1.2225,0.5,0.1,0.0,0.0015,1.95
3987,1.222,0.0,0.0,0.0,0.0,1.95
3988,1.2225,0.5,0.1,0.0,0.0015,1.95
3989,1.222,0.0,0.0,0.0,0.0,1.95
3990,1.222,0.0,0.0,0.0,0.0,1.95
3991,1.222,0.0,0.0,0.0,0.0,1.95
3992,1.222,0.0,0.0,0.0,0.0,1.95
3993,1.2225,0.5,0.1,0.0,0.0015,1.95
3994,1.222,0.0,0.0,0.0,0.0,1.95
3995,1.2225,0.5,0.1,0.0,0.0015,1.95
3996,1.222,0.0,0.0,0.0,0.0,1.95
3997,1.2225,0.5,0.1,0.0,0.0015,1.95
3998,1.222,0.0,0.0,0.0,0.0,1.95
3999,1.222,0.0,0.0,0.0,0.0,1.95
4000,1.222,0.0,0.0,0.0,0.0,1.95
4001,1.222,0.0,0.0,0.0,0.0,1.95
4002,1.2225,0.5,0.1,0.0,0.0015,1.95
4003,1.2225,0.5,0.1,0.0,0.0015,1.95
4004,1.2225,0.5,0.1,0.0,0.0015,1.95
4005,1.2225,0.5,0.1,0.0,0.0015,1.95
4006,1.222,0.0,0.0,0.0,0.0,1.95
4007,1.2225,0.5,0.1,0.0,0.0015,1.95
4008,1.222,0.0,0.0,0.0,0.0,1.95
4009,1.222,0.0,0.0,0.0,0.0,1.95
4010,1.222,0.0,0.0,0.0,0.0,1.95
4011,1.222,0.0,0.0,0.0,0.0,1.95
4012,1.222,0.0,0.0,0.0,0.0,1.95
4013,1.222,0.0,0.0,0.0,0.0,1.95
4014,1.2225,0.5,0.1,0.0,0.0015,1.95
4015,1.222,0.0,0.0,0.0,0.0,1.95
4016,1.222,0.0,0.0,0.0,0.0,1.95
4017,1.222,0.0,0.0,0.0,0.0,1.95
4018,1.222,0.0,0.0,0.0,0.0,1.95
4019,1.222,0.0,0.0,0.0,0.0,1.95
4020,1.222,0.0,0.0,0.0,0.0,1.95
4021,1.222,0.0,0.0,0.0,0.0,1.95
4022,1.2225,0.5,0.1,0.0,0.0015,1.95
4023,1.222,0.0,0.0,0.0,0.0,1.95
4024,1.222,0.0,0.0,0.0,0.0,1.95
4025,1.222,0.0,0.0,0.0,0.0,1.95
4026,1.2225,0.5,0.1,0.0,0.0015,1.95
4027,1.222,0.0,0.0,0.0,0.0,1.95
4028,1.222,0.0,0.0,0.0,0.0,1.95
4029,1.222,0.0,0.0,0.0,0.0,1.95
4030,1.222,0.0,0.0,0.0,0.0,1.95
4031,1.2225,0.5,0.1,0.0,0.0015,1.95
4032,1.2225,0.5,0.1,0.0,0.0015,1.95
4033,1.222,0.0,0.0,0.0,0.0,1.95
4034,1.2225,0.5,0.1,0.0,0.0015,1.95
4035,1.2225,0.5,0.1,0.0,0.0015,1.95
4036,1.222,0.0,0.0,0.0,0.0,1.95
4037,1.2225,0.5,0.1,0.0,0.0015,1.95
4038,1.2225,0.5,0.1,0.0,0.0015,1.95
4039,1.222,0.0,0.0,0.0,0.0,1.95
4040,1.222,0.0,0.0,0.0,0.0,1.95
4041,1.2225,0.5,0.1,0.0,0.0015,1.95
4042,1.222,0.0,0.0,0.0,0.0,1.95
4043,1.222,0.0,0.0,0.0,0.0,1.95
4044,1.2225,0.5,0.1,0.0,0.0015,1.95
4045,1.2225,0.5,0.1,0.0,0.0015,1.95
4046,1.222,0.0,0.0,0.0,0.0,1.95
4047,1.2225,0.5,0.1,0.0,0.0015,1.95
4048,1.2225,0.5,0.1,0.0,0.0015,1.95
4049,1.222,0.0,0.0,0.0,0.0,1.95
4050,1.222,0.0,0.0,0.0,0.0,1.95
4051,1.2225,0.5,0.1,0.0,0.0015,1.95
4052,1.222,0.0,0.0,0.0,0.0,1.95
4053,1.2225,0.5,0.1,0.0,0.0015,1.95
4054,1.222,0.0,0.0,0.0,0.0,1.95
4055,1.2225,0.5,0.1,0.0,0.0015,1.95
4056,1.2225,0.5,0.1,0.0,0.0015,1.95
4057,1.2225,0.5,0.1,0.0,0.0015,1.95
4058,1.2225,0.5,0.1,0.0,0.0015,1.95
4059,1.2225,0.5,0.1,0.0,0.0015,1.95
4060,1.2225,0.5,0.1,0.0,0.0015,1.95
4061,1.2225,0.5,0.1,0.0,0.0015,1.95
4062,1.2225,0.5,0.1,0.0,0.0015,1.95
4063,1.2225,0.5,0.1,0.0,0.0015,1.95
4064,1.222,0.0,0.0,0.0,0.0,1.95
4065,1.222,0.0,0.0,0.0,0.0,1.95
4066,1.222,0.0,0.0,0.0,0.0,1.95
4067,1.222,0.0,0.0,0.0,0.0,1.95
4068,1.222,0.0,0.0,0.0,0.0,1.95
4069,1.222,0.0,0.0,0.0,0.0,1.95
4070,1.2225,0.5,0.1,0.0,0.0015,1.95
4071,1.222,0.0,0.0,0.0,0.0,1.95
4072,1.222,0.0,0.0,0.0,0.0,1.95
4073,1.222,0.0,0.0,0.0,0.0,1.95
4074,1.2225,0.5,0.1,0.0,0.0015,1.95
4075,1.222,0.0,0.0,0.0,0.0,1.95
4076,1.2225,0.5,0.1,0.0,0.0015,1.95
4077,1.222,0.0,0.0,0.0,0.0,1.95
4078,1.222,0.0,0.0,0.0,0.0,1.95
4079,1.2225,0.5,0.1,0.0,0.0015,1.95
4080,1.222,0.0,0.0,0.0,0.0,1.95
4081,1.2225,0.5,0.1,0.0,0.0015,1.95
4082,1.2225,0.5,0.1,0.0,0.0015,1.95
4083,1.222,0.0,0.0,0.0,0.0,1.95
4084,1.2225,0.5,0.1,0.0,0.0015,1.95
4085,1.2225,0.5,0.1,0.0,0.0015,1.95
4086,1.2225,0.5,0.1,0.0,0.0015,1.95
4087,1.222,0.0,0.0,0.0,0.0,1.95
4088,1.222,0.0,0.0,0.0,0.0,1.95
4089,1.222,0.0,0.0,0.0,0.0,1.95
4090,1.2225,0.5,0.1,0.0,0.0015,1.95
4091,1.222,0.0,0.0,0.0,0.0,1.95
4092,1.222,0.0,0.0,0.0,0.0,1.95
4093,1.222,0.0,0.0,0.0,0.0,1.95
4094,1.2225,0.5,0.1,0.0,0.0015,1.95
4095,1.222,0.0,0.0,0.0,0.0,1.95
4096,1.222,0.0,0.0,0.0,0.0,1.95
4097,1.222,0.0,0.0,0.0,0.0,1.95
4098,1.222,0.0,0.0,0.0,0.0,1.95
4099,1.2225,0.5,0.1,0.0,0.0015,1.95
4100,1.222,0.0,0.0,0.0,0.0,1.95
4101,1.2225,0.5,0.1,0.0,0.0015,1.95
4102,1.2225,0.5,0.1,0.0,0.0015,1.95
4103,1.2225,0.5,0.1,0.0,0.0015,1.95
4104,1.2225,0.5,0.1,0.0,0.0015,1.95
4105,1.2225,0.5,0.1,0.0,0.0015,1.95
4106,1.222,0.0,0.0,0.0,0.0,1.95
4107,1.2225,0.5,0.1,0.0,0.0015,1.95
4108,1.2225,0.5,0.1,0.0,0.0015,1.95
4109,1.2225,0.5,0.1,0.0,0.0015,1.95
4110,1.2225,0.5,0.1,0.0,0.0015,1.95
4111,1.2225,0.5,0.1,0.0,0.0015,1.95
4112,1.2225,0.5,0.1,0.0,0.0015,1.95
4113,1.2225,0.5,0.1,0.0,0.0015,1.95
4114,1.2225,0.5,0.1,0.0,0.0015,1.95
4115,1.2225,0.5,0.1,0.0,0.0015,1.95
4116,1.2225,0.5,0.1,0.0,0.0015,1.95
4117,1.222,0.0,0.0,0.0,0.0,1.95
4118,1.2225,0.5,0.1,0.0,0.0015,1.95
4119,1.222,0.0,0.0,0.0,0.0,1.95
4120,1.222,0.0,0.0,0.0,0.0,1.95
4121,1.222,0.0,0.0,0.0,0.0,1.95
4122,1.2225,0.5,0.1,0.0,0.0015,1.95
4123,1.222,0.0,0.0,0.0,0.0,1.95
4124,1.222,0.0,0.0,0.0,0.0,1.95
4125,1.222,0.0,0.0,0.0,0.0,1.95
4126,1.2225,0.5,0.1,0.0,0.0015,1.95
4127,1.222,0.0,0.0,0.0,0.0,1.95
4128,1.222,0.0,0.0,0.0,0.0,1.95
4129,1.2225,0.5,0.1,0.0,0.0015,1.95
4130,1.222,0.0,0.0,0.0,0.0,1.95
4131,1.222,0.0,0.0,0.0,0.0,1.95
4132,1.2225,0.5,0.1,0.0,0.0015,1.95
4133,1.2225,0.5,0.1,0.0,0.0015,1.95
4134,1.2225,0.5,0.1,0.0,0.0015,1.95
4135,1.222,0.0,0.0,0.0,0.0,1.95
4136,1.222,0.0,0.0,0.0,0.0,1.95
4137,1.222,0.0,0.0,0.0,0.0,1.95
4138,1.2225,0.5,0.1,0.0,0.0015,1.95
4139,1.222,0.0,0.0,0.0,0.0,1.95
4140,1.222,0.0,0.0,0.0,0.0,1.95
4141,1.222,0.0,0.0,0.0,0.0,1.95
4142,1.222,0.0,0.0,0.0,0.0,1.95
4143,1.222,0.0,0.0,0.0,0.0,1.95
4144,1.2225,0.5,0.1,0.0,0.0015,1.95
4145,1.222,0.0,0.0,0.0,0.0,1.95
4146,1.222,0.0,0.0,0.0,0.0,1.95
4147,1.222,0.0,0.0,0.0,0.0,1.95
4148,1.2225,0.5,0.1,0.0,0.0015,1.95
4149,1.222,0.0,0.0,0.0,0.0,1.95
4150,1.222,0.0,0.0,0.0,0.0,1.95
4151,1.222,0.0,0.0,0.0,0.0,1.95
4152,1.2225,0.5,0.1,0.0,0.0015,1.95
4153,1.2225,0.5,0.1,0.0,0.0015,1.95
4154,1.222,0.0,0.0,0.0,0.0,1.95
4155,1.222,0.0,0.0,0.0,0.0,1.95
4156,1.222,0.0,0.0,0.0,0.0,1.95
4157,1.222,0.0,0.0,0.0,0.0,1.95
4158,1.222,0.0,0.0,0.0,0.0,1.95
4159,1.2225,0.5,0.1,0.0,0.0015,1.95
4160,1.222,0.0,0.0,0.0,0.0,1.95
4161,1.2225,0.5,0.1,0.0,0.0015,1.95
4162,1.222,0.0,0.0,0.0,0.0,1.95
4163,1.222,0.0,0.0,0.0,0.0,1.95
4164,1.2225,0.5,0.1,0.0,0.0015,1.95
4165,1.222,0.0,0.0,0.0,0.0,1.95
4166,1.222,0.0,0.0,0.0,0.0,1.95
4167,1.2225,0.5,0.1,0.0,0.0015,1.95
4168,1.222,0.0,0.0,0.0,0.0,1.95
4169,1.222,0.0,0.0,0.0,0.0,1.95
4170,1.222,0.0,0.0,0.0,0.0,1.95
4171,1.222,0.0,0.0,0.0,0.0,1.95
4172,1.2225,0.5,0.1,0.0,0.0015,1.95
4173,1.222,0.0,0.0,0.0,0.0,1.95
4174,1.2225,0.5,0.1,0.0,0.0015,1.95
4175,1.222,0.0,0.0,0.0,0.0,1.95
4176,1.222,0.0,0.0,0.0,0.0,1.95
4177,1.2225,0.5,0.1,0.0,0.0015,1.95
4178,1.222,0.0,0.0,0.0,0.0,1.95
4179,1.2225,0.5,0.1,0.0,0.0015,1.95
4180,1.222,0.0,0.0,0.0,0.0,1.95
4181,1.222,0.0,0.0,0.0,0.0,1.95
4182,1.2225,0.5,0.1,0.0,0.0015,1.95
4183,1.222,0.0,0.0,0.0,0.0,1.95
4184,1.222,0.0,0.0,0.0,0.0,1.95
4185,1.2225,0.5,0.1,0.0,0.0015,1.95
4186,1.222,0.0,0.0,0.0,0.0,1.95
4187,1.2225,0.5,0.1,0.0,0.0015,1.95
4188,1.2225,0.5,0.1,0.0,0.0015,1.95
4189,1.2225,0.5,0.1,0.0,0.0015,1.95
4190,1.222,0.0,0.0,0.0,0.0,1.95
4191,1.222,0.0,0.0,0.0,0.0,1.95
4192,1.222,0.0,0.0,0.0,0.0,1.95
4193,1.2225,0.5,0.1,0.0,0.0015,1.95
4194,1.2225,0.5,0.1,0.0,0.0015,1.95
4195,1.222,0.0,0.0,0.0,0.0,1.95
4196,1.222,0.0,0.0,0.0,0.0,1.95
4197,1.222,0.0,0.0,0.0,0.0,1.95
4198,1.2225,0.5,0.1,0.0,0.0015,1.95
4199,1.2225,0.5,0.1,0.0,0.0015,1.95
4200,1.222,0.0,0.0,0.0,0.0,1.95
4201,1.2225,0.5,0.1,0.0,0.0015,1.95
4202,1.222,0.0,0.0,0.0,0.0,1.95
4203,1.222,0.0,0.0,0.0,0.0,1.95
4204,1.222,0.0,0.0,0.0,0.0,1.95
4205,1.2225,0.5,0.1,0.0,0.0015,1.95
4206,1.2225,0.5,0.1,0.0,0.0015,1.95
4207,1.222,0.0,0.0,0.0,0.0,1.95
4208,1.2225,0.5,0.1,0.0,0.0015,1.95
4209,1.222,0.0,0.0,0.0,0.0,1.95
4210,1.222,0.0,0.0,0.0,0.0,1.95
4211,1.2225,0.5,0.1,0.0,0.0015,1.95
4212,1.222,0.0,0.0,0.0,0.0,1.95
4213,1.222,0.0,0.0,0.0,0.0,1.95
4214,1.2225,0.5,0.1,0.0,0.0015,1.95
4215,1.222,0.0,0.0,0.0,0.0,1.95
4216,1.2225,0.5,0.1,0.0,0.0015,1.95
4217,1.2225,0.5,0.1,0.0,0.0015,1.95
4218,1.222,0.0,0.0,0.0,0.0,1.95
4219,1.2225,0.5,0.1,0.0,0.0015,1.95
4220,1.2225,0.5,0.1,0.0,0.0015,1.95
4221,1.222,0.0,0.0,0.0,0.0,1.95
4222,1.2225,0.5,0.1,0.0,0.0015,1.95
4223,1.222,0.0,0.0,0.0,0.0,1.95
4224,1.222,0.0,0.0,0.0,0.0,1.95
4225,1.222,0.0,0.0,0.0,0.0,1.95
4226,1.222,0.0,0.0,0.0,0.0,1.95
4227,1.2225,0.5,0.1,0.0,0.0015,1.95
4228,1.222,0.0,0.0,0.0,0.0,1.95
4229,1.2225,0.5,0.1,0.0,0.0015,1.95
4230,1.222,0.0,0.0,0.0,0.0,1.95
4231,1.222,0.0,0.0,0.0,0.0,1.95
4232,1.2225,0.5,0.1,0.0,0.0015,1.95
4233,1.2225,0.5,0.1,0.0,0.0015,1.95
4234,1.222,0.0,0.0,0.0,0.0,1.95
4235,1.2225,0.5,0.1,0.0,0.0015,1.95
4236,1.222,0.0,0.0,0.0,0.0,1.95
4237,1.2225,0.5,0.1,0.0,0.0015,1.95
4238,1.222,0.0,0.0,0.0,0.0,1.95
4239,1.2225,0.5,0.1,0.0,0.0015,1.95
4240,1.2225,0.5,0.1,0.0,0.0015,1.95
4241,1.2225,0.5,0.1,0.0,0.0015,1.95
4242,1.222,0.0,0.0,0.0,0.0,1.95
4243,1.222,0.0,0.0,0.0,0.0,1.95
4244,1.2225,0.5,0.1,0.0,0.0015,1.95
4245,1.2225,0.5,0.1,0.0,0.0015,1.95
4246,1.2225,0.5,0.1,0.0,0.0015,1.95
4247,1.222,0.0,0.0,0.0,0.0,1.95
4248,1.222,0.0,0.0,0.0,0.0,1.95
4249,1.2225,0.5,0.1,0.0,0.0015,1.95
4250,1.222,0.0,0.0,0.0,0.0,1.95
4251,1.2225,0.5,0.1,0.0,0.0015,1.95
4252,1.2225,0.5,0.1,0.0,0.0015,1.95
4253,1.2225,0.5,0.1,0.0,0.0015,1.95
4254,1.222,0.0,0.0,0.0,0.0,1.95
4255,1.2225,0.5,0.1,0.0,0.0015,1.95
4256,1.222,0.0,0.0,0.0,0.0,1.95
4257,1.222,0.0,0.0,0.0,0.0,1.95
4258,1.2225,0.5,0.1,0.0,0.0015,1.95
4259,1.222,0.0,0.0,0.0,0.0,1.95
4260,1.222,0.0,0.0,0.0,0.0,1.95
4261,1.222,0.0,0.0,0.0,0.0,1.95
4262,1.222,0.0,0.0,0.0,0.0,1.95
4263,1.222,0.0,0.0,0.0,0.0,1.95
4264,1.222,0.0,0.0,0.0,0.0,1.95
4265,1.2225,0.5,0.1,0.0,0.0015,1.95
4266,1.222,0.0,0.0,0.0,0.0,1.95
4267,1.2225,0.5,0.1,0.0,0.0015,1.95
4268,1.222,0.0,0.0,0.0,0.0,1.95
4269,1.2225,0.5,0.1,0.0,0.0015,1.95
4270,1.222,0.0,0.0,0.0,0.0,1.95
4271,1.222,0.0,0.0,0.0,0.0,1.95
4272,1.222,0.0,0.0,0.0,0.0,1.95
4273,1.222,0.0,0.0,0.0,0.0,1.95
4274,1.222,0.0,0.0,0.0,0.0,1.95
4275,1.2225,0.5,0.1,0.0,0.0015,1.95
4276,1.2225,0.5,0.1,0.0,0.0015,1.95
4277,1.2225,0.5,0.1,0.0,0.0015,1.95
4278,1.222,0.0,0.0,0.0,0.0,1.95
4279,1.2225,0.5,0.1,0.0,0.0015,1.95
4280,1.2225,0.5,0.1,0.0,0.0015,1.95
4281,1.2225,0.5,0.1,0.0,0.0015,1.95
4282,1.222,0.0,0.0,0.0,0.0,1.95
4283,1.2225,0.5,0.1,0.0,0.0015,1.95
4284,1.222,0.0,0.0,0.0,0.0,1.95
4285,1.222,0.0,0.0,0.0,0.0,1.95
4286,1.2225,0.5,0.1,0.0,0.0015,1.95
4287,1.222,0.0,0.0,0.0,0.0,1.95
4288,1.2225,0.5,0.1,0.0,0.0015,1.95
4289,1.222,0.0,0.0,0.0,0.0,1.95
4290,1.222,0.0,0.0,0.0,0.0,1.95
4291,1.222,0.0,0.0,0.0,0.0,1.95
4292,1.222,0.0,0.0,0.0,0.0,1.95
4293,1.2225,0.5,0.1,0.0,0.0015,1.95
4294,1.222,0.0,0.0,0.0,0.0,1.95
4295,1.2225,0.5,0.1,0.0,0.0015,1.95
4296,1.222,0.0,0.0,0.0,0.0,1.95
4297,1.222,0.0,0.0,0.0,0.0,1.95
4298,1.2225,0.5,0.1,0.0,0.0015,1.95
4299,1.222,0.0,0.0,0.0,0.0,1.95
4300,1.222,0.0,0.0,0.0,0.0,1.95
4301,1.222,0.0,0.0,0.0,0.0,1.95
4302,1.2225,0.5,0.1,0.0,0.0015,1.95
4303,1.222,0.0,0.0,0.0,0.0,1.95
4304,1.222,0.0,0.0,0.0,0.0,1.95
4305,1.2225,0.5,0.1,0.0,0.0015,1.95
4306,1.222,0.0,0.0,0.0,0.0,1.95
4307,1.222,0.0,0.0,0.0,0.0,1.95
4308,1.222,0.0,0.0,0.0,0.0,1.95
4309,1.2225,0.5,0.1,0.0,0.0015,1.95
4310,1.2225,0.5,0.1,0.0,0.0015,1.95
4311,1.2225,0.5,0.1,0.0,0.0015,1.95
4312,1.2225,0.5,0.1,0.0,0.0015,1.95
4313,1.2225,0.5,0.1,0.0,0.0015,1.95
4314,1.2225,0.5,0.1,0.0,0.0015,1.95
4315,1.2225,0.5,0.1,0.0,0.0015,1.95
4316,1.222,0.0,0.0,0.0,0.0,1.95
4317,1.2225,0.5,0.1,0.0,0.0015,1.95
4318,1.222,0.0,0.0,0.0,0.0,1.95
4319,1.222,0.0,0.0,0.0,0.0,1.95
4320,1.222,0.0,0.0,0.0,0.0,1.95
4321,1.2225,0.5,0.1,0.0,0.0015,1.95
4322,1.2225,0.5,0.1,0.0,0.0015,1.95
4323,1.222,0.0,0.0,0.0,0.0,1.95
4324,1.2225,0.5,0.1,0.0,0.0015,1.95
4325,1.222,0.0,0.0,0.0,0.0,1.95
4326,1.222,0.0,0.0,0.0,0.0,1.95
4327,1.222,0.0,0.0,0.0,0.0,1.95
4328,1.222,0.0,0.0,0.0,0.0,1.95
4329,1.222,0.0,0.0,0.0,0.0,1.95
4330,1.2225,0.5,0.1,0.0,0.0015,1.95
4331,1.2225,0.5,0.1,0.0,0.0015,1.95
4332,1.2225,0.5,0.1,0.0,0.0015,1.95
4333,1.2225,0.5,0.1,0.0,0.0015,1.95
4334,1.222,0.0,0.0,0.0,0.0,1.95
4335,1.222,0.0,0.0,0.0,0.0,1.95
4336,1.222,0.0,0.0,0.0,0.0,1.95
4337,1.2225,0.5,0.1,0.0,0.0015,1.95
4338,1.222,0.0,0.0,0.0,0.0,1.95
4339,1.222,0.0,0.0,0.0,0.0,1.95
4340,1.222,0.0,0.0,0.0,0.0,1.95
4341,1.2225,0.5,0.1,0.0,0.0015,1.95
4342,1.2225,0.5,0.1,0.0,0.0015,1.95
4343,1.2225,0.5,0.1,0.0,0.0015,1.95
4344,1.222,0.0,0.0,0.0,0.0,1.95
4345,1.222,0.0,0.0,0.0,0.0,1.95
4346,1.2225,0.5,0.1,0.0,0.0015,1.95
4347,1.222,0.0,0.0,0.0,0.0,1.95
4348,1.2225,0.5,0.1,0.0,0.0015,1.95
4349,1.222,0.0,0.0,0.0,0.0,1.95
4350,1.222,0.0,0.0,0.0,0.0,1.95
4351,1.222,0.0,0.0,0.0,0.0,1.95
4352,1.2225,0.5,0.1,0.0,0.0015,1.95
4353,1.2225,0.5,0.1,0.0,0.0015,1.95
4354,1.2225,0.5,0.1,0.0,0.0015,1.95
4355,1.2225,0.5,0.1,0.0,0.0015,1.95
4356,1.222,0.0,0.0,0.0,0.0,1.95
4357,1.222,0.0,0.0,0.0,0.0,1.95
4358,1.2225,0.5,0.1,0.0,0.0015,1.95
4359,1.2225,0.5,0.1,0.0,0.0015,1.95
4360,1.2225,0.5,0.1,0.0,0.0015,1.95
4361,1.222,0.0,0.0,0.0,0.0,1.95
4362,1.222,0.0,0.0,0.0,0.0,1.95
4363,1.2225,0.5,0.1,0.0,0.0015,1.95
4364,1.222,0.0,0.0,0.0,0.0,1.95
4365,1.2225,0.5,0.1,0.0,0.0015,1.95
4366,1.222,0.0,0.0,0.0,0.0,1.95
4367,1.222,0.0,0.0,0.0,0.0,1.95
4368,1.2225,0.5,0.1,0.0,0.0015,1.95
4369,1.2225,0.5,0.1,0.0,0.0015,1.95
4370,1.222,0.0,0.0,0.0,0.0,1.95
4371,1.222,0.0,0.0,0.0,0.0,1.95
4372,1.222,0.0,0.0,0.0,0.0,1.95
4373,1.2225,0.5,0.1,0.0,0.0015,1.95
4374,1.2225,0.5,0.1,0.0,0.0015,1.95
4375,1.2225,0.5,0.1,0.0,0.0015,1.95
4376,1.222,0.0,0.0,0.0,0.0,1.95
4377,1.2225,0.5,0.1,0.0,0.0015,1.95
4378,1.222,0.0,0.0,0.0,0.0,1.95
4379,1.2225,0.5,0.1,0.0,0.0015,1.95
4380,1.2225,0.5,0.1,0.0,0.0015,1.95
4381,1.222,0.0,0.0,0.0,0.0,1.95
4382,1.222,0.0,0.0,0.0,0.0,1.95
4383,1.222,0.0,0.0,0.0,0.0,1.95
4384,1.222,0.0,0.0,0.0,0.0,1.95
4385,1.2225,0.5,0.1,0.0,0.0015,1.95
4386,1.222,0.0,0.0,0.0,0.0,1.95
4387,1.2225,0.5,0.1,0.0,0.0015,1.95
4388,1.222,0.0,0.0,0.0,0.0,1.95
4389,1.2225,0.5,0.1,0.0,0.0015,1.95
4390,1.222,0.0,0.0,0.0,0.0,1.95
4391,1.222,0.0,0.0,0.0,0.0,1.95
4392,1.222,0.0,0.0,0.0,0.0,1.95
4393,1.222,0.0,0.0,0.0,0.0,1.95
4394,1.222,0.0,0.0,0.0,0.0,1.95
4395,1.222,0.0,0.0,0.0,0.0,1.95
4396,1.222,0.0,0.0,0.0,0.0,1.95
4397,1.2225,0.5,0.1,0.0,0.0015,1.95
4398,1.2225,0.5,0.1,0.0,0.0015,1.95
4399,1.222,0.0,0.0,0.0,0.0,1.95
4400,1.222,0.0,0.0,0.0,0.0,1.95
4401,1.222,0.0,0.0,0.0,0.0,1.95
4402,1.222,0.0,0.0,0.0,0.0,1.95
4403,1.2225,0.5,0.1,0.0,0.0015,1.95
4404,1.2225,0.5,0.1,0.0,0.0015,1.95
4405,1.2225,0.5,0.1,0.0,0.0015,1.95
4406,1.222,0.0,0.0,0.0,0.0,1.95
4407,1.222,0.0,0.0,0.0,0.0,1.95
4408,1.2225,0.5,0.1,0.0,0.0015,1.95
4409,1.222,0.0,0.0,0.0,0.0,1.95
4410,1.2225,0.5,0.1,0.0,0.0015,1.95
4411,1.2225,0.5,0.1,0.0,0.0015,1.95
4412,1.222,0.0,0.0,0.0,0.0,1.95
4413,1.222,0.0,0.0,0.0,0.0,1.95
4414,1.222,0.0,0.0,0.0,0.0,1.95
4415,1.2225,0.5,0.1,0.0,0.0015,1.95
4416,1.2225,0.5,0.1,0.0,0.0015,1.95
4417,1.2225,0.5,0.1,0.0,0.0015,1.95
4418,1.2225,0.5,0.1,0.0,0.0015,1.95
4419,1.2225,0.5,0.1,0.0,0.0015,1.95
4420,1.222,0.0,0.0,0.0,0.0,1.95
4421,1.222,0.0,0.0,0.0,0.0,1.95
4422,1.2225,0.5,0.1,0.0,0.0015,1.95
4423,1.222,0.0,0.0,0.0,0.0,1.95
4424,1.222,0.0,0.0,0.0,0.0,1.95
4425,1.2225,0.5,0.1,0.0,0.0015,1.95
4426,1.222,0.0,0.0,0.0,0.0,1.95
4427,1.222,0.0,0.0,0.0,0.0,1.95
4428,1.2225,0.5,0.1,0.0,0.0015,1.95
4429,1.2225,0.5,0.1,0.0,0.0015,1.95
4430,1.222,0.0,0.0,0.0,0.0,1.95
4431,1.222,0.0,0.0,0.0,0.0,1.95
4432,1.2225,0.5,0.1,0.0,0.0015,1.95
4433,1.2225,0.5,0.1,0.0,0.0015,1.95
4434,1.222,0.0,0.0,0.0,0.0,1.95
4435,1.222,0.0,0.0,0.0,0.0,1.95
4436,1.222,0.0,0.0,0.0,0.0,1.95
4437,1.2225,0.5,0.1,0.0,0.0015,1.95
4438,1.2225,0.5,0.1,0.0,0.0015,1.95
4439,1.222,0.0,0.0,0.0,0.0,1.95
4440,1.2225,0.5,0.1,0.0,0.0015,1.95
4441,1.222,0.0,0.0,0.0,0.0,1.95
4442,1.222,0.0,0.0,0.0,0.0,1.95
4443,1.2225,0.5,0.1,0.0,0.0015,1.95
4444,1.2225,0.5,0.1,0.0,0.0015,1.95
4445,1.2225,0.5,0.1,0.0,0.0015,1.95
4446,1.222,0.0,0.0,0.0,0.0,1.95
4447,1.222,0.0,0.0,0.0,0.0,1.95
4448,1.222,0.0,0.0,0.0,0.0,1.95
4449,1.2225,0.5,0.1,0.0,0.0015,1.95
4450,1.222,0.0,0.0,0.0,0.0,1.95
4451,1.2225,0.5,0.1,0.0,0.0015,1.95
4452,1.2225,0.5,0.1,0.0,0.0015,1.95
4453,1.222,0.0,0.0,0.0,0.0,1.95
4454,1.2225,0.5,0.1,0.0,0.0015,1.95
4455,1.222,0.0,0.0,0.0,0.0,1.95
4456,1.2225,0.5,0.1,0.0,0.0015,1.95
4457,1.2225,0.5,0.1,0.0,0.0015,1.95
4458,1.222,0.0,0.0,0.0,0.0,1.95
4459,1.2225,0.5,0.1,0.0,0.0015,1.95
4460,1.2225,0.5,0.1,0.0,0.0015,1.95
4461,1.2225,0.5,0.1,0.0,0.0015,1.95
4462,1.222,0.0,0.0,0.0,0.0,1.95
1,0.022,0.5,0.1,0.02,0.0025,1.95
2,1.222,0.0,0.0,0.0,0.0,1.95
3,0.022,0.5,0.1,0.02,0.0025,1.95
4,1.222,0.0,0.0,0.0,0.0,1.95
5,1.222,0.0,0.0,0.0,0.0,1.95
6,0.022,0.5,0.1,0.02,0.0025,1.95
7,0.022,0.5,0.1,0.02,0.0025,1.95
8,1.222,0.0,0.0,0.0,0.0,1.95
9,0.022,0.5,0.1,0.02,0.0025,1.95
10,1.222,0.0,0.0,0.0,0.0,1.95
11,1.222,0.0,0.0,0.0,0.0,1.95
12,1.222,0.0,0.0,0.0,0.0,1.95
13,0.022,0.5,0.1,0.02,0.0025,1.95
14,1.222,0.0,0.0,0.0,0.0,1.95
15,1.222,0.0,0.0,0.0,0.0,1.95
16,0.022,0.5,0.1,0.02,0.0025,1.95
17,0.022,0.5,0.1,0.02,0.0025,1.95
18,1.222,0.0,0.0,0.0,0.0,1.95
19,0.022,0.5,0.1,0.02,0.0025,1.95
20,0.022,0.5,0.1,0.02,0.0025,1.95
21,1.222,0.0,0.0,0.0,0.0,1.95
22,1.222,0.0,0.0,0.0,0.0,1.95
23,1.222,0.0,0.0,0.0,0.0,1.95
24,1.222,0.0,0.0,0.0,0.0,1.95
25,1.222,0.0,0.0,0.0,0.0,1.95
26,0.022,0.5,0.1,0.02,0.0025,1.95
27,0.022,0.5,0.1,0.02,0.0025,1.95
28,0.022,0.5,0.1,0.02,0.0025,1.95
29,1.222,0.0,0.0,0.0,0.0,1.95
30,1.222,0.0,0.0,0.0,0.0,1.95
31,1.222,0.0,0.0,0.0,0.0,1.95
32,1.222,0.0,0.0,0.0,0.0,1.95
33,1.222,0.0,0.0,0.0,0.0,1.95
34,1.222,0.0,0.0,0.0,0.0,1.95
35,0.022,0.5,0.1,0.02,0.0025,1.95
36,1.222,0.0,0.0,0.0,0.0,1.95
37,0.022,0.5,0.1,0.02,0.0025,1.95
38,0.022,0.5,0.1,0.02,0.0025,1.95
39,1.222,0.0,0.0,0.0,0.0,1.95
40,1.222,0.0,0.0,0.0,0.0,1.95
41,0.022,0.5,0.1,0.02,0.0025,1.95
42,1.222,0.0,0.0,0.0,0.0,1.95
43,1.222,0.0,0.0,0.0,0.0,1.95
44,1.222,0.0,0.0,0.0,0.0,1.95
45,0.022,0.5,0.1,0.02,0.0025,1.95
46,0.022,0.5,0.1,0.02,0.0025,1.95
47,0.022,0.5,0.1,0.02,0.0025,1.95
48,0.022,0.5,0.1,0.02,0.0025,1.95
49,1.222,0.0,0.0,0.0,0.0,1.95
50,1.222,0.0,0.0,0.0,0.0,1.95
51,1.222,0.0,0.0,0.0,0.0,1.95
52,0.022,0.5,0.1,0.02,0.0025,1.95
53,1.222,0.0,0.0,0.0,0.0,1.95
54,1.222,0.0,0.0,0.0,0.0,1.95
55,0.022,0.5,0.1,0.02,0.0025,1.95
56,1.222,0.0,0.0,0.0,0.0,1.95
57,1.222,0.0,0.0,0.0,0.0,1.95
58,1.222,0.0,0.0,0.0,0.0,1.95
59,0.022,0.5,0.1,0.02,0.0025,1.95
60,1.222,0.0,0.0,0.0,0.0,1.95
61,0.022,0.5,0.1,0.02,0.0025,1.95
62,1.222,0.0,0.0,0.0,0.0,1.95
63,1.222,0.0,0.0,0.0,0.0,1.95
64,0.022,0.5,0.1,0.02,0.0025,1.95
65,0.022,0.5,0.1,0.02,0.0025,1.95
66,1.222,0.0,0.0,0.0,0.0,1.95
67,1.222,0.0,0.0,0.0,0.0,1.95
68,0.022,0.5,0.1,0.02,0.0025,1.95
69,0.022,0.5,0.1,0.02,0.0025,1.95
70,0.022,0.5,0.1,0.02,0.0025,1.95
71,1.222,0.0,0.0,0.0,0.0,1.95
72,1.222,0.0,0.0,0.0,0.0,1.95
73,1.222,0.0,0.0,0.0,0.0,1.95
74,0.022,0.5,0.1,0.02,0.0025,1.95
75,1.222,0.0,0.0,0.0,0.0,1.95
76,0.022,0.5,0.1,0.02,0.0025,1.95
77,1.222,0.0,0.0,0.0,0.0,1.95
78,1.222,0.0,0.0,0.0,0.0,1.95
79,1.222,0.0,0.0,0.0,0.0,1.95
80,0.022,0.5,0.1,0.02,0.0025,1.95
81,1.222,0.0,0.0,0.0,0.0,1.95
82,0.022,0.5,0.1,0.02,0.0025,1.95
83,0.022,0.5,0.1,0.02,0.0025,1.95
84,0.022,0.5,0.1,0.02,0.0025,1.95
85,1.222,0.0,0.0,0.0,0.0,1.95
86,0.022,0.5,0.1,0.02,0.0025,1.95
87,0.022,0.5,0.1,0.02,0.0025,1.95
88,1.222,0.0,0.0,0.0,0.0,1.95
89,0.022,0.5,0.1,0.02,0.0025,1.95
90,1.222,0.0,0.0,0.0,0.0,1.95
91,0.022,0.5,0.1,0.02,0.0025,1.95
92,0.022,0.5,0.1,0.02,0.0025,1.95
93,1.222,0.0,0.0,0.0,0.0,1.95
94,0.022,0.5,0.1,0.02,0.0025,1.95
95,0.022,0.5,0.1,0.02,0.0025,1.95
96,0.022,0.5,0.1,0.02,0.0025,1.95
97,1.222,0.0,0.0,0.0,0.0,1.95
98,1.222,0.0,0.0,0.0,0.0,1.95
99,1.222,0.0,0.0,0.0,0.0,1.95
100,1.222,0.0,0.0,0.0,0.0,1.95
101,0.022,0.5,0.1,0.02,0.0025,1.95
102,0.022,0.5,0.1,0.02,0.0025,1.95
103,1.222,0.0,0.0,0.0,0.0,1.95
104,1.222,0.0,0.0,0.0,0.0,1.95
105,0.022,0.5,0.1,0.02,0.0025,1.95
106,0.022,0.5,0.1,0.02,0.0025,1.95
107,1.222,0.0,0.0,0.0,0.0,1.95
108,1.222,0.0,0.0,0.0,0.0,1.95
109,1.222,0.0,0.0,0.0,0.0,1.95
110,1.222,0.0,0.0,0.0,0.0,1.95
111,1.222,0.0,0.0,0.0,0.0,1.95
112,0.022,0.5,0.1,0.02,0.0025,1.95
113,1.222,0.0,0.0,0.0,0.0,1.95
114,0.022,0.5,0.1,0.02,0.0025,1.95
115,1.222,0.0,0.0,0.0,0.0,1.95
116,1.222,0.0,0.0,0.0,0.0,1.95
117,1.222,0.0,0.0,0.0,0.0,1.95
118,1.222,0.0,0.0,0.0,0.0,1.95
119,0.022,0.5,0.1,0.02,0.0025,1.95
120,1.222,0.0,0.0,0.0,0.0,1.95
121,0.022,0.5,0.1,0.02,0.0025,1.95
122,1.222,0.0,0.0,0.0,0.0,1.95
123,0.022,0.5,0.1,0.02,0.0025,1.95
124,1.222,0.0,0.0,0.0,0.0,1.95
125,1.222,0.0,0.0,0.0,0.0,1.95
126,1.222,0.0,0.0,0.0,0.0,1.95
127,1.222,0.0,0.0,0.0,0.0,1.95
128,1.222,0.0,0.0,0.0,0.0,1.95
129,0.022,0.5,0.1,0.02,0.0025,1.95
130,0.022,0.5,0.1,0.02,0.0025,1.95
131,1.222,0.0,0.0,0.0,0.0,1.95
132,1.222,0.0,0.0,0.0,0.0,1.95
133,0.022,0.5,0.1,0.02,0.0025,1.95
134,0.022,0.5,0.1,0.02,0.0025,1.95
135,0.022,0.5,0.1,0.02,0.0025,1.95
136,1.222,0.0,0.0,0.0,0.0,1.95
137,1.222,0.0,0.0,0.0,0.0,1.95
138,0.022,0.5,0.1,0.02,0.0025,1.95
139,1.222,0.0,0.0,0.0,0.0,1.95
140,1.222,0.0,0.0,0.0,0.0,1.95
141,1.222,0.0,0.0,0.0,0.0,1.95
142,1.222,0.0,0.0,0.0,0.0,1.95
143,0.022,0.5,0.1,0.02,0.0025,1.95
144,1.222,0.0,0.0,0.0,0.0,1.95
145,1.222,0.0,0.0,0.0,0.0,1.95
146,0.022,0.5,0.1,0.02,0.0025,1.95
147,0.022,0.5,0.1,0.02,0.0025,1.95
148,1.222,0.0,0.0,0.0,0.0,1.95
149,1.222,0.0,0.0,0.0,0.0,1.95
150,0.022,0.5,0.1,0.02,0.0025,1.95
151,1.222,0.0,0.0,0.0,0.0,1.95
152,1.222,0.0,0.0,0.0,0.0,1.95
153,1.222,0.0,0.0,0.0,0.0,1.95
154,1.222,0.0,0.0,0.0,0.0,1.95
155,1.222,0.0,0.0,0.0,0.0,1.95
156,0.022,0.5,0.1,0.02,0.0025,1.95
157,1.222,0.0,0.0,0.0,0.0,1.95
158,1.222,0.0,0.0,0.0,0.0,1.95
159,1.222,0.0,0.0,0.0,0.0,1.95
160,1.222,0.0,0.0,0.0,0.0,1.95
161,1.222,0.0,0.0,0.0,0.0,1.95
162,1.222,0.0,0.0,0.0,0.0,1.95
163,0.022,0.5,0.1,0.02,0.0025,1.95
164,1.222,0.0,0.0,0.0,0.0,1.95
165,0.022,0.5,0.1,0.02,0.0025,1.95
166,1.222,0.0,0.0,0.0,0.0,1.95
167,0.022,0.5,0.1,0.02,0.0025,1.95
168,0.022,0.5,0.1,0.02,0.0025,1.95
169,0.022,0.5,0.1,0.02,0.0025,1.95
170,1.222,0.0,0.0,0.0,0.0,1.95
171,0.022,0.5,0.1,0.02,0.0025,1.95
172,1.222,0.0,0.0,0.0,0.0,1.95
173,1.222,0.0,0.0,0.0,0.0,1.95
174,0.022,0.5,0.1,0.02,0.0025,1.95
175,0.022,0.5,0.1,0.02,0.0025,1.95
176,1.222,0.0,0.0,0.0,0.0,1.95
177,0.022,0.5,0.1,0.02,0.0025,1.95
178,1.222,0.0,0.0,0.0,0.0,1.95
179,1.222,0.0,0.0,0.0,0.0,1.95
180,1.222,0.0,0.0,0.0,0.0,1.95
181,1.222,0.0,0.0,0.0,0.0,1.95
182,1.222,0.0,0.0,0.0,0.0,1.95
183,1.222,0.0,0.0,0.0,0.0,1.95
184,1.222,0.0,0.0,0.0,0.0,1.95
185,0.022,0.5,0.1,0.02,0.0025,1.95
186,1.222,0.0,0.0,0.0,0.0,1.95
187,1.222,0.0,0.0,0.0,0.0,1.95
188,1.222,0.0,0.0,0.0,0.0,1.95
189,0.022,0.5,0.1,0.02,0.0025,1.95
190,1.222,0.0,0.0,0.0,0.0,1.95
191,1.222,0.0,0.0,0.0,0.0,1.95
192,1.2225,0.5,0.1,0.0,0.0015,1.95
193,1.2225,0.5,0.1,0.0,0.0015,1.95
194,1.222,0.0,0.0,0.0,0.0,1.95
195,1.2225,0.5,0.1,0.0,0.0015,1.95
196,1.2225,0.5,0.1,0.0,0.0015,1.95
197,1.2225,0.5,0.1,0.0,0.0015,1.95
198,1.2225,0.5,0.1,0.0,0.0015,1.95
199,1.2225,0.5,0.1,0.0,0.0015,1.95
200,1.2225,0.5,0.1,0.0,0.0015,1.95
201,1.2225,0.5,0.1,0.0,0.0015,1.95
202,1.222,0.0,0.0,0.0,0.0,1.95
203,1.222,0.0,0.0,0.0,0.0,1.95
204,1.222,0.0,0.0,0.0,0.0,1.95
205,1.222,0.0,0.0,0.0,0.0,1.95
206,1.2225,0.5,0.1,0.0,0.0015,1.95
207,1.2225,0.5,0.1,0.0,0.0015,1.95
208,1.222,0.0,0.0,0.0,0.0,1.95
209,1.222,0.0,0.0,0.0,0.0,1.95
210,1.222,0.0,0.0,0.0,0.0,1.95
211,1.222,0.0,0.0,0.0,0.0,1.95
212,1.2225,0.5,0.1,0.0,0.0015,1.95
213,1.2225,0.5,0.1,0.0,0.0015,1.95
214,1.222,0.0,0.0,0.0,0.0,1.95
215,1.2225,0.5,0.1,0.0,0.0015,1.95
216,1.222,0.0,0.0,0.0,0.0,1.95
217,1.2225,0.5,0.1,0.0,0.0015,1.95
218,1.2225,0.5,0.1,0.0,0.0015,1.95
219,1.2225,0.5,0.1,0.0,0.0015,1.95
220,1.222,0.0,0.0,0.0,0.0,1.95
221,1.222,0.0,0.0,0.0,0.0,1.95
222,1.2225,0.5,0.1,0.0,0.0015,1.95
223,1.2225,0.5,0.1,0.0,0.0015,1.95
224,1.222,0.0,0.0,0.0,0.0,1.95
225,1.2225,0.5,0.1,0.0,0.0015,1.95
226,1.2225,0.5,0.1,0.0,0.0015,1.95
227,1.222,0.0,0.0,0.0,0.0,1.95
228,1.222,0.0,0.0,0.0,0.0,1.95
229,1.222,0.0,0.0,0.0,0.0,1.95
230,1.2225,0.5,0.1,0.0,0.0015,1.95
231,1.2225,0.5,0.1,0.0,0.0015,1.95
232,1.222,0.0,0.0,0.0,0.0,1.95
233,1.2225,0.5,0.1,0.0,0.0015,1.95
234,1.2225,0.5,0.1,0.0,0.0015,1.95
235,1.2225,0.5,0.1,0.0,0.0015,1.95
236,1.2225,0.5,0.1,0.0,0.0015,1.95
237,1.222,0.0,0.0,0.0,0.0,1.95
238,1.2225,0.5,0.1,0.0,0.0015,1.95
239,1.222,0.0,0.0,0.0,0.0,1.95
240,1.222,0.0,0.0,0.0,0.0,1.95
241,1.2225,0.5,0.1,0.0,0.0015,1.95
242,1.2225,0.5,0.1,0.0,0.0015,1.95
243,1.2225,0.5,0.1,0.0,0.0015,1.95
244,1.222,0.0,0.0,0.0,0.0,1.95
245,1.2225,0.5,0.1,0.0,0.0015,1.95
246,1.222,0.0,0.0,0.0,0.0,1.95
247,1.222,0.0,0.0,0.0,0.0,1.95
248,1.2225,0.5,0.1,0.0,0.0015,1.95
249,1.2225,0.5,0.1,0.0,0.0015,1.95
250,1.222,0.0,0.0,0.0,0.0,1.95
251,1.222,0.0,0.0,0.0,0.0,1.95
252,1.222,0.0,0.0,0.0,0.0,1.95
253,1.222,0.0,0.0,0.0,0.0,1.95
254,0.022,0.5,0.1,0.02,0.0025,1.95
255,1.2225,0.5,0.1,0.0,0.0015,1.95
256,1.2225,0.5,0.1,0.0,0.0015,1.95
257,1.2225,0.5,0.1,0.0,0.0015,1.95
258,1.2225,0.5,0.1,0.0,0.0015,1.95
259,1.222,0.0,0.0,0.0,0.0,1.95
260,1.2225,0.5,0.1,0.0,0.0015,1.95
261,1.2225,0.5,0.1,0.0,0.0015,1.95
262,1.222,0.0,0.0,0.0,0.0,1.95
263,1.222,0.0,0.0,0.0,0.0,1.95
264,1.2225,0.5,0.1,0.0,0.0015,1.95
265,1.2225,0.5,0.1,0.0,0.0015,1.95
266,1.2225,0.5,0.1,0.0,0.0015,1.95
267,1.222,0.0,0.0,0.0,0.0,1.95
268,1.222,0.0,0.0,0.0,0.0,1.95
269,1.222,0.0,0.0,0.0,0.0,1.95
270,1.2225,0.5,0.1,0.0,0.0015,1.95
271,1.222,0.0,0.0,0.0,0.0,1.95
272,1.222,0.0,0.0,0.0,0.0,1.95
273,1.2225,0.5,0.1,0.0,0.0015,1.95
274,1.222,0.0,0.0,0.0,0.0,1.95
275,1.222,0.0,0.0,0.0,0.0,1.95
276,1.222,0.0,0.0,0.0,0.0,1.95
277,1.222,0.0,0.0,0.0,0.0,1.95
278,1.2225,0.5,0.1,0.0,0.0015,1.95
279,1.222,0.0,0.0,0.0,0.0,1.95
280,1.2225,0.5,0.1,0.0,0.0015,1.95
281,1.2225,0.5,0.1,0.0,0.0015,1.95
282,1.2225,0.5,0.1,0.0,0.0015,1.95
283,1.222,0.0,0.0,0.0,0.0,1.95
284,1.222,0.0,0.0,0.0,0.0,1.95
285,1.2225,0.5,0.1,0.0,0.0015,1.95
286,1.2225,0.5,0.1,0.0,0.0015,1.95
287,1.222,0.0,0.0,0.0,0.0,1.95
288,1.2225,0.5,0.1,0.0,0.0015,1.95
289,1.222,0.0,0.0,0.0,0.0,1.95
290,1.222,0.0,0.0,0.0,0.0,1.95
291,1.2225,0.5,0.1,0.0,0.0015,1.95
292,1.222,0.0,0.0,0.0,0.0,1.95
293,1.222,0.0,0.0,0.0,0.0,1.95
294,1.222,0.0,0.0,0.0,0.0,1.95
295,1.2225,0.5,0.1,0.0,0.0015,1.95
296,1.2225,0.5,0.1,0.0,0.0015,1.95
297,1.222,0.0,0.0,0.0,0.0,1.95
298,1.222,0.0,0.0,0.0,0.0,1.95
299,1.2225,0.5,0.1,0.0,0.0015,1.95
300,1.222,0.0,0.0,0.0,0.0,1.95
301,1.2225,0.5,0.1,0.0,0.0015,1.95
302,1.2225,0.5,0.1,0.0,0.0015,1.95
303,1.2225,0.5,0.1,0.0,0.0015,1.95
304,1.2225,0.5,0.1,0.0,0.0015,1.95
305,1.222,0.0,0.0,0.0,0.0,1.95
306,1.222,0.0,0.0,0.0,0.0,1.95
307,1.2225,0.5,0.1,0.0,0.0015,1.95
308,1.2225,0.5,0.1,0.0,0.0015,1.95
309,1.222,0.0,0.0,0.0,0.0,1.95
310,1.2225,0.5,0.1,0.0,0.0015,1.95
311,1.2225,0.5,0.1,0.0,0.0015,1.95
312,1.222,0.0,0.0,0.0,0.0,1.95
313,1.222,0.0,0.0,0.0,0.0,1.95
314,1.2225,0.5,0.1,0.0,0.0015,1.95
315,1.2225,0.5,0.1,0.0,0.0015,1.95
316,1.2225,0.5,0.1,0.0,0.0015,1.95
317,1.222,0.0,0.0,0.0,0.0,1.95
318,1.222,0.0,0.0,0.0,0.0,1.95
319,1.222,0.0,0.0,0.0,0.0,1.95
320,1.222,0.0,0.0,0.0,0.0,1.95
321,1.222,0.0,0.0,0.0,0.0,1.95
322,1.222,0.0,0.0,0.0,0.0,1.95
323,1.222,0.0,0.0,0.0,0.0,1.95
324,1.222,0.0,0.0,0.0,0.0,1.95
325,1.222,0.0,0.0,0.0,0.0,1.95
326,1.222,0.0,0.0,0.0,0.0,1.95
327,1.222,0.0,0.0,0.0,0.0,1.95
328,1.2225,0.5,0.1,0.0,0.0015,1.95
329,1.2225,0.5,0.1,0.0,0.0015,1.95
330,1.2225,0.5,0.1,0.0,0.0015,1.95
331,1.2225,0.5,0.1,0.0,0.0015,1.95
332,1.222,0.0,0.0,0.0,0.0,1.95
333,1.222,0.0,0.0,0.0,0.0,1.95
334,1.222,0.0,0.0,0.0,0.0,1.95
335,1.2225,0.5,0.1,0.0,0.0015,1.95
336,1.222,0.0,0.0,0.0,0.0,1.95
337,1.222,0.0,0.0,0.0,0.0,1.95
338,1.222,0.0,0.0,0.0,0.0,1.95
339,1.2225,0.5,0.1,0.0,0.0015,1.95
340,1.2225,0.5,0.1,0.0,0.0015,1.95
341,1.2225,0.5,0.1,0.0,0.0015,1.95
342,1.222,0.0,0.0,0.0,0.0,1.95
343,1.222,0.0,0.0,0.0,0.0,1.95
344,1.222,0.0,0.0,0.0,0.0,1.95
345,1.2225,0.5,0.1,0.0,0.0015,1.95
346,1.2225,0.5,0.1,0.0,0.0015,1.95
347,1.2225,0.5,0.1,0.0,0.0015,1.95
348,1.222,0.0,0.0,0.0,0.0,1.95
349,1.222,0.0,0.0,0.0,0.0,1.95
350,1.2225,0.5,0.1,0.0,0.0015,1.95
351,1.222,0.0,0.0,0.0,0.0,1.95
352,1.2225,0.5,0.1,0.0,0.0015,1.95
353,1.222,0.0,0.0,0.0,0.0,1.95
354,1.222,0.0,0.0,0.0,0.0,1.95
355,1.222,0.0,0.0,0.0,0.0,1.95
356,1.222,0.0,0.0,0.0,0.0,1.95
357,1.222,0.0,0.0,0.0,0.0,1.95
358,1.222,0.0,0.0,0.0,0.0,1.95
359,1.2225,0.5,0.1,0.0,0.0015,1.95
360,1.222,0.0,0.0,0.0,0.0,1.95
361,1.2225,0.5,0.1,0.0,0.0015,1.95
362,1.222,0.0,0.0,0.0,0.0,1.95
363,1.2225,0.5,0.1,0.0,0.0015,1.95
364,1.222,0.0,0.0,0.0,0.0,1.95
365,1.222,0.0,0.0,0.0,0.0,1.95
366,1.2225,0.5,0.1,0.0,0.0015,1.95
367,1.2225,0.5,0.1,0.0,0.0015,1.95
368,1.222,0.0,0.0,0.0,0.0,1.95
369,1.2225,0.5,0.1,0.0,0.0015,1.95
370,1.222,0.0,0.0,0.0,0.0,1.95
371,1.222,0.0,0.0,0.0,0.0,1.95
372,1.222,0.0,0.0,0.0,0.0,1.95
373,1.222,0.0,0.0,0.0,0.0,1.95
374,1.222,0.0,0.0,0.0,0.0,1.95
375,1.222,0.0,0.0,0.0,0.0,1.95
376,1.2225,0.5,0.1,0.0,0.0015,1.95
377,1.222,0.0,0.0,0.0,0.0,1.95
378,1.2225,0.5,0.1,0.0,0.0015,1.95
379,1.222,0.0,0.0,0.0,0.0,1.95
380,1.222,0.0,0.0,0.0,0.0,1.95
381,1.222,0.0,0.0,0.0,0.0,1.95
382,1.222,0.0,0.0,0.0,0.0,1.95
383,1.222,0.0,0.0,0.0,0.0,1.95
384,1.222,0.0,0.0,0.0,0.0,1.95
385,1.2225,0.5,0.1,0.0,0.0015,1.95
386,1.222,0.0,0.0,0.0,0.0,1.95
387,1.222,0.0,0.0,0.0,0.0,1.95
388,1.2225,0.5,0.1,0.0,0.0015,1.95
389,1.222,0.0,0.0,0.0,0.0,1.95
390,1.222,0.0,0.0,0.0,0.0,1.95
391,1.222,0.0,0.0,0.0,0.0,1.95
392,1.222,0.0,0.0,0.0,0.0,1.95
393,1.2225,0.5,0.1,0.0,0.0015,1.95
394,1.222,0.0,0.0,0.0,0.0,1.95
395,1.2225,0.5,0.1,0.0,0.0015,1.95
396,1.2225,0.5,0.1,0.0,0.0015,1.95
397,1.222,0.0,0.0,0.0,0.0,1.95
398,1.2225,0.5,0.1,0.0,0.0015,1.95
399,1.222,0.0,0.0,0.0,0.0,1.95
400,1.2225,0.5,0.1,0.0,0.0015,1.95
401,1.2225,0.5,0.1,0.0,0.0015,1.95
402,1.222,0.0,0.0,0.0,0.0,1.95
403,1.2225,0.5,0.1,0.0,0.0015,1.95
404,1.222,0.0,0.0,0.0,0.0,1.95
405,1.222,0.0,0.0,0.0,0.0,1.95
406,1.222,0.0,0.0,0.0,0.0,1.95
407,1.222,0.0,0.0,0.0,0.0,1.95
408,1.222,0.0,0.0,0.0,0.0,1.95
409,1.2225,0.5,0.1,0.0,0.0015,1.95
410,1.2225,0.5,0.1,0.0,0.0015,1.95
411,1.222,0.0,0.0,0.0,0.0,1.95
412,1.222,0.0,0.0,0.0,0.0,1.95
413,1.222,0.0,0.0,0.0,0.0,1.95
414,1.2225,0.5,0.1,0.0,0.0015,1.95
415,1.2225,0.5,0.1,0.0,0.0015,1.95
416,1.222,0.0,0.0,0.0,0.0,1.95
417,1.222,0.0,0.0,0.0,0.0,1.95
418,1.2225,0.5,0.1,0.0,0.0015,1.95
419,1.222,0.0,0.0,0.0,0.0,1.95
420,1.222,0.0,0.0,0.0,0.0,1.95
421,1.222,0.0,0.0,0.0,0.0,1.95
422,1.2225,0.5,0.1,0.0,0.0015,1.95
423,1.222,0.0,0.0,0.0,0.0,1.95
424,1.2225,0.5,0.1,0.0,0.0015,1.95
425,1.2225,0.5,0.1,0.0,0.0015,1.95
426,1.2225,0.5,0.1,0.0,0.0015,1.95
427,1.222,0.0,0.0,0.0,0.0,1.95
428,1.222,0.0,0.0,0.0,0.0,1.95
429,1.2225,0.5,0.1,0.0,0.0015,1.95
430,1.2225,0.5,0.1,0.0,0.0015,1.95
431,1.222,0.0,0.0,0.0,0.0,1.95
432,1.2225,0.5,0.1,0.0,0.0015,1.95
433,1.2225,0.5,0.1,0.0,0.0015,1.95
434,1.222,0.0,0.0,0.0,0.0,1.95
435,1.2225,0.5,0.1,0.0,0.0015,1.95
436,1.222,0.0,0.0,0.0,0.0,1.95
437,1.2225,0.5,0.1,0.0,0.0015,1.95
438,1.2225,0.5,0.1,0.0,0.0015,1.95
439,1.222,0.0,0.0,0.0,0.0,1.95
440,1.222,0.0,0.0,0.0,0.0,1.95
441,1.222,0.0,0.0,0.0,0.0,1.95
442,1.2225,0.5,0.1,0.0,0.0015,1.95
443,1.2225,0.5,0.1,0.0,0.0015,1.95
444,1.2225,0.5,0.1,0.0,0.0015,1.95
445,1.2225,0.5,0.1,0.0,0.0015,1.95
446,1.222,0.0,0.0,0.0,0.0,1.95
447,1.2225,0.5,0.1,0.0,0.0015,1.95
448,1.222,0.0,0.0,0.0,0.0,1.95
449,1.2225,0.5,0.1,0.0,0.0015,1.95
450,1.2225,0.5,0.1,0.0,0.0015,1.95
451,1.222,0.0,0.0,0.0,0.0,1.95
452,1.2225,0.5,0.1,0.0,0.0015,1.95
453,1.2225,0.5,0.1,0.0,0.0015,1.95
454,1.2225,0.5,0.1,0.0,0.0015,1.95
455,1.222,0.0,0.0,0.0,0.0,1.95
456,1.222,0.0,0.0,0.0,0.0,1.95
457,1.222,0.0,0.0,0.0,0.0,1.95
458,1.2225,0.5,0.1,0.0,0.0015,1.95
459,1.2225,0.5,0.1,0.0,0.0015,1.95
460,1.222,0.0,0.0,0.0,0.0,1.95
461,1.222,0.0,0.0,0.0,0.0,1.95
462,1.2225,0.5,0.1,0.0,0.0015,1.95
463,1.222,0.0,0.0,0.0,0.0,1.95
464,1.2225,0.5,0.1,0.0,0.0015,1.95
465,1.222,0.0,0.0,0.0,0.0,1.95
466,1.222,0.0,0.0,0.0,0.0,1.95
467,1.2225,0.5,0.1,0.0,0.0015,1.95
468,1.2225,0.5,0.1,0.0,0.0015,1.95
469,1.2225,0.5,0.1,0.0,0.0015,1.95
470,1.222,0.0,0.0,0.0,0.0,1.95
471,1.222,0.0,0.0,0.0,0.0,1.95
472,1.2225,0.5,0.1,0.0,0.0015,1.95
473,1.222,0.0,0.0,0.0,0.0,1.95
474,1.2225,0.5,0.1,0.0,0.0015,1.95
475,1.2225,0.5,0.1,0.0,0.0015,1.95
476,1.222,0.0,0.0,0.0,0.0,1.95
477,1.2225,0.5,0.1,0.0,0.0015,1.95
478,1.2225,0.5,0.1,0.0,0.0015,1.95
479,1.2225,0.5,0.1,0.0,0.0015,1.95
480,1.222,0.0,0.0,0.0,0.0,1.95
481,1.2225,0.5,0.1,0.0,0.0015,1.95
482,1.222,0.0,0.0,0.0,0.0,1.95
483,1.222,0.0,0.0,0.0,0.0,1.95
484,1.2225,0.5,0.1,0.0,0.0015,1.95
485,1.2225,0.5,0.1,0.0,0.0015,1.95
486,1.2225,0.5,0.1,0.0,0.0015,1.95
487,1.222,0.0,0.0,0.0,0.0,1.95
488,1.222,0.0,0.0,0.0,0.0,1.95
489,1.2225,0.5,0.1,0.0,0.0015,1.95
490,1.2225,0.5,0.1,0.0,0.0015,1.95
491,1.222,0.0,0.0,0.0,0.0,1.95
492,1.222,0.0,0.0,0.0,0.0,1.95
493,1.222,0.0,0.0,0.0,0.0,1.95
494,1.222,0.0,0.0,0.0,0.0,1.95
495,1.222,0.0,0.0,0.0,0.0,1.95
496,1.2225,0.5,0.1,0.0,0.0015,1.95
497,1.222,0.0,0.0,0.0,0.0,1.95
498,1.2225,0.5,0.1,0.0,0.0015,1.95
499,1.222,0.0,0.0,0.0,0.0,1.95
500,1.2225,0.5,0.1,0.0,0.0015,1.95
501,1.222,0.0,0.0,0.0,0.0,1.95
502,1.2225,0.5,0.1,0.0,0.0015,1.95
503,1.222,0.0,0.0,0.0,0.0,1.95
504,1.2225,0.5,0.1,0.0,0.0015,1.95
505,1.2225,0.5,0.1,0.0,0.0015,1.95
506,1.222,0.0,0.0,0.0,0.0,1.95
507,1.2225,0.5,0.1,0.0,0.0015,1.95
508,1.2225,0.5,0.1,0.0,0.0015,1.95
509,1.2225,0.5,0.1,0.0,0.0015,1.95
510,1.2225,0.5,0.1,0.0,0.0015,1.95
511,1.222,0.0,0.0,0.0,0.0,1.95
512,1.222,0.0,0.0,0.0,0.0,1.95
513,1.2225,0.5,0.1,0.0,0.0015,1.95
514,1.2225,0.5,0.1,0.0,0.0015,1.95
515,1.222,0.0,0.0,0.0,0.0,1.95
516,1.2225,0.5,0.1,0.0,0.0015,1.95
517,1.222,0.0,0.0,0.0,0.0,1.95
518,1.222,0.0,0.0,0.0,0.0,1.95
519,1.2225,0.5,0.1,0.0,0.0015,1.95
520,1.2225,0.5,0.1,0.0,0.0015,1.95
521,1.2225,0.5,0.1,0.0,0.0015,1.95
522,1.222,0.0,0.0,0.0,0.0,1.95
523,1.222,0.0,0.0,0.0,0.0,1.95
524,1.222,0.0,0.0,0.0,0.0,1.95
525,1.222,0.0,0.0,0.0,0.0,1.95
526,1.222,0.0,0.0,0.0,0.0,1.95
527,1.222,0.0,0.0,0.0,0.0,1.95
528,1.222,0.0,0.0,0.0,0.0,1.95
529,1.222,0.0,0.0,0.0,0.0,1.95
530,1.2225,0.5,0.1,0.0,0.0015,1.95
531,1.222,0.0,0.0,0.0,0.0,1.95
532,1.2225,0.5,0.1,0.0,0.0015,1.95
533,1.2225,0.5,0.1,0.0,0.0015,1.95
534,1.2225,0.5,0.1,0.0,0.0015,1.95
535,1.222,0.0,0.0,0.0,0.0,1.95
536,1.222,0.0,0.0,0.0,0.0,1.95
537,1.222,0.0,0.0,0.0,0.0,1.95
538,1.2225,0.5,0.1,0.0,0.0015,1.95
539,1.222,0.0,0.0,0.0,0.0,1.95
540,1.2225,0.5,0.1,0.0,0.0015,1.95
541,1.222,0.0,0.0,0.0,0.0,1.95
542,1.222,0.0,0.0,0.0,0.0,1.95
543,1.222,0.0,0.0,0.0,0.0,1.95
544,1.222,0.0,0.0,0.0,0.0,1.95
545,1.222,0.0,0.0,0.0,0.0,1.95
546,1.2225,0.5,0.1,0.0,0.0015,1.95
547,1.222,0.0,0.0,0.0,0.0,1.95
548,1.222,0.0,0.0,0.0,0.0,1.95
549,1.2225,0.5,0.1,0.0,0.0015,1.95
550,1.222,0.0,0.0,0.0,0.0,1.95
551,1.2225,0.5,0.1,0.0,0.0015,1.95
552,1.222,0.0,0.0,0.0,0.0,1.95
553,1.222,0.0,0.0,0.0,0.0,1.95
554,1.222,0.0,0.0,0.0,0.0,1.95
555,1.2225,0.5,0.1,0.0,0.0015,1.95
556,1.2225,0.5,0.1,0.0,0.0015,1.95
557,1.222,0.0,0.0,0.0,0.0,1.95
558,1.222,0.0,0.0,0.0,0.0,1.95
559,1.222,0.0,0.0,0.0,0.0,1.95
560,1.2225,0.5,0.1,0.0,0.0015,1.95
561,1.2225,0.5,0.1,0.0,0.0015,1.95
562,1.222,0.0,0.0,0.0,0.0,1.95
563,1.222,0.0,0.0,0.0,0.0,1.95
564,1.222,0.0,0.0,0.0,0.0,1.95
565,1.2225,0.5,0.1,0.0,0.0015,1.95
566,1.222,0.0,0.0,0.0,0.0,1.95
567,1.222,0.0,0.0,0.0,0.0,1.95
568,1.2225,0.5,0.1,0.0,0.0015,1.95
569,1.2225,0.5,0.1,0.0,0.0015,1.95
570,1.222,0.0,0.0,0.0,0.0,1.95
571,1.222,0.0,0.0,0.0,0.0,1.95
572,1.2225,0.5,0.1,0.0,0.0015,1.95
573,1.2225,0.5,0.1,0.0,0.0015,1.95
574,1.2225,0.5,0.1,0.0,0.0015,1.95
575,1.2225,0.5,0.1,0.0,0.0015,1.95
576,1.2225,0.5,0.1,0.0,0.0015,1.95
577,1.222,0.0,0.0,0.0,0.0,1.95
578,1.222,0.0,0.0,0.0,0.0,1.95
579,1.222,0.0,0.0,0.0,0.0,1.95
580,1.222,0.0,0.0,0.0,0.0,1.95
581,1.222,0.0,0.0,0.0,0.0,1.95
582,1.222,0.0,0.0,0.0,0.0,1.95
583,1.2225,0.5,0.1,0.0,0.0015,1.95
584,1.222,0.0,0.0,0.0,0.0,1.95
585,1.222,0.0,0.0,0.0,0.0,1.95
586,1.2225,0.5,0.1,0.0,0.0015,1.95
587,1.222,0.0,0.0,0.0,0.0,1.95
588,1.222,0.0,0.0,0.0,0.0,1.95
589,1.222,0.0,0.0,0.0,0.0,1.95
590,1.222,0.0,0.0,0.0,0.0,1.95
591,1.222,0.0,0.0,0.0,0.0,1.95
592,1.2225,0.5,0.1,0.0,0.0015,1.95
593,1.2225,0.5,0.1,0.0,0.0015,1.95
594,1.2225,0.5,0.1,0.0,0.0015,1.95
595,1.222,0.0,0.0,0.0,0.0,1.95
596,1.2225,0.5,0.1,0.0,0.0015,1.95
597,1.222,0.0,0.0,0.0,0.0,1.95
598,1.2225,0.5,0.1,0.0,0.0015,1.95
599,1.2225,0.5,0.1,0.0,0.0015,1.95
600,1.222,0.0,0.0,0.0,0.0,1.95
601,1.2225,0.5,0.1,0.0,0.0015,1.95
602,1.222,0.0,0.0,0.0,0.0,1.95
603,1.2225,0.5,0.1,0.0,0.0015,1.95
604,1.2225,0.5,0.1,0.0,0.0015,1.95
605,1.2225,0.5,0.1,0.0,0.0015,1.95
606,1.222,0.0,0.0,0.0,0.0,1.95
607,1.2225,0.5,0.1,0.0,0.0015,1.95
608,1.222,0.0,0.0,0.0,0.0,1.95
609,1.2225,0.5,0.1,0.0,0.0015,1.95
610,1.222,0.0,0.0,0.0,0.0,1.95
611,1.222,0.0,0.0,0.0,0.0,1.95
612,1.2225,0.5,0.1,0.0,0.0015,1.95
613,1.2225,0.5,0.1,0.0,0.0015,1.95
614,1.2225,0.5,0.1,0.0,0.0015,1.95
615,1.222,0.0,0.0,0.0,0.0,1.95
616,1.2225,0.5,0.1,0.0,0.0015,1.95
617,1.222,0.0,0.0,0.0,0.0,1.95
618,1.222,0.0,0.0,0.0,0.0,1.95
619,1.2225,0.5,0.1,0.0,0.0015,1.95
620,1.222,0.0,0.0,0.0,0.0,1.95
621,1.222,0.0,0.0,0.0,0.0,1.95
622,1.222,0.0,0.0,0.0,0.0,1.95
623,1.2225,0.5,0.1,0.0,0.0015,1.95
624,1.222,0.0,0.0,0.0,0.0,1.95
625,1.2225,0.5,0.1,0.0,0.0015,1.95
626,1.2225,0.5,0.1,0.0,0.0015,1.95
627,1.222,0.0,0.0,0.0,0.0,1.95
628,1.222,0.0,0.0,0.0,0.0,1.95
629,1.2225,0.5,0.1,0.0,0.0015,1.95
630,1.222,0.0,0.0,0.0,0.0,1.95
631,1.2225,0.5,0.1,0.0,0.0015,1.95
632,1.2225,0.5,0.1,0.0,0.0015,1.95
633,1.2225,0.5,0.1,0.0,0.0015,1.95
634,1.222,0.0,0.0,0.0,0.0,1.95
635,1.2225,0.5,0.1,0.0,0.0015,1.95
636,1.2225,0.5,0.1,0.0,0.0015,1.95
637,1.2225,0.5,0.1,0.0,0.0015,1.95
638,1.222,0.0,0.0,0.0,0.0,1.95
639,1.2225,0.5,0.1,0.0,0.0015,1.95
640,1.222,0.0,0.0,0.0,0.0,1.95
641,1.222,0.0,0.0,0.0,0.0,1.95
642,1.2225,0.5,0.1,0.0,0.0015,1.95
643,1.222,0.0,0.0,0.0,0.0,1.95
644,1.2225,0.5,0.1,0.0,0.0015,1.95
645,1.222,0.0,0.0,0.0,0.0,1.95
646,1.222,0.0,0.0,0.0,0.0,1.95
647,1.222,0.0,0.0,0.0,0.0,1.95
648,1.222,0.0,0.0,0.0,0.0,1.95
649,1.222,0.0,0.0,0.0,0.0,1.95
650,1.222,0.0,0.0,0.0,0.0,1.95
651,1.2225,0.5,0.1,0.0,0.0015,1.95
652,1.222,0.0,0.0,0.0,0.0,1.95
653,1.2225,0.5,0.1,0.0,0.0015,1.95
654,1.2225,0.5,0.1,0.0,0.0015,1.95
655,1.222,0.0,0.0,0.0,0.0,1.95
656,1.2225,0.5,0.1,0.0,0.0015,1.95
657,1.2225,0.5,0.1,0.0,0.0015,1.95
658,1.2225,0.5,0.1,0.0,0.0015,1.95
659,1.222,0.0,0.0,0.0,0.0,1.95
660,1.222,0.0,0.0,0.0,0.0,1.95
661,1.2225,0.5,0.1,0.0,0.0015,1.95
662,1.2225,0.5,0.1,0.0,0.0015,1.95
663,1.2225,0.5,0.1,0.0,0.0015,1.95
664,1.2225,0.5,0.1,0.0,0.0015,1.95
665,1.2225,0.5,0.1,0.0,0.0015,1.95
666,1.222,0.0,0.0,0.0,0.0,1.95
667,1.222,0.0,0.0,0.0,0.0,1.95
668,1.2225,0.5,0.1,0.0,0.0015,1.95
669,1.222,0.0,0.0,0.0,0.0,1.95
670,1.2225,0.5,0.1,0.0,0.0015,1.95
671,1.222,0.0,0.0,0.0,0.0,1.95
672,1.2225,0.5,0.1,0.0,0.0015,1.95
673,1.222,0.0,0.0,0.0,0.0,1.95
674,1.222,0.0,0.0,0.0,0.0,1.95
675,1.2225,0.5,0.1,0.0,0.0015,1.95
676,1.222,0.0,0.0,0.0,0.0,1.95
677,1.2225,0.5,0.1,0.0,0.0015,1.95
678,1.222,0.0,0.0,0.0,0.0,1.95
679,1.222,0.0,0.0,0.0,0.0,1.95
680,1.2225,0.5,0.1,0.0,0.0015,1.95
681,1.222,0.0,0.0,0.0,0.0,1.95
682,1.2225,0.5,0.1,0.0,0.0015,1.95
683,1.2225,0.5,0.1,0.0,0.0015,1.95
684,1.2225,0.5,0.1,0.0,0.0015,1.95
685,1.222,0.0,0.0,0.0,0.0,1.95
686,1.2225,0.5,0.1,0.0,0.0015,1.95
687,1.222,0.0,0.0,0.0,0.0,1.95
688,1.222,0.0,0.0,0.0,0.0,1.95
689,1.222,0.0,0.0,0.0,0.0,1.95
690,1.222,0.0,0.0,0.0,0.0,1.95
691,1.222,0.0,0.0,0.0,0.0,1.95
692,1.222,0.0,0.0,0.0,0.0,1.95
693,1.2225,0.5,0.1,0.0,0.0015,1.95
694,1.222,0.0,0.0,0.0,0.0,1.95
695,1.222,0.0,0.0,0.0,0.0,1.95
696,1.222,0.0,0.0,0.0,0.0,1.95
697,1.2225,0.5,0.1,0.0,0.0015,1.95
698,1.2225,0.5,0.1,0.0,0.0015,1.95
699,1.2225,0.5,0.1,0.0,0.0015,1.95
700,1.2225,0.5,0.1,0.0,0.0015,1.95
701,1.222,0.0,0.0,0.0,0.0,1.95
702,1.2225,0.5,0.1,0.0,0.0015,1.95
703,1.222,0.0,0.0,0.0,0.0,1.95
704,1.222,0.0,0.0,0.0,0.0,1.95
705,1.222,0.0,0.0,0.0,0.0,1.95
706,1.2225,0.5,0.1,0.0,0.0015,1.95
707,1.2225,0.5,0.1,0.0,0.0015,1.95
708,1.2225,0.5,0.1,0.0,0.0015,1.95
709,1.222,0.0,0.0,0.0,0.0,1.95
710,1.2225,0.5,0.1,0.0,0.0015,1.95
711,1.2225,0.5,0.1,0.0,0.0015,1.95
712,1.2225,0.5,0.1,0.0,0.0015,1.95
713,1.222,0.0,0.0,0.0,0.0,1.95
714,1.222,0.0,0.0,0.0,0.0,1.95
715,1.222,0.0,0.0,0.0,0.0,1.95
716,1.2225,0.5,0.1,0.0,0.0015,1.95
717,1.2225,0.5,0.1,0.0,0.0015,1.95
718,1.222,0.0,0.0,0.0,0.0,1.95
719,1.2225,0.5,0.1,0.0,0.0015,1.95
720,1.222,0.0,0.0,0.0,0.0,1.95
721,1.222,0.0,0.0,0.0,0.0,1.95
722,1.2225,0.5,0.1,0.0,0.0015,1.95
723,1.2225,0.5,0.1,0.0,0.0015,1.95
724,1.2225,0.5,0.1,0.0,0.0015,1.95
725,1.2225,0.5,0.1,0.0,0.0015,1.95
726,1.2225,0.5,0.1,0.0,0.0015,1.95
727,1.222,0.0,0.0,0.0,0.0,1.95
728,1.2225,0.5,0.1,0.0,0.0015,1.95
729,1.2225,0.5,0.1,0.0,0.0015,1.95
730,1.2225,0.5,0.1,0.0,0.0015,1.95
731,1.2225,0.5,0.1,0.0,0.0015,1.95
732,1.222,0.0,0.0,0.0,0.0,1.95
733,1.2225,0.5,0.1,0.0,0.0015,1.95
734,1.222,0.0,0.0,0.0,0.0,1.95
735,1.222,0.0,0.0,0.0,0.0,1.95
736,1.2225,0.5,0.1,0.0,0.0015,1.95
737,1.2225,0.5,0.1,0.0,0.0015,1.95
738,1.2225,0.5,0.1,0.0,0.0015,1.95
739,1.222,0.0,0.0,0.0,0.0,1.95
740,1.222,0.0,0.0,0.0,0.0,1.95
741,1.2225,0.5,0.1,0.0,0.0015,1.95
742,1.222,0.0,0.0,0.0,0.0,1.95
743,1.2225,0.5,0.1,0.0,0.0015,1.95
744,1.2225,0.5,0.1,0.0,0.0015,1.95
745,1.2225,0.5,0.1,0.0,0.0015,1.95
746,1.2225,0.5,0.1,0.0,0.0015,1.95
747,1.2225,0.5,0.1,0.0,0.0015,1.95
748,1.2225,0.5,0.1,0.0,0.0015,1.95
749,1.2225,0.5,0.1,0.0,0.0015,1.95
750,1.2225,0.5,0.1,0.0,0.0015,1.95
751,1.222,0.0,0.0,0.0,0.0,1.95
752,1.2225,0.5,0.1,0.0,0.0015,1.95
753,1.2225,0.5,0.1,0.0,0.0015,1.95
754,1.2225,0.5,0.1,0.0,0.0015,1.95
755,1.222,0.0,0.0,0.0,0.0,1.95
756,1.222,0.0,0.0,0.0,0.0,1.95
757,1.222,0.0,0.0,0.0,0.0,1.95
758,1.222,0.0,0.0,0.0,0.0,1.95
759,1.222,0.0,0.0,0.0,0.0,1.95
760,1.2225,0.5,0.1,0.0,0.0015,1.95
761,1.222,0.0,0.0,0.0,0.0,1.95
762,1.222,0.0,0.0,0.0,0.0,1.95
763,1.222,0.0,0.0,0.0,0.0,1.95
764,1.2225,0.5,0.1,0.0,0.0015,1.95
765,1.2225,0.5,0.1,0.0,0.0015,1.95
766,1.222,0.0,0.0,0.0,0.0,1.95
767,1.2225,0.5,0.1,0.0,0.0015,1.95
768,1.222,0.0,0.0,0.0,0.0,1.95
769,1.222,0.0,0.0,0.0,0.0,1.95
770,1.222,0.0,0.0,0.0,0.0,1.95
771,1.222,0.0,0.0,0.0,0.0,1.95
772,1.222,0.0,0.0,0.0,0.0,1.95
773,1.2225,0.5,0.1,0.0,0.0015,1.95
774,1.2225,0.5,0.1,0.0,0.0015,1.95
775,1.222,0.0,0.0,0.0,0.0,1.95
776,1.2225,0.5,0.1,0.0,0.0015,1.95
777,1.2225,0.5,0.1,0.0,0.0015,1.95
778,1.2225,0.5,0.1,0.0,0.0015,1.95
779,1.222,0.0,0.0,0.0,0.0,1.95
780,1.222,0.0,0.0,0.0,0.0,1.95
781,1.2225,0.5,0.1,0.0,0.0015,1.95
782,1.222,0.0,0.0,0.0,0.0,1.95
783,1.222,0.0,0.0,0.0,0.0,1.95
784,1.2225,0.5,0.1,0.0,0.0015,1.95
785,1.2225,0.5,0.1,0.0,0.0015,1.95
786,1.222,0.0,0.0,0.0,0.0,1.95
787,1.2225,0.5,0.1,0.0,0.0015,1.95
788,1.222,0.0,0.0,0.0,0.0,1.95
789,1.222,0.0,0.0,0.0,0.0,1.95
790,1.222,0.0,0.0,0.0,0.0,1.95
791,1.2225,0.5,0.1,0.0,0.0015,1.95
792,1.222,0.0,0.0,0.0,0.0,1.95
793,1.2225,0.5,0.1,0.0,0.0015,1.95
794,1.222,0.0,0.0,0.0,0.0,1.95
795,1.222,0.0,0.0,0.0,0.0,1.95
796,1.222,0.0,0.0,0.0,0.0,1.95
797,1.2225,0.5,0.1,0.0,0.0015,1.95
798,1.2225,0.5,0.1,0.0,0.0015,1.95
799,1.2225,0.5,0.1,0.0,0.0015,1.95
800,1.2225,0.5,0.1,0.0,0.0015,1.95
801,1.2225,0.5,0.1,0.0,0.0015,1.95
802,1.2225,0.5,0.1,0.0,0.0015,1.95
803,1.222,0.0,0.0,0.0,0.0,1.95
804,1.222,0.0,0.0,0.0,0.0,1.95
805,1.2225,0.5,0.1,0.0,0.0015,1.95
806,1.222,0.0,0.0,0.0,0.0,1.95
807,1.2225,0.5,0.1,0.0,0.0015,1.95
808,1.2225,0.5,0.1,0.0,0.0015,1.95
809,1.222,0.0,0.0,0.0,0.0,1.95
810,1.222,0.0,0.0,0.0,0.0,1.95
811,1.2225,0.5,0.1,0.0,0.0015,1.95
812,1.222,0.0,0.0,0.0,0.0,1.95
813,1.2225,0.5,0.1,0.0,0.0015,1.95
814,1.222,0.0,0.0,0.0,0.0,1.95
815,1.222,0.0,0.0,0.0,0.0,1.95
816,1.222,0.0,0.0,0.0,0.0,1.95
817,1.2225,0.5,0.1,0.0,0.0015,1.95
818,1.222,0.0,0.0,0.0,0.0,1.95
819,1.222,0.0,0.0,0.0,0.0,1.95
820,1.2225,0.5,0.1,0.0,0.0015,1.95
821,1.2225,0.5,0.1,0.0,0.0015,1.95
822,1.222,0.0,0.0,0.0,0.0,1.95
823,1.222,0.0,0.0,0.0,0.0,1.95
824,1.222,0.0,0.0,0.0,0.0,1.95
825,1.2225,0.5,0.1,0.0,0.0015,1.95
826,1.222,0.0,0.0,0.0,0.0,1.95
827,1.222,0.0,0.0,0.0,0.0,1.95
828,1.2225,0.5,0.1,0.0,0.0015,1.95
829,1.2225,0.5,0.1,0.0,0.0015,1.95
830,1.2225,0.5,0.1,0.0,0.0015,1.95
831,1.2225,0.5,0.1,0.0,0.0015,1.95
832,1.2225,0.5,0.1,0.0,0.0015,1.95
833,1.2225,0.5,0.1,0.0,0.0015,1.95
834,1.2225,0.5,0.1,0.0,0.0015,1.95
835,1.222,0.0,0.0,0.0,0.0,1.95
836,1.2225,0.5,0.1,0.0,0.0015,1.95
837,1.222,0.0,0.0,0.0,0.0,1.95
838,1.2225,0.5,0.1,0.0,0.0015,1.95
839,1.2225,0.5,0.1,0.0,0.0015,1.95
840,1.222,0.0,0.0,0.0,0.0,1.95
841,1.2225,0.5,0.1,0.0,0.0015,1.95
842,1.2225,0.5,0.1,0.0,0.0015,1.95
843,1.222,0.0,0.0,0.0,0.0,1.95
844,1.222,0.0,0.0,0.0,0.0,1.95
845,1.222,0.0,0.0,0.0,0.0,1.95
846,1.2225,0.5,0.1,0.0,0.0015,1.95
847,1.2225,0.5,0.1,0.0,0.0015,1.95
848,1.2225,0.5,0.1,0.0,0.0015,1.95
849,1.2225,0.5,0.1,0.0,0.0015,1.95
850,1.2225,0.5,0.1,0.0,0.0015,1.95
851,1.222,0.0,0.0,0.0,0.0,1.95
852,1.2225,0.5,0.1,0.0,0.0015,1.95
853,1.222,0.0,0.0,0.0,0.0,1.95
854,1.2225,0.5,0.1,0.0,0.0015,1.95
855,1.2225,0.5,0.1,0.0,0.0015,1.95
856,1.222,0.0,0.0,0.0,0.0,1.95
857,1.222,0.0,0.0,0.0,0.0,1.95
858,1.2225,0.5,0.1,0.0,0.0015,1.95
859,1.2225,0.5,0.1,0.0,0.0015,1.95
860,1.2225,0.5,0.1,0.0,0.0015,1.95
861,1.222,0.0,0.0,0.0,0.0,1.95
862,1.2225,0.5,0.1,0.0,0.0015,1.95
863,1.2225,0.5,0.1,0.0,0.0015,1.95
864,1.2225,0.5,0.1,0.0,0.0015,1.95
865,1.2225,0.5,0.1,0.0,0.0015,1.95
866,1.222,0.0,0.0,0.0,0.0,1.95
867,1.222,0.0,0.0,0.0,0.0,1.95
868,1.2225,0.5,0.1,0.0,0.0015,1.95
869,1.2225,0.5,0.1,0.0,0.0015,1.95
870,1.2225,0.5,0.1,0.0,0.0015,1.95
871,1.2225,0.5,0.1,0.0,0.0015,1.95
872,1.2225,0.5,0.1,0.0,0.0015,1.95
873,1.222,0.0,0.0,0.0,0.0,1.95
874,1.2225,0.5,0.1,0.0,0.0015,1.95
875,1.2225,0.5,0.1,0.0,0.0015,1.95
876,1.2225,0.5,0.1,0.0,0.0015,1.95
877,1.222,0.0,0.0,0.0,0.0,1.95
878,1.222,0.0,0.0,0.0,0.0,1.95
879,1.2225,0.5,0.1,0.0,0.0015,1.95
880,1.2225,0.5,0.1,0.0,0.0015,1.95
881,1.222,0.0,0.0,0.0,0.0,1.95
882,1.222,0.0,0.0,0.0,0.0,1.95
883,1.222,0.0,0.0,0.0,0.0,1.95
884,1.2225,0.5,0.1,0.0,0.0015,1.95
885,1.2225,0.5,0.1,0.0,0.0015,1.95
886,1.222,0.0,0.0,0.0,0.0,1.95
887,1.222,0.0,0.0,0.0,0.0,1.95
888,1.2225,0.5,0.1,0.0,0.0015,1.95
889,1.222,0.0,0.0,0.0,0.0,1.95
890,1.2225,0.5,0.1,0.0,0.0015,1.95
891,1.2225,0.5,0.1,0.0,0.0015,1.95
892,1.2225,0.5,0.1,0.0,0.0015,1.95
893,1.222,0.0,0.0,0.0,0.0,1.95
894,1.222,0.0,0.0,0.0,0.0,1.95
895,1.2225,0.5,0.1,0.0,0.0015,1.95
896,1.222,0.0,0.0,0.0,0.0,1.95
897,1.2225,0.5,0.1,0.0,0.0015,1.95
898,1.222,0.0,0.0,0.0,0.0,1.95
899,1.222,0.0,0.0,0.0,0.0,1.95
900,1.222,0.0,0.0,0.0,0.0,1.95
901,1.2225,0.5,0.1,0.0,0.0015,1.95
902,1.222,0.0,0.0,0.0,0.0,1.95
903,1.222,0.0,0.0,0.0,0.0,1.95
904,1.222,0.0,0.0,0.0,0.0,1.95
905,1.222,0.0,0.0,0.0,0.0,1.95
906,1.2225,0.5,0.1,0.0,0.0015,1.95
907,1.2225,0.5,0.1,0.0,0.0015,1.95
908,1.222,0.0,0.0,0.0,0.0,1.95
909,1.222,0.0,0.0,0.0,0.0,1.95
910,1.2225,0.5,0.1,0.0,0.0015,1.95
911,1.222,0.0,0.0,0.0,0.0,1.95
912,1.222,0.0,0.0,0.0,0.0,1.95
913,1.222,0.0,0.0,0.0,0.0,1.95
914,1.2225,0.5,0.1,0.0,0.0015,1.95
915,1.2225,0.5,0.1,0.0,0.0015,1.95
916,1.2225,0.5,0.1,0.0,0.0015,1.95
917,1.222,0.0,0.0,0.0,0.0,1.95
918,1.2225,0.5,0.1,0.0,0.0015,1.95
919,1.222,0.0,0.0,0.0,0.0,1.95
920,1.2225,0.5,0.1,0.0,0.0015,1.95
921,1.222,0.0,0.0,0.0,0.0,1.95
922,1.222,0.0,0.0,0.0,0.0,1.95
923,1.222,0.0,0.0,0.0,0.0,1.95
924,1.2225,0.5,0.1,0.0,0.0015,1.95
925,1.222,0.0,0.0,0.0,0.0,1.95
926,1.2225,0.5,0.1,0.0,0.0015,1.95
927,1.222,0.0,0.0,0.0,0.0,1.95
928,1.222,0.0,0.0,0.0,0.0,1.95
929,1.2225,0.5,0.1,0.0,0.0015,1.95
930,1.222,0.0,0.0,0.0,0.0,1.95
931,1.222,0.0,0.0,0.0,0.0,1.95
932,1.222,0.0,0.0,0.0,0.0,1.95
933,1.2225,0.5,0.1,0.0,0.0015,1.95
934,1.2225,0.5,0.1,0.0,0.0015,1.95
935,1.222,0.0,0.0,0.0,0.0,1.95
936,1.222,0.0,0.0,0.0,0.0,1.95
937,1.2225,0.5,0.1,0.0,0.0015,1.95
938,1.2225,0.5,0.1,0.0,0.0015,1.95
939,1.2225,0.5,0.1,0.0,0.0015,1.95
940,1.2225,0.5,0.1,0.0,0.0015,1.95
941,1.222,0.0,0.0,0.0,0.0,1.95
942,1.222,0.0,0.0,0.0,0.0,1.95
943,1.2225,0.5,0.1,0.0,0.0015,1.95
944,1.222,0.0,0.0,0.0,0.0,1.95
945,1.2225,0.5,0.1,0.0,0.0015,1.95
946,1.222,0.0,0.0,0.0,0.0,1.95
947,1.222,0.0,0.0,0.0,0.0,1.95
948,1.222,0.0,0.0,0.0,0.0,1.95
949,1.2225,0.5,0.1,0.0,0.0015,1.95
950,1.2225,0.5,0.1,0.0,0.0015,1.95
951,1.222,0.0,0.0,0.0,0.0,1.95
952,1.2225,0.5,0.1,0.0,0.0015,1.95
953,1.222,0.0,0.0,0.0,0.0,1.95
954,1.2225,0.5,0.1,0.0,0.0015,1.95
955,1.222,0.0,0.0,0.0,0.0,1.95
956,1.2225,0.5,0.1,0.0,0.0015,1.95
957,1.2225,0.5,0.1,0.0,0.0015,1.95
958,1.2225,0.5,0.1,0.0,0.0015,1.95
959,1.222,0.0,0.0,0.0,0.0,1.95
960,1.222,0.0,0.0,0.0,0.0,1.95
961,1.222,0.0,0.0,0.0,0.0,1.95
962,1.222,0.0,0.0,0.0,0.0,1.95
963,1.2225,0.5,0.1,0.0,0.0015,1.95
964,1.2225,0.5,0.1,0.0,0.0015,1.95
965,1.2225,0.5,0.1,0.0,0.0015,1.95
966,1.222,0.0,0.0,0.0,0.0,1.95
967,1.222,0.0,0.0,0.0,0.0,1.95
968,1.2225,0.5,0.1,0.0,0.0015,1.95
969,1.222,0.0,0.0,0.0,0.0,1.95
970,1.222,0.0,0.0,0.0,0.0,1.95
971,1.2225,0.5,0.1,0.0,0.0015,1.95
972,1.2225,0.5,0.1,0.0,0.0015,1.95
973,1.222,0.0,0.0,0.0,0.0,1.95
974,1.222,0.0,0.0,0.0,0.0,1.95
975,1.222,0.0,0.0,0.0,0.0,1.95
976,1.222,0.0,0.0,0.0,0.0,1.95
977,1.222,0.0,0.0,0.0,0.0,1.95
978,1.2225,0.5,0.1,0.0,0.0015,1.95
979,1.2225,0.5,0.1,0.0,0.0015,1.95
980,1.2225,0.5,0.1,0.0,0.0015,1.95
981,1.222,0.0,0.0,0.0,0.0,1.95
982,1.222,0.0,0.0,0.0,0.0,1.95
983,1.2225,0.5,0.1,0.0,0.0015,1.95
984,1.2225,0.5,0.1,0.0,0.0015,1.95
985,1.2225,0.5,0.1,0.0,0.0015,1.95
986,1.2225,0.5,0.1,0.0,0.0015,1.95
987,1.222,0.0,0.0,0.0,0.0,1.95
988,1.2225,0.5,0.1,0.0,0.0015,1.95
989,1.222,0.0,0.0,0.0,0.0,1.95
990,1.222,0.0,0.0,0.0,0.0,1.95
991,1.222,0.0,0.0,0.0,0.0,1.95
992,1.222,0.0,0.0,0.0,0.0,1.95
993,1.222,0.0,0.0,0.0,0.0,1.95
994,1.2225,0.5,0.1,0.0,0.0015,1.95
995,1.222,0.0,0.0,0.0,0.0,1.95
996,1.2225,0.5,0.1,0.0,0.0015,1.95
997,1.2225,0.5,0.1,0.0,0.0015,1.95
998,1.222,0.0,0.0,0.0,0.0,1.95
999,1.222,0.0,0.0,0.0,0.0,1.95
1000,1.222,0.0,0.0,0.0,0.0,1.95
1001,1.2225,0.5,0.1,0.0,0.0015,1.95
1002,1.2225,0.5,0.1,0.0,0.0015,1.95
1003,1.222,0.0,0.0,0.0,0.0,1.95
1004,1.222,0.0,0.0,0.0,0.0,1.95
1005,1.222,0.0,0.0,0.0,0.0,1.95
1006,1.222,0.0,0.0,0.0,0.0,1.95
1007,1.2225,0.5,0.1,0.0,0.0015,1.95
1008,1.2225,0.5,0.1,0.0,0.0015,1.95
1009,1.2225,0.5,0.1,0.0,0.0015,1.95
1010,1.222,0.0,0.0,0.0,0.0,1.95
1011,1.2225,0.5,0.1,0.0,0.0015,1.95
1012,1.222,0.0,0.0,0.0,0.0,1.95
1013,1.2225,0.5,0.1,0.0,0.0015,1.95
1014,1.222,0.0,0.0,0.0,0.0,1.95
1015,1.222,0.0,0.0,0.0,0.0,1.95
1016,1.2225,0.5,0.1,0.0,0.0015,1.95
1017,1.222,0.0,0.0,0.0,0.0,1.95
1018,1.222,0.0,0.0,0.0,0.0,1.95
1019,1.222,0.0,0.0,0.0,0.0,1.95
1020,1.2225,0.5,0.1,0.0,0.0015,1.95
1021,1.2225,0.5,0.1,0.0,0.0015,1.95
1022,1.2225,0.5,0.1,0.0,0.0015,1.95
1023,1.2225,0.5,0.1,0.0,0.0015,1.95
1024,1.222,0.0,0.0,0.0,0.0,1.95
1025,1.2225,0.5,0.1,0.0,0.0015,1.95
1026,1.222,0.0,0.0,0.0,0.0,1.95
1027,1.2225,0.5,0.1,0.0,0.0015,1.95
1028,1.2225,0.5,0.1,0.0,0.0015,1.95
1029,1.2225,0.5,0.1,0.0,0.0015,1.95
1030,1.2225,0.5,0.1,0.0,0.0015,1.95
1031,1.2225,0.5,0.1,0.0,0.0015,1.95
1032,1.2225,0.5,0.1,0.0,0.0015,1.95
1033,1.2225,0.5,0.1,0.0,0.0015,1.95
1034,1.2225,0.5,0.1,0.0,0.0015,1.95
1035,1.2225,0.5,0.1,0.0,0.0015,1.95
1036,1.222,0.0,0.0,0.0,0.0,1.95
1037,1.222,0.0,0.0,0.0,0.0,1.95
1038,1.222,0.0,0.0,0.0,0.0,1.95
1039,1.2225,0.5,0.1,0.0,0.0015,1.95
1040,1.2225,0.5,0.1,0.0,0.0015,1.95
1041,1.222,0.0,0.0,0.0,0.0,1.95
1042,1.2225,0.5,0.1,0.0,0.0015,1.95
1043,1.222,0.0,0.0,0.0,0.0,1.95
1044,1.222,0.0,0.0,0.0,0.0,1.95
1045,1.222,0.0,0.0,0.0,0.0,1.95
1046,1.2225,0.5,0.1,0.0,0.0015,1.95
1047,1.2225,0.5,0.1,0.0,0.0015,1.95
1048,1.222,0.0,0.0,0.0,0.0,1.95
1049,1.2225,0.5,0.1,0.0,0.0015,1.95
1050,1.222,0.0,0.0,0.0,0.0,1.95
1051,1.2225,0.5,0.1,0.0,0.0015,1.95
1052,1.2225,0.5,0.1,0.0,0.0015,1.95
1053,1.222,0.0,0.0,0.0,0.0,1.95
1054,1.2225,0.5,0.1,0.0,0.0015,1.95
1055,1.2225,0.5,0.1,0.0,0.0015,1.95
1056,1.222,0.0,0.0,0.0,0.0,1.95
1057,1.222,0.0,0.0,0.0,0.0,1.95
1058,1.222,0.0,0.0,0.0,0.0,1.95
1059,1.222,0.0,0.0,0.0,0.0,1.95
1060,1.222,0.0,0.0,0.0,0.0,1.95
1061,1.2225,0.5,0.1,0.0,0.0015,1.95
1062,1.2225,0.5,0.1,0.0,0.0015,1.95
1063,1.222,0.0,0.0,0.0,0.0,1.95
1064,1.222,0.0,0.0,0.0,0.0,1.95
1065,1.2225,0.5,0.1,0.0,0.0015,1.95
1066,1.2225,0.5,0.1,0.0,0.0015,1.95
1067,1.222,0.0,0.0,0.0,0.0,1.95
1068,1.2225,0.5,0.1,0.0,0.0015,1.95
1069,1.2225,0.5,0.1,0.0,0.0015,1.95
1070,1.222,0.0,0.0,0.0,0.0,1.95
1071,1.2225,0.5,0.1,0.0,0.0015,1.95
1072,1.2225,0.5,0.1,0.0,0.0015,1.95
1073,1.222,0.0,0.0,0.0,0.0,1.95
1074,1.2225,0.5,0.1,0.0,0.0015,1.95
1075,1.222,0.0,0.0,0.0,0.0,1.95
1076,1.2225,0.5,0.1,0.0,0.0015,1.95
1077,1.2225,0.5,0.1,0.0,0.0015,1.95
1078,1.2225,0.5,0.1,0.0,0.0015,1.95
1079,1.222,0.0,0.0,0.0,0.0,1.95
1080,1.2225,0.5,0.1,0.0,0.0015,1.95
1081,1.222,0.0,0.0,0.0,0.0,1.95
1082,1.2225,0.5,0.1,0.0,0.0015,1.95
1083,1.2225,0.5,0.1,0.0,0.0015,1.95
1084,1.2225,0.5,0.1,0.0,0.0015,1.95
1085,1.2225,0.5,0.1,0.0,0.0015,1.95
1086,1.222,0.0,0.0,0.0,0.0,1.95
1087,1.222,0.0,0.0,0.0,0.0,1.95
1088,1.2225,0.5,0.1,0.0,0.0015,1.95
1089,1.222,0.0,0.0,0.0,0.0,1.95
1090,1.222,0.0,0.0,0.0,0.0,1.95
1091,1.2225,0.5,0.1,0.0,0.0015,1.95
1092,1.222,0.0,0.0,0.0,0.0,1.95
1093,1.222,0.0,0.0,0.0,0.0,1.95
1094,1.222,0.0,0.0,0.0,0.0,1.95
1095,1.222,0.0,0.0,0.0,0.0,1.95
1096,1.222,0.0,0.0,0.0,0.0,1.95
1097,1.222,0.0,0.0,0.0,0.0,1.95
1098,1.222,0.0,0.0,0.0,0.0,1.95
1099,1.2225,0.5,0.1,0.0,0.0015,1.95
1100,1.222,0.0,0.0,0.0,0.0,1.95
1101,1.222,0.0,0.0,0.0,0.0,1.95
1102,1.2225,0.5,0.1,0.0,0.0015,1.95
1103,1.2225,0.5,0.1,0.0,0.0015,1.95
1104,1.2225,0.5,0.1,0.0,0.0015,1.95
1105,1.222,0.0,0.0,0.0,0.0,1.95
1106,1.222,0.0,0.0,0.0,0.0,1.95
1107,1.2225,0.5,0.1,0.0,0.0015,1.95
1108,1.222,0.0,0.0,0.0,0.0,1.95
1109,1.222,0.0,0.0,0.0,0.0,1.95
1110,1.222,0.0,0.0,0.0,0.0,1.95
1111,1.222,0.0,0.0,0.0,0.0,1.95
1112,1.2225,0.5,0.1,0.0,0.0015,1.95
1113,1.222,0.0,0.0,0.0,0.0,1.95
1114,1.2225,0.5,0.1,0.0,0.0015,1.95
1115,1.2225,0.5,0.1,0.0,0.0015,1.95
1116,1.2225,0.5,0.1,0.0,0.0015,1.95
1117,1.222,0.0,0.0,0.0,0.0,1.95
1118,1.2225,0.5,0.1,0.0,0.0015,1.95
1119,1.2225,0.5,0.1,0.0,0.0015,1.95
1120,1.2225,0.5,0.1,0.0,0.0015,1.95
1121,1.2225,0.5,0.1,0.0,0.0015,1.95
1122,1.222,0.0,0.0,0.0,0.0,1.95
1123,1.222,0.0,0.0,0.0,0.0,1.95
1124,1.2225,0.5,0.1,0.0,0.0015,1.95
1125,1.222,0.0,0.0,0.0,0.0,1.95
1126,1.222,0.0,0.0,0.0,0.0,1.95
1127,1.222,0.0,0.0,0.0,0.0,1.95
1128,1.222,0.0,0.0,0.0,0.0,1.95
1129,1.222,0.0,0.0,0.0,0.0,1.95
1130,1.2225,0.5,0.1,0.0,0.0015,1.95
1131,1.222,0.0,0.0,0.0,0.0,1.95
1132,1.222,0.0,0.0,0.0,0.0,1.95
1133,1.222,0.0,0.0,0.0,0.0,1.95
1134,1.2225,0.5,0.1,0.0,0.0015,1.95
1135,1.222,0.0,0.0,0.0,0.0,1.95
1136,1.222,0.0,0.0,0.0,0.0,1.95
1137,1.2225,0.5,0.1,0.0,0.0015,1.95
1138,1.222,0.0,0.0,0.0,0.0,1.95
1139,1.2225,0.5,0.1,0.0,0.0015,1.95
1140,1.222,0.0,0.0,0.0,0.0,1.95
1141,1.222,0.0,0.0,0.0,0.0,1.95
1142,1.222,0.0,0.0,0.0,0.0,1.95
1143,1.222,0.0,0.0,0.0,0.0,1.95
1144,1.222,0.0,0.0,0.0,0.0,1.95
1145,1.2225,0.5,0.1,0.0,0.0015,1.95
1146,1.2225,0.5,0.1,0.0,0.0015,1.95
1147,1.2225,0.5,0.1,0.0,0.0015,1.95
1148,1.2225,0.5,0.1,0.0,0.0015,1.95
1149,1.2225,0.5,0.1,0.0,0.0015,1.95
1150,1.222,0.0,0.0,0.0,0.0,1.95
1151,1.222,0.0,0.0,0.0,0.0,1.95
1152,1.2225,0.5,0.1,0.0,0.0015,1.95
1153,1.222,0.0,0.0,0.0,0.0,1.95
1154,1.2225,0.5,0.1,0.0,0.0015,1.95
1155,1.222,0.0,0.0,0.0,0.0,1.95
1156,1.222,0.0,0.0,0.0,0.0,1.95
1157,1.2225,0.5,0.1,0.0,0.0015,1.95
1158,1.222,0.0,0.0,0.0,0.0,1.95
1159,1.222,0.0,0.0,0.0,0.0,1.95
1160,1.2225,0.5,0.1,0.0,0.0015,1.95
1161,1.2225,0.5,0.1,0.0,0.0015,1.95
1162,1.222,0.0,0.0,0.0,0.0,1.95
1163,1.222,0.0,0.0,0.0,0.0,1.95
1164,1.222,0.0,0.0,0.0,0.0,1.95
1165,1.2225,0.5,0.1,0.0,0.0015,1.95
1166,1.2225,0.5,0.1,0.0,0.0015,1.95
1167,1.222,0.0,0.0,0.0,0.0,1.95
1168,1.222,0.0,0.0,0.0,0.0,1.95
1169,1.2225,0.5,0.1,0.0,0.0015,1.95
1170,1.222,0.0,0.0,0.0,0.0,1.95
1171,1.2225,0.5,0.1,0.0,0.0015,1.95
1172,1.222,0.0,0.0,0.0,0.0,1.95
1173,1.2225,0.5,0.1,0.0,0.0015,1.95
1174,1.222,0.0,0.0,0.0,0.0,1.95
1175,1.2225,0.5,0.1,0.0,0.0015,1.95
1176,1.2225,0.5,0.1,0.0,0.0015,1.95
1177,1.2225,0.5,0.1,0.0,0.0015,1.95
1178,1.2225,0.5,0.1,0.0,0.0015,1.95
1179,1.222,0.0,0.0,0.0,0.0,1.95
1180,1.2225,0.5,0.1,0.0,0.0015,1.95
1181,1.2225,0.5,0.1,0.0,0.0015,1.95
1182,1.2225,0.5,0.1,0.0,0.0015,1.95
1183,1.2225,0.5,0.1,0.0,0.0015,1.95
1184,1.2225,0.5,0.1,0.0,0.0015,1.95
1185,1.2225,0.5,0.1,0.0,0.0015,1.95
1186,1.2225,0.5,0.1,0.0,0.0015,1.95
1187,1.222,0.0,0.0,0.0,0.0,1.95
1188,1.222,0.0,0.0,0.0,0.0,1.95
1189,1.222,0.0,0.0,0.0,0.0,1.95
1190,1.222,0.0,0.0,0.0,0.0,1.95
1191,1.2225,0.5,0.1,0.0,0.0015,1.95
1192,1.222,0.0,0.0,0.0,0.0,1.95
1193,1.222,0.0,0.0,0.0,0.0,1.95
1194,1.2225,0.5,0.1,0.0,0.0015,1.95
1195,1.222,0.0,0.0,0.0,0.0,1.95
1196,1.2225,0.5,0.1,0.0,0.0015,1.95
1197,1.222,0.0,0.0,0.0,0.0,1.95
1198,1.222,0.0,0.0,0.0,0.0,1.95
1199,1.222,0.0,0.0,0.0,0.0,1.95
1200,1.222,0.0,0.0,0.0,0.0,1.95
1201,1.222,0.0,0.0,0.0,0.0,1.95
1202,1.222,0.0,0.0,0.0,0.0,1.95
1203,1.2225,0.5,0.1,0.0,0.0015,1.95
1204,1.222,0.0,0.0,0.0,0.0,1.95
1205,1.2225,0.5,0.1,0.0,0.0015,1.95
1206,1.222,0.0,0.0,0.0,0.0,1.95
1207,1.2225,0.5,0.1,0.0,0.0015,1.95
1208,1.222,0.0,0.0,0.0,0.0,1.95
1209,1.2225,0.5,0.1,0.0,0.0015,1.95
1210,1.222,0.0,0.0,0.0,0.0,1.95
1211,1.2225,0.5,0.1,0.0,0.0015,1.95
1212,1.222,0.0,0.0,0.0,0.0,1.95
1213,1.222,0.0,0.0,0.0,0.0,1.95
1214,1.222,0.0,0.0,0.0,0.0,1.95
1215,1.2225,0.5,0.1,0.0,0.0015,1.95
1216,1.2225,0.5,0.1,0.0,0.0015,1.95
1217,1.222,0.0,0.0,0.0,0.0,1.95
1218,1.222,0.0,0.0,0.0,0.0,1.95
1219,1.222,0.0,0.0,0.0,0.0,1.95
1220,1.2225,0.5,0.1,0.0,0.0015,1.95
1221,1.222,0.0,0.0,0.0,0.0,1.95
1222,1.222,0.0,0.0,0.0,0.0,1.95
1223,1.222,0.0,0.0,0.0,0.0,1.95
1224,1.2225,0.5,0.1,0.0,0.0015,1.95
1225,1.222,0.0,0.0,0.0,0.0,1.95
1226,1.222,0.0,0.0,0.0,0.0,1.95
1227,1.2225,0.5,0.1,0.0,0.0015,1.95
1228,1.222,0.0,0.0,0.0,0.0,1.95
1229,1.222,0.0,0.0,0.0,0.0,1.95
1230,1.2225,0.5,0.1,0.0,0.0015,1.95
1231,1.222,0.0,0.0,0.0,0.0,1.95
1232,1.222,0.0,0.0,0.0,0.0,1.95
1233,1.2225,0.5,0.1,0.0,0.0015,1.95
1234,1.2225,0.5,0.1,0.0,0.0015,1.95
1235,1.2225,0.5,0.1,0.0,0.0015,1.95
1236,1.222,0.0,0.0,0.0,0.0,1.95
1237,1.222,0.0,0.0,0.0,0.0,1.95
1238,1.2225,0.5,0.1,0.0,0.0015,1.95
1239,1.2225,0.5,0.1,0.0,0.0015,1.95
1240,1.222,0.0,0.0,0.0,0.0,1.95
1241,1.2225,0.5,0.1,0.0,0.0015,1.95
1242,1.2225,0.5,0.1,0.0,0.0015,1.95
1243,1.2225,0.5,0.1,0.0,0.0015,1.95
1244,1.222,0.0,0.0,0.0,0.0,1.95
1245,1.2225,0.5,0.1,0.0,0.0015,1.95
1246,1.222,0.0,0.0,0.0,0.0,1.95
1247,1.2225,0.5,0.1,0.0,0.0015,1.95
1248,1.222,0.0,0.0,0.0,0.0,1.95
1249,1.222,0.0,0.0,0.0,0.0,1.95
1250,1.2225,0.5,0.1,0.0,0.0015,1.95
1251,1.222,0.0,0.0,0.0,0.0,1.95
1252,1.2225,0.5,0.1,0.0,0.0015,1.95
1253,1.2225,0.5,0.1,0.0,0.0015,1.95
1254,1.222,0.0,0.0,0.0,0.0,1.95
1255,1.222,0.0,0.0,0.0,0.0,1.95
1256,1.222,0.0,0.0,0.0,0.0,1.95
1257,1.2225,0.5,0.1,0.0,0.0015,1.95
1258,1.2225,0.5,0.1,0.0,0.0015,1.95
1259,1.2225,0.5,0.1,0.0,0.0015,1.95
1260,1.222,0.0,0.0,0.0,0.0,1.95
1261,1.2225,0.5,0.1,0.0,0.0015,1.95
1262,1.2225,0.5,0.1,0.0,0.0015,1.95
1263,1.2225,0.5,0.1,0.0,0.0015,1.95
1264,1.222,0.0,0.0,0.0,0.0,1.95
1265,1.222,0.0,0.0,0.0,0.0,1.95
1266,1.2225,0.5,0.1,0.0,0.0015,1.95
1267,1.2225,0.5,0.1,0.0,0.0015,1.95
1268,1.2225,0.5,0.1,0.0,0.0015,1.95
1269,1.2225,0.5,0.1,0.0,0.0015,1.95
1270,1.222,0.0,0.0,0.0,0.0,1.95
1271,1.2225,0.5,0.1,0.0,0.0015,1.95
1272,1.222,0.0,0.0,0.0,0.0,1.95
1273,1.222,0.0,0.0,0.0,0.0,1.95
1274,1.2225,0.5,0.1,0.0,0.0015,1.95
1275,1.222,0.0,0.0,0.0,0.0,1.95
1276,1.222,0.0,0.0,0.0,0.0,1.95
1277,1.222,0.0,0.0,0.0,0.0,1.95
1278,1.222,0.0,0.0,0.0,0.0,1.95
1279,1.222,0.0,0.0,0.0,0.0,1.95
1280,1.2225,0.5,0.1,0.0,0.0015,1.95
1281,1.2225,0.5,0.1,0.0,0.0015,1.95
1282,1.222,0.0,0.0,0.0,0.0,1.95
1283,1.222,0.0,0.0,0.0,0.0,1.95
1284,1.2225,0.5,0.1,0.0,0.0015,1.95
1285,1.2225,0.5,0.1,0.0,0.0015,1.95
1286,1.222,0.0,0.0,0.0,0.0,1.95
1287,1.222,0.0,0.0,0.0,0.0,1.95
1288,1.222,0.0,0.0,0.0,0.0,1.95
1289,1.222,0.0,0.0,0.0,0.0,1.95
1290,1.222,0.0,0.0,0.0,0.0,1.95
1291,1.222,0.0,0.0,0.0,0.0,1.95
1292,1.2225,0.5,0.1,0.0,0.0015,1.95
1293,1.2225,0.5,0.1,0.0,0.0015,1.95
1294,1.222,0.0,0.0,0.0,0.0,1.95
1295,1.2225,0.5,0.1,0.0,0.0015,1.95
1296,1.2225,0.5,0.1,0.0,0.0015,1.95
1297,1.222,0.0,0.0,0.0,0.0,1.95
1298,1.2225,0.5,0.1,0.0,0.0015,1.95
1299,1.2225,0.5,0.1,0.0,0.0015,1.95
1300,1.222,0.0,0.0,0.0,0.0,1.95
1301,1.222,0.0,0.0,0.0,0.0,1.95
1302,1.222,0.0,0.0,0.0,0.0,1.95
1303,1.222,0.0,0.0,0.0,0.0,1.95
1304,1.2225,0.5,0.1,0.0,0.0015,1.95
1305,1.2225,0.5,0.1,0.0,0.0015,1.95
1306,1.222,0.0,0.0,0.0,0.0,1.95
1307,1.2225,0.5,0.1,0.0,0.0015,1.95
1308,1.2225,0.5,0.1,0.0,0.0015,1.95
1309,1.2225,0.5,0.1,0.0,0.0015,1.95
1310,1.2225,0.5,0.1,0.0,0.0015,1.95
1311,1.222,0.0,0.0,0.0,0.0,1.95
1312,1.2225,0.5,0.1,0.0,0.0015,1.95
1313,1.2225,0.5,0.1,0.0,0.0015,1.95
1314,1.222,0.0,0.0,0.0,0.0,1.95
1315,1.2225,0.5,0.1,0.0,0.0015,1.95
1316,1.222,0.0,0.0,0.0,0.0,1.95
1317,1.2225,0.5,0.1,0.0,0.0015,1.95
1318,1.222,0.0,0.0,0.0,0.0,1.95
1319,1.2225,0.5,0.1,0.0,0.0015,1.95
1320,1.2225,0.5,0.1,0.0,0.0015,1.95
1321,1.222,0.0,0.0,0.0,0.0,1.95
1322,1.222,0.0,0.0,0.0,0.0,1.95
1323,1.2225,0.5,0.1,0.0,0.0015,1.95
1324,1.222,0.0,0.0,0.0,0.0,1.95
1325,1.222,0.0,0.0,0.0,0.0,1.95
1326,1.2225,0.5,0.1,0.0,0.0015,1.95
1327,1.222,0.0,0.0,0.0,0.0,1.95
1328,1.2225,0.5,0.1,0.0,0.0015,1.95
1329,1.2225,0.5,0.1,0.0,0.0015,1.95
1330,1.222,0.0,0.0,0.0,0.0,1.95
1331,1.2225,0.5,0.1,0.0,0.0015,1.95
1332,1.2225,0.5,0.1,0.0,0.0015,1.95
1333,1.222,0.0,0.0,0.0,0.0,1.95
1334,1.222,0.0,0.0,0.0,0.0,1.95
1335,1.222,0.0,0.0,0.0,0.0,1.95
1336,1.222,0.0,0.0,0.0,0.0,1.95
1337,1.222,0.0,0.0,0.0,0.0,1.95
1338,1.222,0.0,0.0,0.0,0.0,1.95
1339,1.2225,0.5,0.1,0.0,0.0015,1.95
1340,1.222,0.0,0.0,0.0,0.0,1.95
1341,1.222,0.0,0.0,0.0,0.0,1.95
1342,1.2225,0.5,0.1,0.0,0.0015,1.95
1343,1.2225,0.5,0.1,0.0,0.0015,1.95
1344,1.222,0.0,0.0,0.0,0.0,1.95
1345,1.222,0.0,0.0,0.0,0.0,1.95
1346,1.2225,0.5,0.1,0.0,0.0015,1.95
1347,1.222,0.0,0.0,0.0,0.0,1.95
1348,1.2225,0.5,0.1,0.0,0.0015,1.95
1349,1.222,0.0,0.0,0.0,0.0,1.95
1350,1.2225,0.5,0.1,0.0,0.0015,1.95
1351,1.2225,0.5,0.1,0.0,0.0015,1.95
1352,1.222,0.0,0.0,0.0,0.0,1.95
1353,1.2225,0.5,0.1,0.0,0.0015,1.95
1354,1.2225,0.5,0.1,0.0,0.0015,1.95
1355,1.2225,0.5,0.1,0.0,0.0015,1.95
1356,1.2225,0.5,0.1,0.0,0.0015,1.95
1357,1.222,0.0,0.0,0.0,0.0,1.95
1358,1.222,0.0,0.0,0.0,0.0,1.95
1359,1.2225,0.5,0.1,0.0,0.0015,1.95
1360,1.2225,0.5,0.1,0.0,0.0015,1.95
1361,1.222,0.0,0.0,0.0,0.0,1.95
1362,1.222,0.0,0.0,0.0,0.0,1.95
1363,1.2225,0.5,0.1,0.0,0.0015,1.95
1364,1.2225,0.5,0.1,0.0,0.0015,1.95
1365,1.222,0.0,0.0,0.0,0.0,1.95
1366,1.2225,0.5,0.1,0.0,0.0015,1.95
1367,1.222,0.0,0.0,0.0,0.0,1.95
1368,1.2225,0.5,0.1,0.0,0.0015,1.95
1369,1.2225,0.5,0.1,0.0,0.0015,1.95
1370,1.2225,0.5,0.1,0.0,0.0015,1.95
1371,1.222,0.0,0.0,0.0,0.0,1.95
1372,1.2225,0.5,0.1,0.0,0.0015,1.95
1373,1.222,0.0,0.0,0.0,0.0,1.95
1374,1.222,0.0,0.0,0.0,0.0,1.95
1375,1.2225,0.5,0.1,0.0,0.0015,1.95
1376,1.2225,0.5,0.1,0.0,0.0015,1.95
1377,1.222,0.0,0.0,0.0,0.0,1.95
1378,1.222,0.0,0.0,0.0,0.0,1.95
1379,1.2225,0.5,0.1,0.0,0.0015,1.95
1380,1.2225,0.5,0.1,0.0,0.0015,1.95
1381,1.222,0.0,0.0,0.0,0.0,1.95
1382,1.2225,0.5,0.1,0.0,0.0015,1.95
1383,1.222,0.0,0.0,0.0,0.0,1.95
1384,1.2225,0.5,0.1,0.0,0.0015,1.95
1385,1.222,0.0,0.0,0.0,0.0,1.95
1386,1.222,0.0,0.0,0.0,0.0,1.95
1387,1.222,0.0,0.0,0.0,0.0,1.95
1388,1.2225,0.5,0.1,0.0,0.0015,1.95
1389,1.222,0.0,0.0,0.0,0.0,1.95
1390,1.222,0.0,0.0,0.0,0.0,1.95
1391,1.222,0.0,0.0,0.0,0.0,1.95
1392,1.2225,0.5,0.1,0.0,0.0015,1.95
1393,1.2225,0.5,0.1,0.0,0.0015,1.95
1394,1.2225,0.5,0.1,0.0,0.0015,1.95
1395,1.222,0.0,0.0,0.0,0.0,1.95
1396,1.2225,0.5,0.1,0.0,0.0015,1.95
1397,1.2225,0.5,0.1,0.0,0.0015,1.95
1398,1.222,0.0,0.0,0.0,0.0,1.95
1399,1.2225,0.5,0.1,0.0,0.0015,1.95
1400,1.2225,0.5,0.1,0.0,0.0015,1.95
1401,1.2225,0.5,0.1,0.0,0.0015,1.95
1402,1.2225,0.5,0.1,0.0,0.0015,1.95
1403,1.222,0.0,0.0,0.0,0.0,1.95
1404,1.222,0.0,0.0,0.0,0.0,1.95
1405,1.2225,0.5,0.1,0.0,0.0015,1.95
1406,1.2225,0.5,0.1,0.0,0.0015,1.95
1407,1.222,0.0,0.0,0.0,0.0,1.95
1408,1.2225,0.5,0.1,0.0,0.0015,1.95
1409,1.222,0.0,0.0,0.0,0.0,1.95
1410,1.2225,0.5,0.1,0.0,0.0015,1.95
1411,1.2225,0.5,0.1,0.0,0.0015,1.95
1412,1.2225,0.5,0.1,0.0,0.0015,1.95
1413,1.222,0.0,0.0,0.0,0.0,1.95
1414,1.2225,0.5,0.1,0.0,0.0015,1.95
1415,1.2225,0.5,0.1,0.0,0.0015,1.95
1416,1.2225,0.5,0.1,0.0,0.0015,1.95
1417,1.2225,0.5,0.1,0.0,0.0015,1.95
1418,1.222,0.0,0.0,0.0,0.0,1.95
1419,1.2225,0.5,0.1,0.0,0.0015,1.95
1420,1.222,0.0,0.0,0.0,0.0,1.95
1421,1.222,0.0,0.0,0.0,0.0,1.95
1422,1.2225,0.5,0.1,0.0,0.0015,1.95
1423,1.222,0.0,0.0,0.0,0.0,1.95
1424,1.2225,0.5,0.1,0.0,0.0015,1.95
1425,1.2225,0.5,0.1,0.0,0.0015,1.95
1426,1.222,0.0,0.0,0.0,0.0,1.95
1427,1.2225,0.5,0.1,0.0,0.0015,1.95
1428,1.222,0.0,0.0,0.0,0.0,1.95
1429,1.222,0.0,0.0,0.0,0.0,1.95
1430,1.2225,0.5,0.1,0.0,0.0015,1.95
1431,1.2225,0.5,0.1,0.0,0.0015,1.95
1432,1.222,0.0,0.0,0.0,0.0,1.95
1433,1.2225,0.5,0.1,0.0,0.0015,1.95
1434,1.222,0.0,0.0,0.0,0.0,1.95
1435,1.2225,0.5,0.1,0.0,0.0015,1.95
1436,1.222,0.0,0.0,0.0,0.0,1.95
1437,1.222,0.0,0.0,0.0,0.0,1.95
1438,1.222,0.0,0.0,0.0,0.0,1.95
1439,1.222,0.0,0.0,0.0,0.0,1.95
1440,1.222,0.0,0.0,0.0,0.0,1.95
1441,1.222,0.0,0.0,0.0,0.0,1.95
1442,1.222,0.0,0.0,0.0,0.0,1.95
1443,1.2225,0.5,0.1,0.0,0.0015,1.95
1444,1.2225,0.5,0.1,0.0,0.0015,1.95
1445,1.222,0.0,0.0,0.0,0.0,1.95
1446,1.2225,0.5,0.1,0.0,0.0015,1.95
1447,1.2225,0.5,0.1,0.0,0.0015,1.95
1448,1.222,0.0,0.0,0.0,0.0,1.95
1449,1.222,0.0,0.0,0.0,0.0,1.95
1450,1.2225,0.5,0.1,0.0,0.0015,1.95
1451,1.2225,0.5,0.1,0.0,0.0015,1.95
1452,1.222,0.0,0.0,0.0,0.0,1.95
1453,1.2225,0.5,0.1,0.0,0.0015,1.95
1454,1.2225,0.5,0.1,0.0,0.0015,1.95
1455,1.2225,0.5,0.1,0.0,0.0015,1.95
1456,1.2225,0.5,0.1,0.0,0.0015,1.95
1457,1.2225,0.5,0.1,0.0,0.0015,1.95
1458,1.222,0.0,0.0,0.0,0.0,1.95
1459,1.222,0.0,0.0,0.0,0.0,1.95
1460,1.2225,0.5,0.1,0.0,0.0015,1.95
1461,1.222,0.0,0.0,0.0,0.0,1.95
1462,1.2225,0.5,0.1,0.0,0.0015,1.95
1463,1.222,0.0,0.0,0.0,0.0,1.95
1464,1.2225,0.5,0.1,0.0,0.0015,1.95
1465,1.222,0.0,0.0,0.0,0.0,1.95
1466,1.222,0.0,0.0,0.0,0.0,1.95
1467,1.2225,0.5,0.1,0.0,0.0015,1.95
1468,1.2225,0.5,0.1,0.0,0.0015,1.95
1469,1.222,0.0,0.0,0.0,0.0,1.95
1470,1.2225,0.5,0.1,0.0,0.0015,1.95
1471,1.2225,0.5,0.1,0.0,0.0015,1.95
1472,1.222,0.0,0.0,0.0,0.0,1.95
1473,1.2225,0.5,0.1,0.0,0.0015,1.95
1474,1.222,0.0,0.0,0.0,0.0,1.95
1475,1.222,0.0,0.0,0.0,0.0,1.95
1476,1.222,0.0,0.0,0.0,0.0,1.95
1477,1.2225,0.5,0.1,0.0,0.0015,1.95
1478,1.2225,0.5,0.1,0.0,0.0015,1.95
1479,1.2225,0.5,0.1,0.0,0.0015,1.95
1480,1.2225,0.5,0.1,0.0,0.0015,1.95
1481,1.2225,0.5,0.1,0.0,0.0015,1.95
1482,1.2225,0.5,0.1,0.0,0.0015,1.95
1483,1.222,0.0,0.0,0.0,0.0,1.95
1484,1.222,0.0,0.0,0.0,0.0,1.95
1485,1.2225,0.5,0.1,0.0,0.0015,1.95
1486,1.222,0.0,0.0,0.0,0.0,1.95
1487,1.222,0.0,0.0,0.0,0.0,1.95
1488,1.2225,0.5,0.1,0.0,0.0015,1.95
1489,1.2225,0.5,0.1,0.0,0.0015,1.95
1490,1.222,0.0,0.0,0.0,0.0,1.95
1491,1.222,0.0,0.0,0.0,0.0,1.95
1492,1.2225,0.5,0.1,0.0,0.0015,1.95
1493,1.222,0.0,0.0,0.0,0.0,1.95
1494,1.222,0.0,0.0,0.0,0.0,1.95
1495,1.2225,0.5,0.1,0.0,0.0015,1.95
1496,1.222,0.0,0.0,0.0,0.0,1.95
1497,1.2225,0.5,0.1,0.0,0.0015,1.95
1498,1.2225,0.5,0.1,0.0,0.0015,1.95
1499,1.222,0.0,0.0,0.0,0.0,1.95
1500,1.222,0.0,0.0,0.0,0.0,1.95
1501,1.222,0.0,0.0,0.0,0.0,1.95
1502,1.222,0.0,0.0,0.0,0.0,1.95
1503,1.2225,0.5,0.1,0.0,0.0015,1.95
1504,1.222,0.0,0.0,0.0,0.0,1.95
1505,1.2225,0.5,0.1,0.0,0.0015,1.95
1506,1.222,0.0,0.0,0.0,0.0,1.95
1507,1.222,0.0,0.0,0.0,0.0,1.95
1508,1.222,0.0,0.0,0.0,0.0,1.95
1509,1.222,0.0,0.0,0.0,0.0,1.95
1510,1.222,0.0,0.0,0.0,0.0,1.95
1511,1.222,0.0,0.0,0.0,0.0,1.95
1512,1.2225,0.5,0.1,0.0,0.0015,1.95
1513,1.2225,0.5,0.1,0.0,0.0015,1.95
1514,1.2225,0.5,0.1,0.0,0.0015,1.95
1515,1.222,0.0,0.0,0.0,0.0,1.95
1516,1.222,0.0,0.0,0.0,0.0,1.95
1517,1.2225,0.5,0.1,0.0,0.0015,1.95
1518,1.2225,0.5,0.1,0.0,0.0015,1.95
1519,1.222,0.0,0.0,0.0,0.0,1.95
1520,1.222,0.0,0.0,0.0,0.0,1.95
1521,1.2225,0.5,0.1,0.0,0.0015,1.95
1522,1.2225,0.5,0.1,0.0,0.0015,1.95
1523,1.2225,0.5,0.1,0.0,0.0015,1.95
1524,1.2225,0.5,0.1,0.0,0.0015,1.95
1525,1.2225,0.5,0.1,0.0,0.0015,1.95
1526,1.2225,0.5,0.1,0.0,0.0015,1.95
1527,1.222,0.0,0.0,0.0,0.0,1.95
1528,1.222,0.0,0.0,0.0,0.0,1.95
1529,1.2225,0.5,0.1,0.0,0.0015,1.95
1530,1.222,0.0,0.0,0.0,0.0,1.95
1531,1.222,0.0,0.0,0.0,0.0,1.95
1532,1.222,0.0,0.0,0.0,0.0,1.95
1533,1.2225,0.5,0.1,0.0,0.0015,1.95
1534,1.222,0.0,0.0,0.0,0.0,1.95
1535,1.222,0.0,0.0,0.0,0.0,1.95
1536,1.222,0.0,0.0,0.0,0.0,1.95
1537,1.2225,0.5,0.1,0.0,0.0015,1.95
1538,1.222,0.0,0.0,0.0,0.0,1.95
1539,1.2225,0.5,0.1,0.0,0.0015,1.95
1540,1.222,0.0,0.0,0.0,0.0,1.95
1541,1.222,0.0,0.0,0.0,0.0,1.95
1542,1.2225,0.5,0.1,0.0,0.0015,1.95
1543,1.222,0.0,0.0,0.0,0.0,1.95
1544,1.2225,0.5,0.1,0.0,0.0015,1.95
1545,1.222,0.0,0.0,0.0,0.0,1.95
1546,1.2225,0.5,0.1,0.0,0.0015,1.95
1547,1.2225,0.5,0.1,0.0,0.0015,1.95
1548,1.222,0.0,0.0,0.0,0.0,1.95
1549,1.222,0.0,0.0,0.0,0.0,1.95
1550,1.2225,0.5,0.1,0.0,0.0015,1.95
1551,1.2225,0.5,0.1,0.0,0.0015,1.95
1552,1.222,0.0,0.0,0.0,0.0,1.95
1553,1.222,0.0,0.0,0.0,0.0,1.95
1554,1.222,0.0,0.0,0.0,0.0,1.95
1555,1.222,0.0,0.0,0.0,0.0,1.95
1556,1.2225,0.5,0.1,0.0,0.0015,1.95
1557,1.2225,0.5,0.1,0.0,0.0015,1.95
1558,1.222,0.0,0.0,0.0,0.0,1.95
1559,1.2225,0.5,0.1,0.0,0.0015,1.95
1560,1.222,0.0,0.0,0.0,0.0,1.95
1561,1.222,0.0,0.0,0.0,0.0,1.95
1562,1.222,0.0,0.0,0.0,0.0,1.95
1563,1.222,0.0,0.0,0.0,0.0,1.95
1564,1.2225,0.5,0.1,0.0,0.0015,1.95
1565,1.2225,0.5,0.1,0.0,0.0015,1.95
1566,1.222,0.0,0.0,0.0,0.0,1.95
1567,1.2225,0.5,0.1,0.0,0.0015,1.95
1568,1.2225,0.5,0.1,0.0,0.0015,1.95
1569,1.2225,0.5,0.1,0.0,0.0015,1.95
1570,1.2225,0.5,0.1,0.0,0.0015,1.95
1571,1.2225,0.5,0.1,0.0,0.0015,1.95
1572,1.2225,0.5,0.1,0.0,0.0015,1.95
1573,1.2225,0.5,0.1,0.0,0.0015,1.95
1574,1.2225,0.5,0.1,0.0,0.0015,1.95
1575,1.2225,0.5,0.1,0.0,0.0015,1.95
1576,1.222,0.0,0.0,0.0,0.0,1.95
1577,1.2225,0.5,0.1,0.0,0.0015,1.95
1578,1.222,0.0,0.0,0.0,0.0,1.95
1579,1.222,0.0,0.0,0.0,0.0,1.95
1580,1.2225,0.5,0.1,0.0,0.0015,1.95
1581,1.2225,0.5,0.1,0.0,0.0015,1.95
1582,1.2225,0.5,0.1,0.0,0.0015,1.95
1583,1.222,0.0,0.0,0.0,0.0,1.95
1584,1.2225,0.5,0.1,0.0,0.0015,1.95
1585,1.222,0.0,0.0,0.0,0.0,1.95
1586,1.222,0.0,0.0,0.0,0.0,1.95
1587,1.2225,0.5,0.1,0.0,0.0015,1.95
1588,1.222,0.0,0.0,0.0,0.0,1.95
1589,1.2225,0.5,0.1,0.0,0.0015,1.95
1590,1.2225,0.5,0.1,0.0,0.0015,1.95
1591,1.2225,0.5,0.1,0.0,0.0015,1.95
1592,1.222,0.0,0.0,0.0,0.0,1.95
1593,1.222,0.0,0.0,0.0,0.0,1.95
1594,1.2225,0.5,0.1,0.0,0.0015,1.95
1595,1.222,0.0,0.0,0.0,0.0,1.95
1596,1.222,0.0,0.0,0.0,0.0,1.95
1597,1.222,0.0,0.0,0.0,0.0,1.95
1598,1.222,0.0,0.0,0.0,0.0,1.95
1599,1.2225,0.5,0.1,0.0,0.0015,1.95
1600,1.222,0.0,0.0,0.0,0.0,1.95
1601,1.2225,0.5,0.1,0.0,0.0015,1.95
1602,1.2225,0.5,0.1,0.0,0.0015,1.95
1603,1.2225,0.5,0.1,0.0,0.0015,1.95
1604,1.222,0.0,0.0,0.0,0.0,1.95
1605,1.2225,0.5,0.1,0.0,0.0015,1.95
1606,1.222,0.0,0.0,0.0,0.0,1.95
1607,1.222,0.0,0.0,0.0,0.0,1.95
1608,1.2225,0.5,0.1,0.0,0.0015,1.95
1609,1.2225,0.5,0.1,0.0,0.0015,1.95
1610,1.2225,0.5,0.1,0.0,0.0015,1.95
1611,1.2225,0.5,0.1,0.0,0.0015,1.95
1612,1.2225,0.5,0.1,0.0,0.0015,1.95
1613,1.222,0.0,0.0,0.0,0.0,1.95
1614,1.2225,0.5,0.1,0.0,0.0015,1.95
1615,1.222,0.0,0.0,0.0,0.0,1.95
1616,1.2225,0.5,0.1,0.0,0.0015,1.95
1617,1.222,0.0,0.0,0.0,0.0,1.95
1618,1.2225,0.5,0.1,0.0,0.0015,1.95
1619,1.222,0.0,0.0,0.0,0.0,1.95
1620,1.222,0.0,0.0,0.0,0.0,1.95
1621,1.2225,0.5,0.1,0.0,0.0015,1.95
1622,1.2225,0.5,0.1,0.0,0.0015,1.95
1623,1.2225,0.5,0.1,0.0,0.0015,1.95
1624,1.2225,0.5,0.1,0.0,0.0015,1.95
1625,1.2225,0.5,0.1,0.0,0.0015,1.95
1626,1.222,0.0,0.0,0.0,0.0,1.95
1627,1.2225,0.5,0.1,0.0,0.0015,1.95
1628,1.222,0.0,0.0,0.0,0.0,1.95
1629,1.2225,0.5,0.1,0.0,0.0015,1.95
1630,1.222,0.0,0.0,0.0,0.0,1.95
1631,1.2225,0.5,0.1,0.0,0.0015,1.95
1632,1.222,0.0,0.0,0.0,0.0,1.95
1633,1.222,0.0,0.0,0.0,0.0,1.95
1634,1.222,0.0,0.0,0.0,0.0,1.95
1635,1.222,0.0,0.0,0.0,0.0,1.95
1636,1.222,0.0,0.0,0.0,0.0,1.95
1637,1.222,0.0,0.0,0.0,0.0,1.95
1638,1.2225,0.5,0.1,0.0,0.0015,1.95
1639,1.2225,0.5,0.1,0.0,0.0015,1.95
1640,1.222,0.0,0.0,0.0,0.0,1.95
1641,1.222,0.0,0.0,0.0,0.0,1.95
1642,1.2225,0.5,0.1,0.0,0.0015,1.95
1643,1.222,0.0,0.0,0.0,0.0,1.95
1644,1.2225,0.5,0.1,0.0,0.0015,1.95
1645,1.222,0.0,0.0,0.0,0.0,1.95
1646,1.2225,0.5,0.1,0.0,0.0015,1.95
1647,1.222,0.0,0.0,0.0,0.0,1.95
1648,1.222,0.0,0.0,0.0,0.0,1.95
1649,1.2225,0.5,0.1,0.0,0.0015,1.95
1650,1.222,0.0,0.0,0.0,0.0,1.95
1651,1.222,0.0,0.0,0.0,0.0,1.95
1652,1.2225,0.5,0.1,0.0,0.0015,1.95
1653,1.222,0.0,0.0,0.0,0.0,1.95
1654,1.2225,0.5,0.1,0.0,0.0015,1.95
1655,1.2225,0.5,0.1,0.0,0.0015,1.95
1656,1.222,0.0,0.0,0.0,0.0,1.95
1657,1.2225,0.5,0.1,0.0,0.0015,1.95
1658,1.222,0.0,0.0,0.0,0.0,1.95
1659,1.222,0.0,0.0,0.0,0.0,1.95
1660,1.222,0.0,0.0,0.0,0.0,1.95
1661,1.2225,0.5,0.1,0.0,0.0015,1.95
1662,1.222,0.0,0.0,0.0,0.0,1.95
1663,1.2225,0.5,0.1,0.0,0.0015,1.95
1664,1.222,0.0,0.0,0.0,0.0,1.95
1665,1.222,0.0,0.0,0.0,0.0,1.95
1666,1.2225,0.5,0.1,0.0,0.0015,1.95
1667,1.2225,0.5,0.1,0.0,0.0015,1.95
1668,1.222,0.0,0.0,0.0,0.0,1.95
1669,1.2225,0.5,0.1,0.0,0.0015,1.95
1670,1.222,0.0,0.0,0.0,0.0,1.95
1671,1.222,0.0,0.0,0.0,0.0,1.95
1672,1.222,0.0,0.0,0.0,0.0,1.95
1673,1.222,0.0,0.0,0.0,0.0,1.95
1674,1.2225,0.5,0.1,0.0,0.0015,1.95
1675,1.222,0.0,0.0,0.0,0.0,1.95
1676,1.2225,0.5,0.1,0.0,0.0015,1.95
1677,1.2225,0.5,0.1,0.0,0.0015,1.95
1678,1.222,0.0,0.0,0.0,0.0,1.95
1679,1.2225,0.5,0.1,0.0,0.0015,1.95
1680,1.2225,0.5,0.1,0.0,0.0015,1.95
1681,1.2225,0.5,0.1,0.0,0.0015,1.95
1682,1.222,0.0,0.0,0.0,0.0,1.95
1683,1.2225,0.5,0.1,0.0,0.0015,1.95
1684,1.222,0.0,0.0,0.0,0.0,1.95
1685,1.2225,0.5,0.1,0.0,0.0015,1.95
1686,1.222,0.0,0.0,0.0,0.0,1.95
1687,1.222,0.0,0.0,0.0,0.0,1.95
1688,1.222,0.0,0.0,0.0,0.0,1.95
1689,1.2225,0.5,0.1,0.0,0.0015,1.95
1690,1.2225,0.5,0.1,0.0,0.0015,1.95
1691,1.2225,0.5,0.1,0.0,0.0015,1.95
1692,1.222,0.0,0.0,0.0,0.0,1.95
1693,1.2225,0.5,0.1,0.0,0.0015,1.95
1694,1.2225,0.5,0.1,0.0,0.0015,1.95
1695,1.222,0.0,0.0,0.0,0.0,1.95
1696,1.222,0.0,0.0,0.0,0.0,1.95
1697,1.2225,0.5,0.1,0.0,0.0015,1.95
1698,1.222,0.0,0.0,0.0,0.0,1.95
1699,1.222,0.0,0.0,0.0,0.0,1.95
1700,1.222,0.0,0.0,0.0,0.0,1.95
1701,1.2225,0.5,0.1,0.0,0.0015,1.95
1702,1.2225,0.5,0.1,0.0,0.0015,1.95
1703,1.222,0.0,0.0,0.0,0.0,1.95
1704,1.222,0.0,0.0,0.0,0.0,1.95
1705,1.222,0.0,0.0,0.0,0.0,1.95
1706,1.2225,0.5,0.1,0.0,0.0015,1.95
1707,1.2225,0.5,0.1,0.0,0.0015,1.95
1708,1.222,0.0,0.0,0.0,0.0,1.95
1709,1.2225,0.5,0.1,0.0,0.0015,1.95
1710,1.222,0.0,0.0,0.0,0.0,1.95
1711,1.2225,0.5,0.1,0.0,0.0015,1.95
1712,1.222,0.0,0.0,0.0,0.0,1.95
1713,1.222,0.0,0.0,0.0,0.0,1.95
1714,1.222,0.0,0.0,0.0,0.0,1.95
1715,1.222,0.0,0.0,0.0,0.0,1.95
1716,1.222,0.0,0.0,0.0,0.0,1.95
1717,1.222,0.0,0.0,0.0,0.0,1.95
1718,1.222,0.0,0.0,0.0,0.0,1.95
1719,1.222,0.0,0.0,0.0,0.0,1.95
1720,1.222,0.0,0.0,0.0,0.0,1.95
1721,1.222,0.0,0.0,0.0,0.0,1.95
1722,1.2225,0.5,0.1,0.0,0.0015,1.95
1723,1.222,0.0,0.0,0.0,0.0,1.95
1724,1.2225,0.5,0.1,0.0,0.0015,1.95
1725,1.222,0.0,0.0,0.0,0.0,1.95
1726,1.2225,0.5,0.1,0.0,0.0015,1.95
1727,1.2225,0.5,0.1,0.0,0.0015,1.95
1728,1.222,0.0,0.0,0.0,0.0,1.95
1729,1.2225,0.5,0.1,0.0,0.0015,1.95
1730,1.2225,0.5,0.1,0.0,0.0015,1.95
1731,1.2225,0.5,0.1,0.0,0.0015,1.95
1732,1.222,0.0,0.0,0.0,0.0,1.95
1733,1.2225,0.5,0.1,0.0,0.0015,1.95
1734,1.222,0.0,0.0,0.0,0.0,1.95
1735,1.222,0.0,0.0,0.0,0.0,1.95
1736,1.222,0.0,0.0,0.0,0.0,1.95
1737,1.222,0.0,0.0,0.0,0.0,1.95
1738,1.222,0.0,0.0,0.0,0.0,1.95
1739,1.2225,0.5,0.1,0.0,0.0015,1.95
1740,1.222,0.0,0.0,0.0,0.0,1.95
1741,1.2225,0.5,0.1,0.0,0.0015,1.95
1742,1.2225,0.5,0.1,0.0,0.0015,1.95
1743,1.2225,0.5,0.1,0.0,0.0015,1.95
1744,1.2225,0.5,0.1,0.0,0.0015,1.95
1745,1.222,0.0,0.0,0.0,0.0,1.95
1746,1.2225,0.5,0.1,0.0,0.0015,1.95
1747,1.222,0.0,0.0,0.0,0.0,1.95
1748,1.222,0.0,0.0,0.0,0.0,1.95
1749,1.2225,0.5,0.1,0.0,0.0015,1.95
1750,1.222,0.0,0.0,0.0,0.0,1.95
1751,1.2225,0.5,0.1,0.0,0.0015,1.95
1752,1.222,0.0,0.0,0.0,0.0,1.95
1753,1.222,0.0,0.0,0.0,0.0,1.95
1754,1.2225,0.5,0.1,0.0,0.0015,1.95
1755,1.2225,0.5,0.1,0.0,0.0015,1.95
1756,1.222,0.0,0.0,0.0,0.0,1.95
1757,1.222,0.0,0.0,0.0,0.0,1.95
1758,1.222,0.0,0.0,0.0,0.0,1.95
1759,1.222,0.0,0.0,0.0,0.0,1.95
1760,1.2225,0.5,0.1,0.0,0.0015,1.95
1761,1.2225,0.5,0.1,0.0,0.0015,1.95
1762,1.2225,0.5,0.1,0.0,0.0015,1.95
1763,1.2225,0.5,0.1,0.0,0.0015,1.95
1764,1.222,0.0,0.0,0.0,0.0,1.95
1765,1.222,0.0,0.0,0.0,0.0,1.95
1766,1.2225,0.5,0.1,0.0,0.0015,1.95
1767,1.2225,0.5,0.1,0.0,0.0015,1.95
1768,1.2225,0.5,0.1,0.0,0.0015,1.95
1769,1.222,0.0,0.0,0.0,0.0,1.95
1770,1.222,0.0,0.0,0.0,0.0,1.95
1771,1.2225,0.5,0.1,0.0,0.0015,1.95
1772,1.2225,0.5,0.1,0.0,0.0015,1.95
1773,1.2225,0.5,0.1,0.0,0.0015,1.95
1774,1.222,0.0,0.0,0.0,0.0,1.95
1775,1.222,0.0,0.0,0.0,0.0,1.95
1776,1.222,0.0,0.0,0.0,0.0,1.95
1777,1.2225,0.5,0.1,0.0,0.0015,1.95
1778,1.222,0.0,0.0,0.0,0.0,1.95
1779,1.222,0.0,0.0,0.0,0.0,1.95
1780,1.2225,0.5,0.1,0.0,0.0015,1.95
1781,1.222,0.0,0.0,0.0,0.0,1.95
1782,1.2225,0.5,0.1,0.0,0.0015,1.95
1783,1.2225,0.5,0.1,0.0,0.0015,1.95
1784,1.222,0.0,0.0,0.0,0.0,1.95
1785,1.2225,0.5,0.1,0.0,0.0015,1.95
1786,1.2225,0.5,0.1,0.0,0.0015,1.95
1787,1.2225,0.5,0.1,0.0,0.0015,1.95
1788,1.222,0.0,0.0,0.0,0.0,1.95
1789,1.222,0.0,0.0,0.0,0.0,1.95
1790,1.222,0.0,0.0,0.0,0.0,1.95
1791,1.222,0.0,0.0,0.0,0.0,1.95
1792,1.222,0.0,0.0,0.0,0.0,1.95
1793,1.2225,0.5,0.1,0.0,0.0015,1.95
1794,1.2225,0.5,0.1,0.0,0.0015,1.95
1795,1.222,0.0,0.0,0.0,0.0,1.95
1796,1.222,0.0,0.0,0.0,0.0,1.95
1797,1.222,0.0,0.0,0.0,0.0,1.95
1798,1.222,0.0,0.0,0.0,0.0,1.95
1799,1.2225,0.5,0.1,0.0,0.0015,1.95
1800,1.2225,0.5,0.1,0.0,0.0015,1.95
1801,1.222,0.0,0.0,0.0,0.0,1.95
1802,1.2225,0.5,0.1,0.0,0.0015,1.95
1803,1.222,0.0,0.0,0.0,0.0,1.95
1804,1.2225,0.5,0.1,0.0,0.0015,1.95
1805,1.2225,0.5,0.1,0.0,0.0015,1.95
1806,1.222,0.0,0.0,0.0,0.0,1.95
1807,1.2225,0.5,0.1,0.0,0.0015,1.95
1808,1.222,0.0,0.0,0.0,0.0,1.95
1809,1.2225,0.5,0.1,0.0,0.0015,1.95
1810,1.2225,0.5,0.1,0.0,0.0015,1.95
1811,1.2225,0.5,0.1,0.0,0.0015,1.95
1812,1.222,0.0,0.0,0.0,0.0,1.95
1813,1.2225,0.5,0.1,0.0,0.0015,1.95
1814,1.222,0.0,0.0,0.0,0.0,1.95
1815,1.2225,0.5,0.1,0.0,0.0015,1.95
1816,1.222,0.0,0.0,0.0,0.0,1.95
1817,1.222,0.0,0.0,0.0,0.0,1.95
1818,1.2225,0.5,0.1,0.0,0.0015,1.95
1819,1.222,0.0,0.0,0.0,0.0,1.95
1820,1.222,0.0,0.0,0.0,0.0,1.95
1821,1.2225,0.5,0.1,0.0,0.0015,1.95
1822,1.222,0.0,0.0,0.0,0.0,1.95
1823,1.222,0.0,0.0,0.0,0.0,1.95
1824,1.2225,0.5,0.1,0.0,0.0015,1.95
1825,1.222,0.0,0.0,0.0,0.0,1.95
1826,1.2225,0.5,0.1,0.0,0.0015,1.95
1827,1.222,0.0,0.0,0.0,0.0,1.95
1828,1.222,0.0,0.0,0.0,0.0,1.95
1829,1.222,0.0,0.0,0.0,0.0,1.95
1830,1.2225,0.5,0.1,0.0,0.0015,1.95
1831,1.222,0.0,0.0,0.0,0.0,1.95
1832,1.222,0.0,0.0,0.0,0.0,1.95
1833,1.2225,0.5,0.1,0.0,0.0015,1.95
1834,1.2225,0.5,0.1,0.0,0.0015,1.95
1835,1.222,0.0,0.0,0.0,0.0,1.95
1836,1.2225,0.5,0.1,0.0,0.0015,1.95
1837,1.222,0.0,0.0,0.0,0.0,1.95
1838,1.2225,0.5,0.1,0.0,0.0015,1.95
1839,1.2225,0.5,0.1,0.0,0.0015,1.95
1840,1.2225,0.5,0.1,0.0,0.0015,1.95
1841,1.2225,0.5,0.1,0.0,0.0015,1.95
1842,1.2225,0.5,0.1,0.0,0.0015,1.95
1843,1.222,0.0,0.0,0.0,0.0,1.95
1844,1.222,0.0,0.0,0.0,0.0,1.95
1845,1.2225,0.5,0.1,0.0,0.0015,1.95
1846,1.222,0.0,0.0,0.0,0.0,1.95
1847,1.222,0.0,0.0,0.0,0.0,1.95
1848,1.222,0.0,0.0,0.0,0.0,1.95
1849,1.222,0.0,0.0,0.0,0.0,1.95
1850,1.2225,0.5,0.1,0.0,0.0015,1.95
1851,1.222,0.0,0.0,0.0,0.0,1.95
1852,1.2225,0.5,0.1,0.0,0.0015,1.95
1853,1.222,0.0,0.0,0.0,0.0,1.95
1854,1.222,0.0,0.0,0.0,0.0,1.95
1855,1.2225,0.5,0.1,0.0,0.0015,1.95
1856,1.222,0.0,0.0,0.0,0.0,1.95
1857,1.2225,0.5,0.1,0.0,0.0015,1.95
1858,1.2225,0.5,0.1,0.0,0.0015,1.95
1859,1.222,0.0,0.0,0.0,0.0,1.95
1860,1.2225,0.5,0.1,0.0,0.0015,1.95
1861,1.2225,0.5,0.1,0.0,0.0015,1.95
1862,1.2225,0.5,0.1,0.0,0.0015,1.95
1863,1.2225,0.5,0.1,0.0,0.0015,1.95
1864,1.222,0.0,0.0,0.0,0.0,1.95
1865,1.222,0.0,0.0,0.0,0.0,1.95
1866,1.2225,0.5,0.1,0.0,0.0015,1.95
1867,1.222,0.0,0.0,0.0,0.0,1.95
1868,1.2225,0.5,0.1,0.0,0.0015,1.95
1869,1.222,0.0,0.0,0.0,0.0,1.95
1870,1.2225,0.5,0.1,0.0,0.0015,1.95
1871,1.222,0.0,0.0,0.0,0.0,1.95
1872,1.2225,0.5,0.1,0.0,0.0015,1.95
1873,1.222,0.0,0.0,0.0,0.0,1.95
1874,1.222,0.0,0.0,0.0,0.0,1.95
1875,1.222,0.0,0.0,0.0,0.0,1.95
1876,1.222,0.0,0.0,0.0,0.0,1.95
1877,1.2225,0.5,0.1,0.0,0.0015,1.95
1878,1.222,0.0,0.0,0.0,0.0,1.95
1879,1.222,0.0,0.0,0.0,0.0,1.95
1880,1.222,0.0,0.0,0.0,0.0,1.95
1881,1.222,0.0,0.0,0.0,0.0,1.95
1882,1.222,0.0,0.0,0.0,0.0,1.95
1883,1.2225,0.5,0.1,0.0,0.0015,1.95
1884,1.222,0.0,0.0,0.0,0.0,1.95
1885,1.222,0.0,0.0,0.0,0.0,1.95
1886,1.2225,0.5,0.1,0.0,0.0015,1.95
1887,1.222,0.0,0.0,0.0,0.0,1.95
1888,1.222,0.0,0.0,0.0,0.0,1.95
1889,1.222,0.0,0.0,0.0,0.0,1.95
1890,1.2225,0.5,0.1,0.0,0.0015,1.95
1891,1.2225,0.5,0.1,0.0,0.0015,1.95
1892,1.222,0.0,0.0,0.0,0.0,1.95
1893,1.222,0.0,0.0,0.0,0.0,1.95
1894,1.2225,0.5,0.1,0.0,0.0015,1.95
1895,1.222,0.0,0.0,0.0,0.0,1.95
1896,1.222,0.0,0.0,0.0,0.0,1.95
1897,1.222,0.0,0.0,0.0,0.0,1.95
1898,1.2225,0.5,0.1,0.0,0.0015,1.95
1899,1.222,0.0,0.0,0.0,0.0,1.95
1900,1.222,0.0,0.0,0.0,0.0,1.95
1901,1.2225,0.5,0.1,0.0,0.0015,1.95
1902,1.222,0.0,0.0,0.0,0.0,1.95
1903,1.2225,0.5,0.1,0.0,0.0015,1.95
1904,1.2225,0.5,0.1,0.0,0.0015,1.95
1905,1.222,0.0,0.0,0.0,0.0,1.95
1906,1.222,0.0,0.0,0.0,0.0,1.95
1907,1.2225,0.5,0.1,0.0,0.0015,1.95
1908,1.2225,0.5,0.1,0.0,0.0015,1.95
1909,1.2225,0.5,0.1,0.0,0.0015,1.95
1910,1.2225,0.5,0.1,0.0,0.0015,1.95
1911,1.2225,0.5,0.1,0.0,0.0015,1.95
1912,1.2225,0.5,0.1,0.0,0.0015,1.95
1913,1.2225,0.5,0.1,0.0,0.0015,1.95
1914,1.222,0.0,0.0,0.0,0.0,1.95
1915,1.2225,0.5,0.1,0.0,0.0015,1.95
1916,1.222,0.0,0.0,0.0,0.0,1.95
1917,1.2225,0.5,0.1,0.0,0.0015,1.95
1918,1.222,0.0,0.0,0.0,0.0,1.95
1919,1.2225,0.5,0.1,0.0,0.0015,1.95
1920,1.2225,0.5,0.1,0.0,0.0015,1.95
1921,1.2225,0.5,0.1,0.0,0.0015,1.95
1922,1.2225,0.5,0.1,0.0,0.0015,1.95
1923,1.222,0.0,0.0,0.0,0.0,1.95
1924,1.222,0.0,0.0,0.0,0.0,1.95
1925,1.222,0.0,0.0,0.0,0.0,1.95
1926,1.2225,0.5,0.1,0.0,0.0015,1.95
1927,1.2225,0.5,0.1,0.0,0.0015,1.95
1928,1.2225,0.5,0.1,0.0,0.0015,1.95
1929,1.222,0.0,0.0,0.0,0.0,1.95
1930,1.2225,0.5,0.1,0.0,0.0015,1.95
1931,1.222,0.0,0.0,0.0,0.0,1.95
1932,1.2225,0.5,0.1,0.0,0.0015,1.95
1933,1.2225,0.5,0.1,0.0,0.0015,1.95
1934,1.222,0.0,0.0,0.0,0.0,1.95
1935,1.222,0.0,0.0,0.0,0.0,1.95
1936,1.222,0.0,0.0,0.0,0.0,1.95
1937,1.2225,0.5,0.1,0.0,0.0015,1.95
1938,1.2225,0.5,0.1,0.0,0.0015,1.95
1939,1.222,0.0,0.0,0.0,0.0,1.95
1940,1.222,0.0,0.0,0.0,0.0,1.95
1941,1.2225,0.5,0.1,0.0,0.0015,1.95
1942,1.2225,0.5,0.1,0.0,0.0015,1.95
1943,1.222,0.0,0.0,0.0,0.0,1.95
1944,1.222,0.0,0.0,0.0,0.0,1.95
1945,1.2225,0.5,0.1,0.0,0.0015,1.95
1946,1.222,0.0,0.0,0.0,0.0,1.95
1947,1.2225,0.5,0.1,0.0,0.0015,1.95
1948,1.222,0.0,0.0,0.0,0.0,1.95
1949,1.2225,0.5,0.1,0.0,0.0015,1.95
1950,1.222,0.0,0.0,0.0,0.0,1.95
1951,1.2225,0.5,0.1,0.0,0.0015,1.95
1952,1.222,0.0,0.0,0.0,0.0,1.95
1953,1.222,0.0,0.0,0.0,0.0,1.95
1954,1.2225,0.5,0.1,0.0,0.0015,1.95
1955,1.2225,0.5,0.1,0.0,0.0015,1.95
1956,1.222,0.0,0.0,0.0,0.0,1.95
1957,1.222,0.0,0.0,0.0,0.0,1.95
1958,1.222,0.0,0.0,0.0,0.0,1.95
1959,1.222,0.0,0.0,0.0,0.0,1.95
1960,1.222,0.0,0.0,0.0,0.0,1.95
1961,1.222,0.0,0.0,0.0,0.0,1.95
1962,1.2225,0.5,0.1,0.0,0.0015,1.95
1963,1.2225,0.5,0.1,0.0,0.0015,1.95
1964,1.2225,0.5,0.1,0.0,0.0015,1.95
1965,1.222,0.0,0.0,0.0,0.0,1.95
1966,1.222,0.0,0.0,0.0,0.0,1.95
1967,1.222,0.0,0.0,0.0,0.0,1.95
1968,1.2225,0.5,0.1,0.0,0.0015,1.95
1969,1.222,0.0,0.0,0.0,0.0,1.95
1970,1.222,0.0,0.0,0.0,0.0,1.95
1971,1.2225,0.5,0.1,0.0,0.0015,1.95
1972,1.2225,0.5,0.1,0.0,0.0015,1.95
1973,1.222,0.0,0.0,0.0,0.0,1.95
1974,1.222,0.0,0.0,0.0,0.0,1.95
1975,1.2225,0.5,0.1,0.0,0.0015,1.95
1976,1.222,0.0,0.0,0.0,0.0,1.95
1977,1.2225,0.5,0.1,0.0,0.0015,1.95
1978,1.222,0.0,0.0,0.0,0.0,1.95
1979,1.2225,0.5,0.1,0.0,0.0015,1.95
1980,1.222,0.0,0.0,0.0,0.0,1.95
1981,1.222,0.0,0.0,0.0,0.0,1.95
1982,1.222,0.0,0.0,0.0,0.0,1.95
1983,1.2225,0.5,0.1,0.0,0.0015,1.95
1984,1.2225,0.5,0.1,0.0,0.0015,1.95
1985,1.222,0.0,0.0,0.0,0.0,1.95
1986,1.222,0.0,0.0,0.0,0.0,1.95
1987,1.2225,0.5,0.1,0.0,0.0015,1.95
1988,1.222,0.0,0.0,0.0,0.0,1.95
1989,1.222,0.0,0.0,0.0,0.0,1.95
1990,1.2225,0.5,0.1,0.0,0.0015,1.95
1991,1.2225,0.5,0.1,0.0,0.0015,1.95
1992,1.2225,0.5,0.1,0.0,0.0015,1.95
1993,1.222,0.0,0.0,0.0,0.0,1.95
1994,1.2225,0.5,0.1,0.0,0.0015,1.95
1995,1.222,0.0,0.0,0.0,0.0,1.95
1996,1.2225,0.5,0.1,0.0,0.0015,1.95
1997,1.222,0.0,0.0,0.0,0.0,1.95
1998,1.222,0.0,0.0,0.0,0.0,1.95
1999,1.222,0.0,0.0,0.0,0.0,1.95
2000,1.2225,0.5,0.1,0.0,0.0015,1.95
2001,1.2225,0.5,0.1,0.0,0.0015,1.95
2002,1.2225,0.5,0.1,0.0,0.0015,1.95
2003,1.222,0.0,0.0,0.0,0.0,1.95
2004,1.2225,0.5,0.1,0.0,0.0015,1.95
2005,1.222,0.0,0.0,0.0,0.0,1.95
2006,1.222,0.0,0.0,0.0,0.0,1.95
2007,1.222,0.0,0.0,0.0,0.0,1.95
2008,1.2225,0.5,0.1,0.0,0.0015,1.95
2009,1.2225,0.5,0.1,0.0,0.0015,1.95
2010,1.222,0.0,0.0,0.0,0.0,1.95
2011,1.222,0.0,0.0,0.0,0.0,1.95
2012,1.222,0.0,0.0,0.0,0.0,1.95
2013,1.222,0.0,0.0,0.0,0.0,1.95
2014,1.2225,0.5,0.1,0.0,0.0015,1.95
2015,1.2225,0.5,0.1,0.0,0.0015,1.95
2016,1.222,0.0,0.0,0.0,0.0,1.95
2017,1.222,0.0,0.0,0.0,0.0,1.95
2018,1.2225,0.5,0.1,0.0,0.0015,1.95
2019,1.222,0.0,0.0,0.0,0.0,1.95
2020,1.2225,0.5,0.1,0.0,0.0015,1.95
2021,1.2225,0.5,0.1,0.0,0.0015,1.95
2022,1.222,0.0,0.0,0.0,0.0,1.95
2023,1.222,0.0,0.0,0.0,0.0,1.95
2024,1.222,0.0,0.0,0.0,0.0,1.95
2025,1.2225,0.5,0.1,0.0,0.0015,1.95
2026,1.2225,0.5,0.1,0.0,0.0015,1.95
2027,1.2225,0.5,0.1,0.0,0.0015,1.95
2028,1.222,0.0,0.0,0.0,0.0,1.95
2029,1.222,0.0,0.0,0.0,0.0,1.95
2030,1.2225,0.5,0.1,0.0,0.0015,1.95
2031,1.222,0.0,0.0,0.0,0.0,1.95
2032,1.2225,0.5,0.1,0.0,0.0015,1.95
2033,1.222,0.0,0.0,0.0,0.0,1.95
2034,1.2225,0.5,0.1,0.0,0.0015,1.95
2035,1.222,0.0,0.0,0.0,0.0,1.95
2036,1.2225,0.5,0.1,0.0,0.0015,1.95
2037,1.222,0.0,0.0,0.0,0.0,1.95
2038,1.222,0.0,0.0,0.0,0.0,1.95
2039,1.2225,0.5,0.1,0.0,0.0015,1.95
2040,1.2225,0.5,0.1,0.0,0.0015,1.95
2041,1.222,0.0,0.0,0.0,0.0,1.95
2042,1.222,0.0,0.0,0.0,0.0,1.95
2043,1.2225,0.5,0.1,0.0,0.0015,1.95
2044,1.222,0.0,0.0,0.0,0.0,1.95
2045,1.2225,0.5,0.1,0.0,0.0015,1.95
2046,1.222,0.0,0.0,0.0,0.0,1.95
2047,1.2225,0.5,0.1,0.0,0.0015,1.95
2048,1.222,0.0,0.0,0.0,0.0,1.95
2049,1.222,0.0,0.0,0.0,0.0,1.95
2050,1.2225,0.5,0.1,0.0,0.0015,1.95
2051,1.222,0.0,0.0,0.0,0.0,1.95
2052,1.222,0.0,0.0,0.0,0.0,1.95
2053,1.222,0.0,0.0,0.0,0.0,1.95
2054,1.2225,0.5,0.1,0.0,0.0015,1.95
2055,1.2225,0.5,0.1,0.0,0.0015,1.95
2056,1.2225,0.5,0.1,0.0,0.0015,1.95
2057,1.222,0.0,0.0,0.0,0.0,1.95
2058,1.2225,0.5,0.1,0.0,0.0015,1.95
2059,1.2225,0.5,0.1,0.0,0.0015,1.95
2060,1.222,0.0,0.0,0.0,0.0,1.95
2061,1.222,0.0,0.0,0.0,0.0,1.95
2062,1.222,0.0,0.0,0.0,0.0,1.95
2063,1.2225,0.5,0.1,0.0,0.0015,1.95
2064,1.2225,0.5,0.1,0.0,0.0015,1.95
2065,1.222,0.0,0.0,0.0,0.0,1.95
2066,1.222,0.0,0.0,0.0,0.0,1.95
2067,1.2225,0.5,0.1,0.0,0.0015,1.95
2068,1.222,0.0,0.0,0.0,0.0,1.95
2069,1.222,0.0,0.0,0.0,0.0,1.95
2070,1.222,0.0,0.0,0.0,0.0,1.95
2071,1.2225,0.5,0.1,0.0,0.0015,1.95
2072,1.222,0.0,0.0,0.0,0.0,1.95
2073,1.2225,0.5,0.1,0.0,0.0015,1.95
2074,1.222,0.0,0.0,0.0,0.0,1.95
2075,1.2225,0.5,0.1,0.0,0.0015,1.95
2076,1.222,0.0,0.0,0.0,0.0,1.95
2077,1.222,0.0,0.0,0.0,0.0,1.95
2078,1.222,0.0,0.0,0.0,0.0,1.95
2079,1.222,0.0,0.0,0.0,0.0,1.95
2080,1.222,0.0,0.0,0.0,0.0,1.95
2081,1.2225,0.5,0.1,0.0,0.0015,1.95
2082,1.2225,0.5,0.1,0.0,0.0015,1.95
2083,1.2225,0.5,0.1,0.0,0.0015,1.95
2084,1.2225,0.5,0.1,0.0,0.0015,1.95
2085,1.2225,0.5,0.1,0.0,0.0015,1.95
2086,1.2225,0.5,0.1,0.0,0.0015,1.95
2087,1.2225,0.5,0.1,0.0,0.0015,1.95
2088,1.222,0.0,0.0,0.0,0.0,1.95
2089,1.2225,0.5,0.1,0.0,0.0015,1.95
2090,1.2225,0.5,0.1,0.0,0.0015,1.95
2091,1.222,0.0,0.0,0.0,0.0,1.95
2092,1.2225,0.5,0.1,0.0,0.0015,1.95
2093,1.222,0.0,0.0,0.0,0.0,1.95
2094,1.2225,0.5,0.1,0.0,0.0015,1.95
2095,1.222,0.0,0.0,0.0,0.0,1.95
2096,1.222,0.0,0.0,0.0,0.0,1.95
2097,1.2225,0.5,0.1,0.0,0.0015,1.95
2098,1.2225,0.5,0.1,0.0,0.0015,1.95
2099,1.222,0.0,0.0,0.0,0.0,1.95
2100,1.2225,0.5,0.1,0.0,0.0015,1.95
2101,1.2225,0.5,0.1,0.0,0.0015,1.95
2102,1.222,0.0,0.0,0.0,0.0,1.95
2103,1.222,0.0,0.0,0.0,0.0,1.95
2104,1.2225,0.5,0.1,0.0,0.0015,1.95
2105,1.2225,0.5,0.1,0.0,0.0015,1.95
2106,1.222,0.0,0.0,0.0,0.0,1.95
2107,1.2225,0.5,0.1,0.0,0.0015,1.95
2108,1.2225,0.5,0.1,0.0,0.0015,1.95
2109,1.222,0.0,0.0,0.0,0.0,1.95
2110,1.222,0.0,0.0,0.0,0.0,1.95
2111,1.2225,0.5,0.1,0.0,0.0015,1.95
2112,1.222,0.0,0.0,0.0,0.0,1.95
2113,1.2225,0.5,0.1,0.0,0.0015,1.95
2114,1.222,0.0,0.0,0.0,0.0,1.95
2115,1.2225,0.5,0.1,0.0,0.0015,1.95
2116,1.2225,0.5,0.1,0.0,0.0015,1.95
2117,1.222,0.0,0.0,0.0,0.0,1.95
2118,1.2225,0.5,0.1,0.0,0.0015,1.95
2119,1.222,0.0,0.0,0.0,0.0,1.95
2120,1.222,0.0,0.0,0.0,0.0,1.95
2121,1.2225,0.5,0.1,0.0,0.0015,1.95
2122,1.2225,0.5,0.1,0.0,0.0015,1.95
2123,1.2225,0.5,0.1,0.0,0.0015,1.95
2124,1.2225,0.5,0.1,0.0,0.0015,1.95
2125,1.222,0.0,0.0,0.0,0.0,1.95
2126,1.2225,0.5,0.1,0.0,0.0015,1.95
2127,1.222,0.0,0.0,0.0,0.0,1.95
2128,1.222,0.0,0.0,0.0,0.0,1.95
2129,1.222,0.0,0.0,0.0,0.0,1.95
2130,1.222,0.0,0.0,0.0,0.0,1.95
2131,1.222,0.0,0.0,0.0,0.0,1.95
2132,1.222,0.0,0.0,0.0,0.0,1.95
2133,1.222,0.0,0.0,0.0,0.0,1.95
2134,1.222,0.0,0.0,0.0,0.0,1.95
2135,1.222,0.0,0.0,0.0,0.0,1.95
2136,1.2225,0.5,0.1,0.0,0.0015,1.95
2137,1.2225,0.5,0.1,0.0,0.0015,1.95
2138,1.2225,0.5,0.1,0.0,0.0015,1.95
2139,1.2225,0.5,0.1,0.0,0.0015,1.95
2140,1.222,0.0,0.0,0.0,0.0,1.95
2141,1.222,0.0,0.0,0.0,0.0,1.95
2142,1.2225,0.5,0.1,0.0,0.0015,1.95
2143,1.222,0.0,0.0,0.0,0.0,1.95
2144,1.222,0.0,0.0,0.0,0.0,1.95
2145,1.2225,0.5,0.1,0.0,0.0015,1.95
2146,1.222,0.0,0.0,0.0,0.0,1.95
2147,1.2225,0.5,0.1,0.0,0.0015,1.95
2148,1.222,0.0,0.0,0.0,0.0,1.95
2149,1.222,0.0,0.0,0.0,0.0,1.95
2150,1.222,0.0,0.0,0.0,0.0,1.95
2151,1.2225,0.5,0.1,0.0,0.0015,1.95
2152,1.222,0.0,0.0,0.0,0.0,1.95
2153,1.2225,0.5,0.1,0.0,0.0015,1.95
2154,1.2225,0.5,0.1,0.0,0.0015,1.95
2155,1.2225,0.5,0.1,0.0,0.0015,1.95
2156,1.222,0.0,0.0,0.0,0.0,1.95
2157,1.222,0.0,0.0,0.0,0.0,1.95
2158,1.222,0.0,0.0,0.0,0.0,1.95
2159,1.222,0.0,0.0,0.0,0.0,1.95
2160,1.222,0.0,0.0,0.0,0.0,1.95
2161,1.2225,0.5,0.1,0.0,0.0015,1.95
2162,1.2225,0.5,0.1,0.0,0.0015,1.95
2163,1.222,0.0,0.0,0.0,0.0,1.95
2164,1.222,0.0,0.0,0.0,0.0,1.95
2165,1.2225,0.5,0.1,0.0,0.0015,1.95
2166,1.2225,0.5,0.1,0.0,0.0015,1.95
2167,1.222,0.0,0.0,0.0,0.0,1.95
2168,1.222,0.0,0.0,0.0,0.0,1.95
2169,1.222,0.0,0.0,0.0,0.0,1.95
2170,1.2225,0.5,0.1,0.0,0.0015,1.95
2171,1.2225,0.5,0.1,0.0,0.0015,1.95
2172,1.222,0.0,0.0,0.0,0.0,1.95
2173,1.2225,0.5,0.1,0.0,0.0015,1.95
2174,1.222,0.0,0.0,0.0,0.0,1.95
2175,1.222,0.0,0.0,0.0,0.0,1.95
2176,1.222,0.0,0.0,0.0,0.0,1.95
2177,1.222,0.0,0.0,0.0,0.0,1.95
2178,1.222,0.0,0.0,0.0,0.0,1.95
2179,1.222,0.0,0.0,0.0,0.0,1.95
2180,1.222,0.0,0.0,0.0,0.0,1.95
2181,1.222,0.0,0.0,0.0,0.0,1.95
2182,1.222,0.0,0.0,0.0,0.0,1.95
2183,1.2225,0.5,0.1,0.0,0.0015,1.95
2184,1.2225,0.5,0.1,0.0,0.0015,1.95
2185,1.2225,0.5,0.1,0.0,0.0015,1.95
2186,1.2225,0.5,0.1,0.0,0.0015,1.95
2187,1.222,0.0,0.0,0.0,0.0,1.95
2188,1.2225,0.5,0.1,0.0,0.0015,1.95
2189,1.2225,0.5,0.1,0.0,0.0015,1.95
2190,1.2225,0.5,0.1,0.0,0.0015,1.95
2191,1.2225,0.5,0.1,0.0,0.0015,1.95
2192,1.2225,0.5,0.1,0.0,0.0015,1.95
2193,1.222,0.0,0.0,0.0,0.0,1.95
2194,1.222,0.0,0.0,0.0,0.0,1.95
2195,1.2225,0.5,0.1,0.0,0.0015,1.95
2196,1.222,0.0,0.0,0.0,0.0,1.95
2197,1.2225,0.5,0.1,0.0,0.0015,1.95
2198,1.222,0.0,0.0,0.0,0.0,1.95
2199,1.222,0.0,0.0,0.0,0.0,1.95
2200,1.222,0.0,0.0,0.0,0.0,1.95
2201,1.222,0.0,0.0,0.0,0.0,1.95
2202,1.2225,0.5,0.1,0.0,0.0015,1.95
2203,1.2225,0.5,0.1,0.0,0.0015,1.95
2204,1.2225,0.5,0.1,0.0,0.0015,1.95
2205,1.222,0.0,0.0,0.0,0.0,1.95
2206,1.222,0.0,0.0,0.0,0.0,1.95
2207,1.222,0.0,0.0,0.0,0.0,1.95
2208,1.222,0.0,0.0,0.0,0.0,1.95
2209,1.2225,0.5,0.1,0.0,0.0015,1.95
2210,1.2225,0.5,0.1,0.0,0.0015,1.95
2211,1.222,0.0,0.0,0.0,0.0,1.95
2212,1.222,0.0,0.0,0.0,0.0,1.95
2213,1.222,0.0,0.0,0.0,0.0,1.95
2214,1.2225,0.5,0.1,0.0,0.0015,1.95
2215,1.2225,0.5,0.1,0.0,0.0015,1.95
2216,1.2225,0.5,0.1,0.0,0.0015,1.95
2217,1.222,0.0,0.0,0.0,0.0,1.95
2218,1.222,0.0,0.0,0.0,0.0,1.95
2219,1.2225,0.5,0.1,0.0,0.0015,1.95
2220,1.2225,0.5,0.1,0.0,0.0015,1.95
2221,1.2225,0.5,0.1,0.0,0.0015,1.95
2222,1.2225,0.5,0.1,0.0,0.0015,1.95
2223,1.2225,0.5,0.1,0.0,0.0015,1.95
2224,1.222,0.0,0.0,0.0,0.0,1.95
2225,1.222,0.0,0.0,0.0,0.0,1.95
2226,1.2225,0.5,0.1,0.0,0.0015,1.95
2227,1.2225,0.5,0.1,0.0,0.0015,1.95
2228,1.222,0.0,0.0,0.0,0.0,1.95
2229,1.2225,0.5,0.1,0.0,0.0015,1.95
2230,1.2225,0.5,0.1,0.0,0.0015,1.95
2231,1.222,0.0,0.0,0.0,0.0,1.95
2232,1.222,0.0,0.0,0.0,0.0,1.95
2233,1.222,0.0,0.0,0.0,0.0,1.95
2234,1.2225,0.5,0.1,0.0,0.0015,1.95
2235,1.222,0.0,0.0,0.0,0.0,1.95
2236,1.2225,0.5,0.1,0.0,0.0015,1.95
2237,1.2225,0.5,0.1,0.0,0.0015,1.95
2238,1.222,0.0,0.0,0.0,0.0,1.95
2239,1.222,0.0,0.0,0.0,0.0,1.95
2240,1.2225,0.5,0.1,0.0,0.0015,1.95
2241,1.222,0.0,0.0,0.0,0.0,1.95
2242,1.222,0.0,0.0,0.0,0.0,1.95
2243,1.2225,0.5,0.1,0.0,0.0015,1.95
2244,1.2225,0.5,0.1,0.0,0.0015,1.95
2245,1.2225,0.5,0.1,0.0,0.0015,1.95
2246,1.222,0.0,0.0,0.0,0.0,1.95
2247,1.222,0.0,0.0,0.0,0.0,1.95
2248,1.2225,0.5,0.1,0.0,0.0015,1.95
2249,1.222,0.0,0.0,0.0,0.0,1.95
2250,1.2225,0.5,0.1,0.0,0.0015,1.95
2251,1.2225,0.5,0.1,0.0,0.0015,1.95
2252,1.2225,0.5,0.1,0.0,0.0015,1.95
2253,1.222,0.0,0.0,0.0,0.0,1.95
2254,1.222,0.0,0.0,0.0,0.0,1.95
2255,1.222,0.0,0.0,0.0,0.0,1.95
2256,1.222,0.0,0.0,0.0,0.0,1.95
2257,1.222,0.0,0.0,0.0,0.0,1.95
2258,1.2225,0.5,0.1,0.0,0.0015,1.95
2259,1.2225,0.5,0.1,0.0,0.0015,1.95
2260,1.222,0.0,0.0,0.0,0.0,1.95
2261,1.2225,0.5,0.1,0.0,0.0015,1.95
2262,1.222,0.0,0.0,0.0,0.0,1.95
2263,1.222,0.0,0.0,0.0,0.0,1.95
2264,1.222,0.0,0.0,0.0,0.0,1.95
2265,1.2225,0.5,0.1,0.0,0.0015,1.95
2266,1.222,0.0,0.0,0.0,0.0,1.95
2267,1.222,0.0,0.0,0.0,0.0,1.95
2268,1.222,0.0,0.0,0.0,0.0,1.95
2269,1.2225,0.5,0.1,0.0,0.0015,1.95
2270,1.222,0.0,0.0,0.0,0.0,1.95
2271,1.222,0.0,0.0,0.0,0.0,1.95
2272,1.2225,0.5,0.1,0.0,0.0015,1.95
2273,1.222,0.0,0.0,0.0,0.0,1.95
2274,1.2225,0.5,0.1,0.0,0.0015,1.95
2275,1.222,0.0,0.0,0.0,0.0,1.95
2276,1.222,0.0,0.0,0.0,0.0,1.95
2277,1.222,0.0,0.0,0.0,0.0,1.95
2278,1.222,0.0,0.0,0.0,0.0,1.95
2279,1.222,0.0,0.0,0.0,0.0,1.95
2280,1.222,0.0,0.0,0.0,0.0,1.95
2281,1.2225,0.5,0.1,0.0,0.0015,1.95
2282,1.2225,0.5,0.1,0.0,0.0015,1.95
2283,1.2225,0.5,0.1,0.0,0.0015,1.95
2284,1.222,0.0,0.0,0.0,0.0,1.95
2285,1.2225,0.5,0.1,0.0,0.0015,1.95
2286,1.2225,0.5,0.1,0.0,0.0015,1.95
2287,1.222,0.0,0.0,0.0,0.0,1.95
2288,1.222,0.0,0.0,0.0,0.0,1.95
2289,1.2225,0.5,0.1,0.0,0.0015,1.95
2290,1.222,0.0,0.0,0.0,0.0,1.95
2291,1.2225,0.5,0.1,0.0,0.0015,1.95
2292,1.222,0.0,0.0,0.0,0.0,1.95
2293,1.222,0.0,0.0,0.0,0.0,1.95
2294,1.2225,0.5,0.1,0.0,0.0015,1.95
2295,1.222,0.0,0.0,0.0,0.0,1.95
2296,1.222,0.0,0.0,0.0,0.0,1.95
2297,1.2225,0.5,0.1,0.0,0.0015,1.95
2298,1.222,0.0,0.0,0.0,0.0,1.95
2299,1.2225,0.5,0.1,0.0,0.0015,1.95
2300,1.222,0.0,0.0,0.0,0.0,1.95
2301,1.2225,0.5,0.1,0.0,0.0015,1.95
2302,1.222,0.0,0.0,0.0,0.0,1.95
2303,1.2225,0.5,0.1,0.0,0.0015,1.95
2304,1.2225,0.5,0.1,0.0,0.0015,1.95
2305,1.2225,0.5,0.1,0.0,0.0015,1.95
2306,1.2225,0.5,0.1,0.0,0.0015,1.95
2307,1.222,0.0,0.0,0.0,0.0,1.95
2308,1.222,0.0,0.0,0.0,0.0,1.95
2309,1.222,0.0,0.0,0.0,0.0,1.95
2310,1.2225,0.5,0.1,0.0,0.0015,1.95
2311,1.222,0.0,0.0,0.0,0.0,1.95
2312,1.222,0.0,0.0,0.0,0.0,1.95
2313,1.222,0.0,0.0,0.0,0.0,1.95
2314,1.222,0.0,0.0,0.0,0.0,1.95
2315,1.222,0.0,0.0,0.0,0.0,1.95
2316,1.222,0.0,0.0,0.0,0.0,1.95
2317,1.2225,0.5,0.1,0.0,0.0015,1.95
2318,1.222,0.0,0.0,0.0,0.0,1.95
2319,1.2225,0.5,0.1,0.0,0.0015,1.95
2320,1.222,0.0,0.0,0.0,0.0,1.95
2321,1.222,0.0,0.0,0.0,0.0,1.95
2322,1.222,0.0,0.0,0.0,0.0,1.95
2323,1.2225,0.5,0.1,0.0,0.0015,1.95
2324,1.222,0.0,0.0,0.0,0.0,1.95
2325,1.2225,0.5,0.1,0.0,0.0015,1.95
2326,1.222,0.0,0.0,0.0,0.0,1.95
2327,1.2225,0.5,0.1,0.0,0.0015,1.95
2328,1.2225,0.5,0.1,0.0,0.0015,1.95
2329,1.2225,0.5,0.1,0.0,0.0015,1.95
2330,1.222,0.0,0.0,0.0,0.0,1.95
2331,1.222,0.0,0.0,0.0,0.0,1.95
2332,1.2225,0.5,0.1,0.0,0.0015,1.95
2333,1.222,0.0,0.0,0.0,0.0,1.95
2334,1.222,0.0,0.0,0.0,0.0,1.95
2335,1.2225,0.5,0.1,0.0,0.0015,1.95
2336,1.222,0.0,0.0,0.0,0.0,1.95
2337,1.222,0.0,0.0,0.0,0.0,1.95
2338,1.2225,0.5,0.1,0.0,0.0015,1.95
2339,1.2225,0.5,0.1,0.0,0.0015,1.95
2340,1.2225,0.5,0.1,0.0,0.0015,1.95
2341,1.2225,0.5,0.1,0.0,0.0015,1.95
2342,1.2225,0.5,0.1,0.0,0.0015,1.95
2343,1.222,0.0,0.0,0.0,0.0,1.95
2344,1.222,0.0,0.0,0.0,0.0,1.95
2345,1.2225,0.5,0.1,0.0,0.0015,1.95
2346,1.222,0.0,0.0,0.0,0.0,1.95
2347,1.222,0.0,0.0,0.0,0.0,1.95
2348,1.2225,0.5,0.1,0.0,0.0015,1.95
2349,1.2225,0.5,0.1,0.0,0.0015,1.95
2350,1.222,0.0,0.0,0.0,0.0,1.95
2351,1.2225,0.5,0.1,0.0,0.0015,1.95
2352,1.222,0.0,0.0,0.0,0.0,1.95
2353,1.2225,0.5,0.1,0.0,0.0015,1.95
2354,1.222,0.0,0.0,0.0,0.0,1.95
2355,1.222,0.0,0.0,0.0,0.0,1.95
2356,1.222,0.0,0.0,0.0,0.0,1.95
2357,1.222,0.0,0.0,0.0,0.0,1.95
2358,1.2225,0.5,0.1,0.0,0.0015,1.95
2359,1.2225,0.5,0.1,0.0,0.0015,1.95
2360,1.2225,0.5,0.1,0.0,0.0015,1.95
2361,1.222,0.0,0.0,0.0,0.0,1.95
2362,1.2225,0.5,0.1,0.0,0.0015,1.95
2363,1.2225,0.5,0.1,0.0,0.0015,1.95
2364,1.222,0.0,0.0,0.0,0.0,1.95
2365,1.2225,0.5,0.1,0.0,0.0015,1.95
2366,1.2225,0.5,0.1,0.0,0.0015,1.95
2367,1.2225,0.5,0.1,0.0,0.0015,1.95
2368,1.2225,0.5,0.1,0.0,0.0015,1.95
2369,1.2225,0.5,0.1,0.0,0.0015,1.95
2370,1.222,0.0,0.0,0.0,0.0,1.95
2371,1.2225,0.5,0.1,0.0,0.0015,1.95
2372,1.222,0.0,0.0,0.0,0.0,1.95
2373,1.222,0.0,0.0,0.0,0.0,1.95
2374,1.222,0.0,0.0,0.0,0.0,1.95
2375,1.2225,0.5,0.1,0.0,0.0015,1.95
2376,1.222,0.0,0.0,0.0,0.0,1.95
2377,1.222,0.0,0.0,0.0,0.0,1.95
2378,1.222,0.0,0.0,0.0,0.0,1.95
2379,1.2225,0.5,0.1,0.0,0.0015,1.95
2380,1.2225,0.5,0.1,0.0,0.0015,1.95
2381,1.2225,0.5,0.1,0.0,0.0015,1.95
2382,1.222,0.0,0.0,0.0,0.0,1.95
2383,1.222,0.0,0.0,0.0,0.0,1.95
2384,1.2225,0.5,0.1,0.0,0.0015,1.95
2385,1.2225,0.5,0.1,0.0,0.0015,1.95
2386,1.2225,0.5,0.1,0.0,0.0015,1.95
2387,1.222,0.0,0.0,0.0,0.0,1.95
2388,1.222,0.0,0.0,0.0,0.0,1.95
2389,1.2225,0.5,0.1,0.0,0.0015,1.95
2390,1.2225,0.5,0.1,0.0,0.0015,1.95
2391,1.2225,0.5,0.1,0.0,0.0015,1.95
2392,1.2225,0.5,0.1,0.0,0.0015,1.95
2393,1.2225,0.5,0.1,0.0,0.0015,1.95
2394,1.2225,0.5,0.1,0.0,0.0015,1.95
2395,1.222,0.0,0.0,0.0,0.0,1.95
2396,1.222,0.0,0.0,0.0,0.0,1.95
2397,1.2225,0.5,0.1,0.0,0.0015,1.95
2398,1.2225,0.5,0.1,0.0,0.0015,1.95
2399,1.222,0.0,0.0,0.0,0.0,1.95
2400,1.222,0.0,0.0,0.0,0.0,1.95
2401,1.2225,0.5,0.1,0.0,0.0015,1.95
2402,1.2225,0.5,0.1,0.0,0.0015,1.95
2403,1.2225,0.5,0.1,0.0,0.0015,1.95
2404,1.222,0.0,0.0,0.0,0.0,1.95
2405,1.222,0.0,0.0,0.0,0.0,1.95
2406,1.222,0.0,0.0,0.0,0.0,1.95
2407,1.2225,0.5,0.1,0.0,0.0015,1.95
2408,1.2225,0.5,0.1,0.0,0.0015,1.95
2409,1.2225,0.5,0.1,0.0,0.0015,1.95
2410,1.222,0.0,0.0,0.0,0.0,1.95
2411,1.222,0.0,0.0,0.0,0.0,1.95
2412,1.2225,0.5,0.1,0.0,0.0015,1.95
2413,1.222,0.0,0.0,0.0,0.0,1.95
2414,1.222,0.0,0.0,0.0,0.0,1.95
2415,1.222,0.0,0.0,0.0,0.0,1.95
2416,1.2225,0.5,0.1,0.0,0.0015,1.95
2417,1.2225,0.5,0.1,0.0,0.0015,1.95
2418,1.222,0.0,0.0,0.0,0.0,1.95
2419,1.222,0.0,0.0,0.0,0.0,1.95
2420,1.222,0.0,0.0,0.0,0.0,1.95
2421,1.222,0.0,0.0,0.0,0.0,1.95
2422,1.222,0.0,0.0,0.0,0.0,1.95
2423,1.222,0.0,0.0,0.0,0.0,1.95
2424,1.2225,0.5,0.1,0.0,0.0015,1.95
2425,1.222,0.0,0.0,0.0,0.0,1.95
2426,1.222,0.0,0.0,0.0,0.0,1.95
2427,1.2225,0.5,0.1,0.0,0.0015,1.95
2428,1.222,0.0,0.0,0.0,0.0,1.95
2429,1.2225,0.5,0.1,0.0,0.0015,1.95
2430,1.222,0.0,0.0,0.0,0.0,1.95
2431,1.2225,0.5,0.1,0.0,0.0015,1.95
2432,1.222,0.0,0.0,0.0,0.0,1.95
2433,1.222,0.0,0.0,0.0,0.0,1.95
2434,1.222,0.0,0.0,0.0,0.0,1.95
2435,1.2225,0.5,0.1,0.0,0.0015,1.95
2436,1.222,0.0,0.0,0.0,0.0,1.95
2437,1.222,0.0,0.0,0.0,0.0,1.95
2438,1.2225,0.5,0.1,0.0,0.0015,1.95
2439,1.2225,0.5,0.1,0.0,0.0015,1.95
2440,1.2225,0.5,0.1,0.0,0.0015,1.95
2441,1.222,0.0,0.0,0.0,0.0,1.95
2442,1.2225,0.5,0.1,0.0,0.0015,1.95
2443,1.2225,0.5,0.1,0.0,0.0015,1.95
2444,1.222,0.0,0.0,0.0,0.0,1.95
2445,1.222,0.0,0.0,0.0,0.0,1.95
2446,1.222,0.0,0.0,0.0,0.0,1.95
2447,1.222,0.0,0.0,0.0,0.0,1.95
2448,1.222,0.0,0.0,0.0,0.0,1.95
2449,1.222,0.0,0.0,0.0,0.0,1.95
2450,1.222,0.0,0.0,0.0,0.0,1.95
2451,1.2225,0.5,0.1,0.0,0.0015,1.95
2452,1.222,0.0,0.0,0.0,0.0,1.95
2453,1.222,0.0,0.0,0.0,0.0,1.95
2454,1.222,0.0,0.0,0.0,0.0,1.95
2455,1.222,0.0,0.0,0.0,0.0,1.95
2456,1.222,0.0,0.0,0.0,0.0,1.95
2457,1.2225,0.5,0.1,0.0,0.0015,1.95
2458,1.2225,0.5,0.1,0.0,0.0015,1.95
2459,1.2225,0.5,0.1,0.0,0.0015,1.95
2460,1.2225,0.5,0.1,0.0,0.0015,1.95
2461,1.2225,0.5,0.1,0.0,0.0015,1.95
2462,1.222,0.0,0.0,0.0,0.0,1.95
2463,1.2225,0.5,0.1,0.0,0.0015,1.95
2464,1.222,0.0,0.0,0.0,0.0,1.95
2465,1.2225,0.5,0.1,0.0,0.0015,1.95
2466,1.2225,0.5,0.1,0.0,0.0015,1.95
2467,1.2225,0.5,0.1,0.0,0.0015,1.95
2468,1.222,0.0,0.0,0.0,0.0,1.95
2469,1.2225,0.5,0.1,0.0,0.0015,1.95
2470,1.2225,0.5,0.1,0.0,0.0015,1.95
2471,1.2225,0.5,0.1,0.0,0.0015,1.95
2472,1.2225,0.5,0.1,0.0,0.0015,1.95
2473,1.222,0.0,0.0,0.0,0.0,1.95
2474,1.2225,0.5,0.1,0.0,0.0015,1.95
2475,1.2225,0.5,0.1,0.0,0.0015,1.95
2476,1.2225,0.5,0.1,0.0,0.0015,1.95
2477,1.222,0.0,0.0,0.0,0.0,1.95
2478,1.2225,0.5,0.1,0.0,0.0015,1.95
2479,1.2225,0.5,0.1,0.0,0.0015,1.95
2480,1.222,0.0,0.0,0.0,0.0,1.95
2481,1.222,0.0,0.0,0.0,0.0,1.95
2482,1.222,0.0,0.0,0.0,0.0,1.95
2483,1.222,0.0,0.0,0.0,0.0,1.95
2484,1.2225,0.5,0.1,0.0,0.0015,1.95
2485,1.2225,0.5,0.1,0.0,0.0015,1.95
2486,1.222,0.0,0.0,0.0,0.0,1.95
2487,1.222,0.0,0.0,0.0,0.0,1.95
2488,1.222,0.0,0.0,0.0,0.0,1.95
2489,1.222,0.0,0.0,0.0,0.0,1.95
2490,1.222,0.0,0.0,0.0,0.0,1.95
2491,1.2225,0.5,0.1,0.0,0.0015,1.95
2492,1.222,0.0,0.0,0.0,0.0,1.95
2493,1.222,0.0,0.0,0.0,0.0,1.95
2494,1.2225,0.5,0.1,0.0,0.0015,1.95
2495,1.2225,0.5,0.1,0.0,0.0015,1.95
2496,1.2225,0.5,0.1,0.0,0.0015,1.95
2497,1.222,0.0,0.0,0.0,0.0,1.95
2498,1.2225,0.5,0.1,0.0,0.0015,1.95
2499,1.2225,0.5,0.1,0.0,0.0015,1.95
2500,1.222,0.0,0.0,0.0,0.0,1.95
2501,1.222,0.0,0.0,0.0,0.0,1.95
2502,1.2225,0.5,0.1,0.0,0.0015,1.95
2503,1.2225,0.5,0.1,0.0,0.0015,1.95
2504,1.222,0.0,0.0,0.0,0.0,1.95
2505,1.2225,0.5,0.1,0.0,0.0015,1.95
2506,1.2225,0.5,0.1,0.0,0.0015,1.95
2507,1.222,0.0,0.0,0.0,0.0,1.95
2508,1.222,0.0,0.0,0.0,0.0,1.95
2509,1.2225,0.5,0.1,0.0,0.0015,1.95
2510,1.222,0.0,0.0,0.0,0.0,1.95
2511,1.2225,0.5,0.1,0.0,0.0015,1.95
2512,1.222,0.0,0.0,0.0,0.0,1.95
2513,1.2225,0.5,0.1,0.0,0.0015,1.95
2514,1.222,0.0,0.0,0.0,0.0,1.95
2515,1.222,0.0,0.0,0.0,0.0,1.95
2516,1.222,0.0,0.0,0.0,0.0,1.95
2517,1.222,0.0,0.0,0.0,0.0,1.95
2518,1.2225,0.5,0.1,0.0,0.0015,1.95
2519,1.2225,0.5,0.1,0.0,0.0015,1.95
2520,1.222,0.0,0.0,0.0,0.0,1.95
2521,1.2225,0.5,0.1,0.0,0.0015,1.95
2522,1.222,0.0,0.0,0.0,0.0,1.95
2523,1.2225,0.5,0.1,0.0,0.0015,1.95
2524,1.222,0.0,0.0,0.0,0.0,1.95
2525,1.222,0.0,0.0,0.0,0.0,1.95
2526,1.2225,0.5,0.1,0.0,0.0015,1.95
2527,1.2225,0.5,0.1,0.0,0.0015,1.95
2528,1.2225,0.5,0.1,0.0,0.0015,1.95
2529,1.2225,0.5,0.1,0.0,0.0015,1.95
2530,1.2225,0.5,0.1,0.0,0.0015,1.95
2531,1.2225,0.5,0.1,0.0,0.0015,1.95
2532,1.222,0.0,0.0,0.0,0.0,1.95
2533,1.2225,0.5,0.1,0.0,0.0015,1.95
2534,1.222,0.0,0.0,0.0,0.0,1.95
2535,1.222,0.0,0.0,0.0,0.0,1.95
2536,1.2225,0.5,0.1,0.0,0.0015,1.95
2537,1.222,0.0,0.0,0.0,0.0,1.95
2538,1.2225,0.5,0.1,0.0,0.0015,1.95
2539,1.2225,0.5,0.1,0.0,0.0015,1.95
2540,1.2225,0.5,0.1,0.0,0.0015,1.95
2541,1.222,0.0,0.0,0.0,0.0,1.95
2542,1.2225,0.5,0.1,0.0,0.0015,1.95
2543,1.222,0.0,0.0,0.0,0.0,1.95
2544,1.2225,0.5,0.1,0.0,0.0015,1.95
2545,1.222,0.0,0.0,0.0,0.0,1.95
2546,1.222,0.0,0.0,0.0,0.0,1.95
2547,1.222,0.0,0.0,0.0,0.0,1.95
2548,1.2225,0.5,0.1,0.0,0.0015,1.95
2549,1.222,0.0,0.0,0.0,0.0,1.95
2550,1.2225,0.5,0.1,0.0,0.0015,1.95
2551,1.2225,0.5,0.1,0.0,0.0015,1.95
2552,1.222,0.0,0.0,0.0,0.0,1.95
2553,1.222,0.0,0.0,0.0,0.0,1.95
2554,1.222,0.0,0.0,0.0,0.0,1.95
2555,1.2225,0.5,0.1,0.0,0.0015,1.95
2556,1.2225,0.5,0.1,0.0,0.0015,1.95
2557,1.222,0.0,0.0,0.0,0.0,1.95
2558,1.222,0.0,0.0,0.0,0.0,1.95
2559,1.2225,0.5,0.1,0.0,0.0015,1.95
2560,1.2225,0.5,0.1,0.0,0.0015,1.95
2561,1.222,0.0,0.0,0.0,0.0,1.95
2562,1.2225,0.5,0.1,0.0,0.0015,1.95
2563,1.2225,0.5,0.1,0.0,0.0015,1.95
2564,1.2225,0.5,0.1,0.0,0.0015,1.95
2565,1.222,0.0,0.0,0.0,0.0,1.95
2566,1.2225,0.5,0.1,0.0,0.0015,1.95
2567,1.2225,0.5,0.1,0.0,0.0015,1.95
2568,1.222,0.0,0.0,0.0,0.0,1.95
2569,1.2225,0.5,0.1,0.0,0.0015,1.95
2570,1.222,0.0,0.0,0.0,0.0,1.95
2571,1.222,0.0,0.0,0.0,0.0,1.95
2572,1.2225,0.5,0.1,0.0,0.0015,1.95
2573,1.2225,0.5,0.1,0.0,0.0015,1.95
2574,1.222,0.0,0.0,0.0,0.0,1.95
2575,1.222,0.0,0.0,0.0,0.0,1.95
2576,1.2225,0.5,0.1,0.0,0.0015,1.95
2577,1.2225,0.5,0.1,0.0,0.0015,1.95
2578,1.222,0.0,0.0,0.0,0.0,1.95
2579,1.2225,0.5,0.1,0.0,0.0015,1.95
2580,1.2225,0.5,0.1,0.0,0.0015,1.95
2581,1.222,0.0,0.0,0.0,0.0,1.95
2582,1.2225,0.5,0.1,0.0,0.0015,1.95
2583,1.222,0.0,0.0,0.0,0.0,1.95
2584,1.2225,0.5,0.1,0.0,0.0015,1.95
2585,1.2225,0.5,0.1,0.0,0.0015,1.95
2586,1.222,0.0,0.0,0.0,0.0,1.95
2587,1.222,0.0,0.0,0.0,0.0,1.95
2588,1.222,0.0,0.0,0.0,0.0,1.95
2589,1.2225,0.5,0.1,0.0,0.0015,1.95
2590,1.222,0.0,0.0,0.0,0.0,1.95
2591,1.2225,0.5,0.1,0.0,0.0015,1.95
2592,1.222,0.0,0.0,0.0,0.0,1.95
2593,1.2225,0.5,0.1,0.0,0.0015,1.95
2594,1.222,0.0,0.0,0.0,0.0,1.95
2595,1.222,0.0,0.0,0.0,0.0,1.95
2596,1.2225,0.5,0.1,0.0,0.0015,1.95
2597,1.2225,0.5,0.1,0.0,0.0015,1.95
2598,1.2225,0.5,0.1,0.0,0.0015,1.95
2599,1.222,0.0,0.0,0.0,0.0,1.95
2600,1.222,0.0,0.0,0.0,0.0,1.95
2601,1.2225,0.5,0.1,0.0,0.0015,1.95
2602,1.222,0.0,0.0,0.0,0.0,1.95
2603,1.222,0.0,0.0,0.0,0.0,1.95
2604,1.2225,0.5,0.1,0.0,0.0015,1.95
2605,1.2225,0.5,0.1,0.0,0.0015,1.95
2606,1.222,0.0,0.0,0.0,0.0,1.95
2607,1.222,0.0,0.0,0.0,0.0,1.95
2608,1.222,0.0,0.0,0.0,0.0,1.95
2609,1.222,0.0,0.0,0.0,0.0,1.95
2610,1.2225,0.5,0.1,0.0,0.0015,1.95
2611,1.2225,0.5,0.1,0.0,0.0015,1.95
2612,1.2225,0.5,0.1,0.0,0.0015,1.95
2613,1.222,0.0,0.0,0.0,0.0,1.95
2614,1.2225,0.5,0.1,0.0,0.0015,1.95
2615,1.222,0.0,0.0,0.0,0.0,1.95
2616,1.222,0.0,0.0,0.0,0.0,1.95
2617,1.222,0.0,0.0,0.0,0.0,1.95
2618,1.2225,0.5,0.1,0.0,0.0015,1.95
2619,1.2225,0.5,0.1,0.0,0.0015,1.95
2620,1.2225,0.5,0.1,0.0,0.0015,1.95
2621,1.2225,0.5,0.1,0.0,0.0015,1.95
2622,1.2225,0.5,0.1,0.0,0.0015,1.95
2623,1.222,0.0,0.0,0.0,0.0,1.95
2624,1.222,0.0,0.0,0.0,0.0,1.95
2625,1.2225,0.5,0.1,0.0,0.0015,1.95
2626,1.222,0.0,0.0,0.0,0.0,1.95
2627,1.222,0.0,0.0,0.0,0.0,1.95
2628,1.2225,0.5,0.1,0.0,0.0015,1.95
2629,1.2225,0.5,0.1,0.0,0.0015,1.95
2630,1.222,0.0,0.0,0.0,0.0,1.95
2631,1.2225,0.5,0.1,0.0,0.0015,1.95
2632,1.222,0.0,0.0,0.0,0.0,1.95
2633,1.222,0.0,0.0,0.0,0.0,1.95
2634,1.2225,0.5,0.1,0.0,0.0015,1.95
2635,1.222,0.0,0.0,0.0,0.0,1.95
2636,1.2225,0.5,0.1,0.0,0.0015,1.95
2637,1.222,0.0,0.0,0.0,0.0,1.95
2638,1.2225,0.5,0.1,0.0,0.0015,1.95
2639,1.2225,0.5,0.1,0.0,0.0015,1.95
2640,1.222,0.0,0.0,0.0,0.0,1.95
2641,1.2225,0.5,0.1,0.0,0.0015,1.95
2642,1.2225,0.5,0.1,0.0,0.0015,1.95
2643,1.2225,0.5,0.1,0.0,0.0015,1.95
2644,1.2225,0.5,0.1,0.0,0.0015,1.95
2645,1.222,0.0,0.0,0.0,0.0,1.95
2646,1.222,0.0,0.0,0.0,0.0,1.95
2647,1.222,0.0,0.0,0.0,0.0,1.95
2648,1.2225,0.5,0.1,0.0,0.0015,1.95
2649,1.222,0.0,0.0,0.0,0.0,1.95
2650,1.2225,0.5,0.1,0.0,0.0015,1.95
2651,1.222,0.0,0.0,0.0,0.0,1.95
2652,1.222,0.0,0.0,0.0,0.0,1.95
2653,1.222,0.0,0.0,0.0,0.0,1.95
2654,1.2225,0.5,0.1,0.0,0.0015,1.95
2655,1.2225,0.5,0.1,0.0,0.0015,1.95
2656,1.222,0.0,0.0,0.0,0.0,1.95
2657,1.222,0.0,0.0,0.0,0.0,1.95
2658,1.222,0.0,0.0,0.0,0.0,1.95
2659,1.2225,0.5,0.1,0.0,0.0015,1.95
2660,1.222,0.0,0.0,0.0,0.0,1.95
2661,1.222,0.0,0.0,0.0,0.0,1.95
2662,1.222,0.0,0.0,0.0,0.0,1.95
2663,1.222,0.0,0.0,0.0,0.0,1.95
2664,1.222,0.0,0.0,0.0,0.0,1.95
2665,1.2225,0.5,0.1,0.0,0.0015,1.95
2666,1.2225,0.5,0.1,0.0,0.0015,1.95
2667,1.2225,0.5,0.1,0.0,0.0015,1.95
2668,1.222,0.0,0.0,0.0,0.0,1.95
2669,1.2225,0.5,0.1,0.0,0.0015,1.95
2670,1.222,0.0,0.0,0.0,0.0,1.95
2671,1.222,0.0,0.0,0.0,0.0,1.95
2672,1.2225,0.5,0.1,0.0,0.0015,1.95
2673,1.222,0.0,0.0,0.0,0.0,1.95
2674,1.222,0.0,0.0,0.0,0.0,1.95
2675,1.222,0.0,0.0,0.0,0.0,1.95
2676,1.2225,0.5,0.1,0.0,0.0015,1.95
2677,1.222,0.0,0.0,0.0,0.0,1.95
2678,1.2225,0.5,0.1,0.0,0.0015,1.95
2679,1.2225,0.5,0.1,0.0,0.0015,1.95
2680,1.222,0.0,0.0,0.0,0.0,1.95
2681,1.222,0.0,0.0,0.0,0.0,1.95
2682,1.2225,0.5,0.1,0.0,0.0015,1.95
2683,1.222,0.0,0.0,0.0,0.0,1.95
2684,1.222,0.0,0.0,0.0,0.0,1.95
2685,1.222,0.0,0.0,0.0,0.0,1.95
2686,1.222,0.0,0.0,0.0,0.0,1.95
2687,1.222,0.0,0.0,0.0,0.0,1.95
2688,1.222,0.0,0.0,0.0,0.0,1.95
2689,1.2225,0.5,0.1,0.0,0.0015,1.95
2690,1.222,0.0,0.0,0.0,0.0,1.95
2691,1.2225,0.5,0.1,0.0,0.0015,1.95
2692,1.2225,0.5,0.1,0.0,0.0015,1.95
2693,1.2225,0.5,0.1,0.0,0.0015,1.95
2694,1.222,0.0,0.0,0.0,0.0,1.95
2695,1.222,0.0,0.0,0.0,0.0,1.95
2696,1.222,0.0,0.0,0.0,0.0,1.95
2697,1.222,0.0,0.0,0.0,0.0,1.95
2698,1.222,0.0,0.0,0.0,0.0,1.95
2699,1.222,0.0,0.0,0.0,0.0,1.95
2700,1.2225,0.5,0.1,0.0,0.0015,1.95
2701,1.222,0.0,0.0,0.0,0.0,1.95
2702,1.222,0.0,0.0,0.0,0.0,1.95
2703,1.222,0.0,0.0,0.0,0.0,1.95
2704,1.2225,0.5,0.1,0.0,0.0015,1.95
2705,1.2225,0.5,0.1,0.0,0.0015,1.95
2706,1.222,0.0,0.0,0.0,0.0,1.95
2707,1.222,0.0,0.0,0.0,0.0,1.95
2708,1.222,0.0,0.0,0.0,0.0,1.95
2709,1.222,0.0,0.0,0.0,0.0,1.95
2710,1.2225,0.5,0.1,0.0,0.0015,1.95
2711,1.222,0.0,0.0,0.0,0.0,1.95
2712,1.2225,0.5,0.1,0.0,0.0015,1.95
2713,1.2225,0.5,0.1,0.0,0.0015,1.95
2714,1.222,0.0,0.0,0.0,0.0,1.95
2715,1.222,0.0,0.0,0.0,0.0,1.95
2716,1.222,0.0,0.0,0.0,0.0,1.95
2717,1.2225,0.5,0.1,0.0,0.0015,1.95
2718,1.2225,0.5,0.1,0.0,0.0015,1.95
2719,1.2225,0.5,0.1,0.0,0.0015,1.95
2720,1.222,0.0,0.0,0.0,0.0,1.95
2721,1.2225,0.5,0.1,0.0,0.0015,1.95
2722,1.2225,0.5,0.1,0.0,0.0015,1.95
2723,1.222,0.0,0.0,0.0,0.0,1.95
2724,1.2225,0.5,0.1,0.0,0.0015,1.95
2725,1.222,0.0,0.0,0.0,0.0,1.95
2726,1.2225,0.5,0.1,0.0,0.0015,1.95
2727,1.222,0.0,0.0,0.0,0.0,1.95
2728,1.222,0.0,0.0,0.0,0.0,1.95
2729,1.2225,0.5,0.1,0.0,0.0015,1.95
2730,1.2225,0.5,0.1,0.0,0.0015,1.95
2731,1.222,0.0,0.0,0.0,0.0,1.95
2732,1.222,0.0,0.0,0.0,0.0,1.95
2733,1.2225,0.5,0.1,0.0,0.0015,1.95
2734,1.2225,0.5,0.1,0.0,0.0015,1.95
2735,1.2225,0.5,0.1,0.0,0.0015,1.95
2736,1.2225,0.5,0.1,0.0,0.0015,1.95
2737,1.2225,0.5,0.1,0.0,0.0015,1.95
2738,1.2225,0.5,0.1,0.0,0.0015,1.95
2739,1.222,0.0,0.0,0.0,0.0,1.95
2740,1.222,0.0,0.0,0.0,0.0,1.95
2741,1.2225,0.5,0.1,0.0,0.0015,1.95
2742,1.2225,0.5,0.1,0.0,0.0015,1.95
2743,1.222,0.0,0.0,0.0,0.0,1.95
2744,1.2225,0.5,0.1,0.0,0.0015,1.95
2745,1.2225,0.5,0.1,0.0,0.0015,1.95
2746,1.222,0.0,0.0,0.0,0.0,1.95
2747,1.222,0.0,0.0,0.0,0.0,1.95
2748,1.2225,0.5,0.1,0.0,0.0015,1.95
2749,1.2225,0.5,0.1,0.0,0.0015,1.95
2750,1.222,0.0,0.0,0.0,0.0,1.95
2751,1.2225,0.5,0.1,0.0,0.0015,1.95
2752,1.222,0.0,0.0,0.0,0.0,1.95
2753,1.2225,0.5,0.1,0.0,0.0015,1.95
2754,1.222,0.0,0.0,0.0,0.0,1.95
2755,1.2225,0.5,0.1,0.0,0.0015,1.95
2756,1.2225,0.5,0.1,0.0,0.0015,1.95
2757,1.2225,0.5,0.1,0.0,0.0015,1.95
2758,1.2225,0.5,0.1,0.0,0.0015,1.95
2759,1.2225,0.5,0.1,0.0,0.0015,1.95
2760,1.222,0.0,0.0,0.0,0.0,1.95
2761,1.2225,0.5,0.1,0.0,0.0015,1.95
2762,1.222,0.0,0.0,0.0,0.0,1.95
2763,1.222,0.0,0.0,0.0,0.0,1.95
2764,1.2225,0.5,0.1,0.0,0.0015,1.95
2765,1.222,0.0,0.0,0.0,0.0,1.95
2766,1.2225,0.5,0.1,0.0,0.0015,1.95
2767,1.2225,0.5,0.1,0.0,0.0015,1.95
2768,1.222,0.0,0.0,0.0,0.0,1.95
2769,1.2225,0.5,0.1,0.0,0.0015,1.95
2770,1.2225,0.5,0.1,0.0,0.0015,1.95
2771,1.2225,0.5,0.1,0.0,0.0015,1.95
2772,1.222,0.0,0.0,0.0,0.0,1.95
2773,1.222,0.0,0.0,0.0,0.0,1.95
2774,1.2225,0.5,0.1,0.0,0.0015,1.95
2775,1.222,0.0,0.0,0.0,0.0,1.95
2776,1.222,0.0,0.0,0.0,0.0,1.95
2777,1.222,0.0,0.0,0.0,0.0,1.95
2778,1.2225,0.5,0.1,0.0,0.0015,1.95
2779,1.222,0.0,0.0,0.0,0.0,1.95
2780,1.2225,0.5,0.1,0.0,0.0015,1.95
2781,1.222,0.0,0.0,0.0,0.0,1.95
2782,1.222,0.0,0.0,0.0,0.0,1.95
2783,1.2225,0.5,0.1,0.0,0.0015,1.95
2784,1.222,0.0,0.0,0.0,0.0,1.95
2785,1.2225,0.5,0.1,0.0,0.0015,1.95
2786,1.222,0.0,0.0,0.0,0.0,1.95
2787,1.2225,0.5,0.1,0.0,0.0015,1.95
2788,1.222,0.0,0.0,0.0,0.0,1.95
2789,1.2225,0.5,0.1,0.0,0.0015,1.95
2790,1.2225,0.5,0.1,0.0,0.0015,1.95
2791,1.2225,0.5,0.1,0.0,0.0015,1.95
2792,1.2225,0.5,0.1,0.0,0.0015,1.95
2793,1.222,0.0,0.0,0.0,0.0,1.95
2794,1.222,0.0,0.0,0.0,0.0,1.95
2795,1.222,0.0,0.0,0.0,0.0,1.95
2796,1.2225,0.5,0.1,0.0,0.0015,1.95
2797,1.2225,0.5,0.1,0.0,0.0015,1.95
2798,1.222,0.0,0.0,0.0,0.0,1.95
2799,1.2225,0.5,0.1,0.0,0.0015,1.95
2800,1.2225,0.5,0.1,0.0,0.0015,1.95
2801,1.222,0.0,0.0,0.0,0.0,1.95
2802,1.222,0.0,0.0,0.0,0.0,1.95
2803,1.2225,0.5,0.1,0.0,0.0015,1.95
2804,1.222,0.0,0.0,0.0,0.0,1.95
2805,1.2225,0.5,0.1,0.0,0.0015,1.95
2806,1.222,0.0,0.0,0.0,0.0,1.95
2807,1.222,0.0,0.0,0.0,0.0,1.95
2808,1.2225,0.5,0.1,0.0,0.0015,1.95
2809,1.2225,0.5,0.1,0.0,0.0015,1.95
2810,1.222,0.0,0.0,0.0,0.0,1.95
2811,1.222,0.0,0.0,0.0,0.0,1.95
2812,1.222,0.0,0.0,0.0,0.0,1.95
2813,1.222,0.0,0.0,0.0,0.0,1.95
2814,1.222,0.0,0.0,0.0,0.0,1.95
2815,1.222,0.0,0.0,0.0,0.0,1.95
2816,1.222,0.0,0.0,0.0,0.0,1.95
2817,1.222,0.0,0.0,0.0,0.0,1.95
2818,1.2225,0.5,0.1,0.0,0.0015,1.95
2819,1.2225,0.5,0.1,0.0,0.0015,1.95
2820,1.222,0.0,0.0,0.0,0.0,1.95
2821,1.2225,0.5,0.1,0.0,0.0015,1.95
2822,1.2225,0.5,0.1,0.0,0.0015,1.95
2823,1.222,0.0,0.0,0.0,0.0,1.95
2824,1.222,0.0,0.0,0.0,0.0,1.95
2825,1.222,0.0,0.0,0.0,0.0,1.95
2826,1.2225,0.5,0.1,0.0,0.0015,1.95
2827,1.2225,0.5,0.1,0.0,0.0015,1.95
2828,1.2225,0.5,0.1,0.0,0.0015,1.95
2829,1.222,0.0,0.0,0.0,0.0,1.95
2830,1.222,0.0,0.0,0.0,0.0,1.95
2831,1.222,0.0,0.0,0.0,0.0,1.95
2832,1.222,0.0,0.0,0.0,0.0,1.95
2833,1.2225,0.5,0.1,0.0,0.0015,1.95
2834,1.222,0.0,0.0,0.0,0.0,1.95
2835,1.2225,0.5,0.1,0.0,0.0015,1.95
2836,1.2225,0.5,0.1,0.0,0.0015,1.95
2837,1.2225,0.5,0.1,0.0,0.0015,1.95
2838,1.2225,0.5,0.1,0.0,0.0015,1.95
2839,1.222,0.0,0.0,0.0,0.0,1.95
2840,1.222,0.0,0.0,0.0,0.0,1.95
2841,1.222,0.0,0.0,0.0,0.0,1.95
2842,1.2225,0.5,0.1,0.0,0.0015,1.95
2843,1.222,0.0,0.0,0.0,0.0,1.95
2844,1.222,0.0,0.0,0.0,0.0,1.95
2845,1.222,0.0,0.0,0.0,0.0,1.95
2846,1.222,0.0,0.0,0.0,0.0,1.95
2847,1.222,0.0,0.0,0.0,0.0,1.95
2848,1.222,0.0,0.0,0.0,0.0,1.95
2849,1.2225,0.5,0.1,0.0,0.0015,1.95
2850,1.2225,0.5,0.1,0.0,0.0015,1.95
2851,1.222,0.0,0.0,0.0,0.0,1.95
2852,1.2225,0.5,0.1,0.0,0.0015,1.95
2853,1.222,0.0,0.0,0.0,0.0,1.95
2854,1.2225,0.5,0.1,0.0,0.0015,1.95
2855,1.222,0.0,0.0,0.0,0.0,1.95
2856,1.222,0.0,0.0,0.0,0.0,1.95
2857,1.2225,0.5,0.1,0.0,0.0015,1.95
2858,1.222,0.0,0.0,0.0,0.0,1.95
2859,1.2225,0.5,0.1,0.0,0.0015,1.95
2860,1.2225,0.5,0.1,0.0,0.0015,1.95
2861,1.2225,0.5,0.1,0.0,0.0015,1.95
2862,1.222,0.0,0.0,0.0,0.0,1.95
2863,1.2225,0.5,0.1,0.0,0.0015,1.95
2864,1.222,0.0,0.0,0.0,0.0,1.95
2865,1.222,0.0,0.0,0.0,0.0,1.95
2866,1.2225,0.5,0.1,0.0,0.0015,1.95
2867,1.222,0.0,0.0,0.0,0.0,1.95
2868,1.222,0.0,0.0,0.0,0.0,1.95
2869,1.2225,0.5,0.1,0.0,0.0015,1.95
2870,1.222,0.0,0.0,0.0,0.0,1.95
2871,1.222,0.0,0.0,0.0,0.0,1.95
2872,1.2225,0.5,0.1,0.0,0.0015,1.95
2873,1.2225,0.5,0.1,0.0,0.0015,1.95
2874,1.222,0.0,0.0,0.0,0.0,1.95
2875,1.222,0.0,0.0,0.0,0.0,1.95
2876,1.222,0.0,0.0,0.0,0.0,1.95
2877,1.2225,0.5,0.1,0.0,0.0015,1.95
2878,1.222,0.0,0.0,0.0,0.0,1.95
2879,1.2225,0.5,0.1,0.0,0.0015,1.95
2880,1.222,0.0,0.0,0.0,0.0,1.95
2881,1.222,0.0,0.0,0.0,0.0,1.95
2882,1.2225,0.5,0.1,0.0,0.0015,1.95
2883,1.2225,0.5,0.1,0.0,0.0015,1.95
2884,1.2225,0.5,0.1,0.0,0.0015,1.95
2885,1.222,0.0,0.0,0.0,0.0,1.95
2886,1.222,0.0,0.0,0.0,0.0,1.95
2887,1.2225,0.5,0.1,0.0,0.0015,1.95
2888,1.222,0.0,0.0,0.0,0.0,1.95
2889,1.2225,0.5,0.1,0.0,0.0015,1.95
2890,1.2225,0.5,0.1,0.0,0.0015,1.95
2891,1.222,0.0,0.0,0.0,0.0,1.95
2892,1.2225,0.5,0.1,0.0,0.0015,1.95
2893,1.2225,0.5,0.1,0.0,0.0015,1.95
2894,1.222,0.0,0.0,0.0,0.0,1.95
2895,1.222,0.0,0.0,0.0,0.0,1.95
2896,1.222,0.0,0.0,0.0,0.0,1.95
2897,1.222,0.0,0.0,0.0,0.0,1.95
2898,1.222,0.0,0.0,0.0,0.0,1.95
2899,1.2225,0.5,0.1,0.0,0.0015,1.95
2900,1.222,0.0,0.0,0.0,0.0,1.95
2901,1.222,0.0,0.0,0.0,0.0,1.95
2902,1.2225,0.5,0.1,0.0,0.0015,1.95
2903,1.222,0.0,0.0,0.0,0.0,1.95
2904,1.2225,0.5,0.1,0.0,0.0015,1.95
2905,1.222,0.0,0.0,0.0,0.0,1.95
2906,1.2225,0.5,0.1,0.0,0.0015,1.95
2907,1.222,0.0,0.0,0.0,0.0,1.95
2908,1.222,0.0,0.0,0.0,0.0,1.95
2909,1.222,0.0,0.0,0.0,0.0,1.95
2910,1.222,0.0,0.0,0.0,0.0,1.95
2911,1.2225,0.5,0.1,0.0,0.0015,1.95
2912,1.222,0.0,0.0,0.0,0.0,1.95
2913,1.222,0.0,0.0,0.0,0.0,1.95
2914,1.222,0.0,0.0,0.0,0.0,1.95
2915,1.222,0.0,0.0,0.0,0.0,1.95
2916,1.2225,0.5,0.1,0.0,0.0015,1.95
2917,1.2225,0.5,0.1,0.0,0.0015,1.95
2918,1.2225,0.5,0.1,0.0,0.0015,1.95
2919,1.2225,0.5,0.1,0.0,0.0015,1.95
2920,1.2225,0.5,0.1,0.0,0.0015,1.95
2921,1.2225,0.5,0.1,0.0,0.0015,1.95
2922,1.2225,0.5,0.1,0.0,0.0015,1.95
2923,1.2225,0.5,0.1,0.0,0.0015,1.95
2924,1.222,0.0,0.0,0.0,0.0,1.95
2925,1.2225,0.5,0.1,0.0,0.0015,1.95
2926,1.222,0.0,0.0,0.0,0.0,1.95
2927,1.2225,0.5,0.1,0.0,0.0015,1.95
2928,1.2225,0.5,0.1,0.0,0.0015,1.95
2929,1.222,0.0,0.0,0.0,0.0,1.95
2930,1.222,0.0,0.0,0.0,0.0,1.95
2931,1.2225,0.5,0.1,0.0,0.0015,1.95
2932,1.2225,0.5,0.1,0.0,0.0015,1.95
2933,1.2225,0.5,0.1,0.0,0.0015,1.95
2934,1.222,0.0,0.0,0.0,0.0,1.95
2935,1.222,0.0,0.0,0.0,0.0,1.95
2936,1.2225,0.5,0.1,0.0,0.0015,1.95
2937,1.2225,0.5,0.1,0.0,0.0015,1.95
2938,1.2225,0.5,0.1,0.0,0.0015,1.95
2939,1.2225,0.5,0.1,0.0,0.0015,1.95
2940,1.2225,0.5,0.1,0.0,0.0015,1.95
2941,1.2225,0.5,0.1,0.0,0.0015,1.95
2942,1.222,0.0,0.0,0.0,0.0,1.95
2943,1.2225,0.5,0.1,0.0,0.0015,1.95
2944,1.2225,0.5,0.1,0.0,0.0015,1.95
2945,1.222,0.0,0.0,0.0,0.0,1.95
2946,1.2225,0.5,0.1,0.0,0.0015,1.95
2947,1.222,0.0,0.0,0.0,0.0,1.95
2948,1.222,0.0,0.0,0.0,0.0,1.95
2949,1.222,0.0,0.0,0.0,0.0,1.95
2950,1.2225,0.5,0.1,0.0,0.0015,1.95
2951,1.222,0.0,0.0,0.0,0.0,1.95
2952,1.2225,0.5,0.1,0.0,0.0015,1.95
2953,1.2225,0.5,0.1,0.0,0.0015,1.95
2954,1.2225,0.5,0.1,0.0,0.0015,1.95
2955,1.2225,0.5,0.1,0.0,0.0015,1.95
2956,1.222,0.0,0.0,0.0,0.0,1.95
2957,1.222,0.0,0.0,0.0,0.0,1.95
2958,1.2225,0.5,0.1,0.0,0.0015,1.95
2959,1.222,0.0,0.0,0.0,0.0,1.95
2960,1.222,0.0,0.0,0.0,0.0,1.95
2961,1.222,0.0,0.0,0.0,0.0,1.95
2962,1.222,0.0,0.0,0.0,0.0,1.95
2963,1.222,0.0,0.0,0.0,0.0,1.95
2964,1.222,0.0,0.0,0.0,0.0,1.95
2965,1.2225,0.5,0.1,0.0,0.0015,1.95
2966,1.222,0.0,0.0,0.0,0.0,1.95
2967,1.2225,0.5,0.1,0.0,0.0015,1.95
2968,1.222,0.0,0.0,0.0,0.0,1.95
2969,1.2225,0.5,0.1,0.0,0.0015,1.95
2970,1.222,0.0,0.0,0.0,0.0,1.95
2971,1.222,0.0,0.0,0.0,0.0,1.95
2972,1.222,0.0,0.0,0.0,0.0,1.95
2973,1.222,0.0,0.0,0.0,0.0,1.95
2974,1.2225,0.5,0.1,0.0,0.0015,1.95
2975,1.222,0.0,0.0,0.0,0.0,1.95
2976,1.222,0.0,0.0,0.0,0.0,1.95
2977,1.2225,0.5,0.1,0.0,0.0015,1.95
2978,1.222,0.0,0.0,0.0,0.0,1.95
2979,1.222,0.0,0.0,0.0,0.0,1.95
2980,1.2225,0.5,0.1,0.0,0.0015,1.95
2981,1.222,0.0,0.0,0.0,0.0,1.95
2982,1.2225,0.5,0.1,0.0,0.0015,1.95
2983,1.222,0.0,0.0,0.0,0.0,1.95
2984,1.2225,0.5,0.1,0.0,0.0015,1.95
2985,1.2225,0.5,0.1,0.0,0.0015,1.95
2986,1.222,0.0,0.0,0.0,0.0,1.95
2987,1.222,0.0,0.0,0.0,0.0,1.95
2988,1.2225,0.5,0.1,0.0,0.0015,1.95
2989,1.222,0.0,0.0,0.0,0.0,1.95
2990,1.2225,0.5,0.1,0.0,0.0015,1.95
2991,1.2225,0.5,0.1,0.0,0.0015,1.95
2992,1.2225,0.5,0.1,0.0,0.0015,1.95
2993,1.2225,0.5,0.1,0.0,0.0015,1.95
2994,1.2225,0.5,0.1,0.0,0.0015,1.95
2995,1.222,0.0,0.0,0.0,0.0,1.95
2996,1.2225,0.5,0.1,0.0,0.0015,1.95
2997,1.222,0.0,0.0,0.0,0.0,1.95
2998,1.2225,0.5,0.1,0.0,0.0015,1.95
2999,1.2225,0.5,0.1,0.0,0.0015,1.95
3000,1.222,0.0,0.0,0.0,0.0,1.95
3001,1.222,0.0,0.0,0.0,0.0,1.95
3002,1.222,0.0,0.0,0.0,0.0,1.95
3003,1.222,0.0,0.0,0.0,0.0,1.95
3004,1.2225,0.5,0.1,0.0,0.0015,1.95
3005,1.222,0.0,0.0,0.0,0.0,1.95
3006,1.2225,0.5,0.1,0.0,0.0015,1.95
3007,1.222,0.0,0.0,0.0,0.0,1.95
3008,1.2225,0.5,0.1,0.0,0.0015,1.95
3009,1.222,0.0,0.0,0.0,0.0,1.95
3010,1.2225,0.5,0.1,0.0,0.0015,1.95
3011,1.2225,0.5,0.1,0.0,0.0015,1.95
3012,1.222,0.0,0.0,0.0,0.0,1.95
3013,1.222,0.0,0.0,0.0,0.0,1.95
3014,1.222,0.0,0.0,0.0,0.0,1.95
3015,1.2225,0.5,0.1,0.0,0.0015,1.95
3016,1.222,0.0,0.0,0.0,0.0,1.95
3017,1.222,0.0,0.0,0.0,0.0,1.95
3018,1.2225,0.5,0.1,0.0,0.0015,1.95
3019,1.2225,0.5,0.1,0.0,0.0015,1.95
3020,1.2225,0.5,0.1,0.0,0.0015,1.95
3021,1.2225,0.5,0.1,0.0,0.0015,1.95
3022,1.2225,0.5,0.1,0.0,0.0015,1.95
3023,1.2225,0.5,0.1,0.0,0.0015,1.95
3024,1.222,0.0,0.0,0.0,0.0,1.95
3025,1.2225,0.5,0.1,0.0,0.0015,1.95
3026,1.222,0.0,0.0,0.0,0.0,1.95
3027,1.222,0.0,0.0,0.0,0.0,1.95
3028,1.2225,0.5,0.1,0.0,0.0015,1.95
3029,1.222,0.0,0.0,0.0,0.0,1.95
3030,1.222,0.0,0.0,0.0,0.0,1.95
3031,1.2225,0.5,0.1,0.0,0.0015,1.95
3032,1.2225,0.5,0.1,0.0,0.0015,1.95
3033,1.222,0.0,0.0,0.0,0.0,1.95
3034,1.2225,0.5,0.1,0.0,0.0015,1.95
3035,1.222,0.0,0.0,0.0,0.0,1.95
3036,1.222,0.0,0.0,0.0,0.0,1.95
3037,1.222,0.0,0.0,0.0,0.0,1.95
3038,1.222,0.0,0.0,0.0,0.0,1.95
3039,1.222,0.0,0.0,0.0,0.0,1.95
3040,1.222,0.0,0.0,0.0,0.0,1.95
3041,1.222,0.0,0.0,0.0,0.0,1.95
3042,1.222,0.0,0.0,0.0,0.0,1.95
3043,1.222,0.0,0.0,0.0,0.0,1.95
3044,1.2225,0.5,0.1,0.0,0.0015,1.95
3045,1.2225,0.5,0.1,0.0,0.0015,1.95
3046,1.222,0.0,0.0,0.0,0.0,1.95
3047,1.2225,0.5,0.1,0.0,0.0015,1.95
3048,1.2225,0.5,0.1,0.0,0.0015,1.95
3049,1.2225,0.5,0.1,0.0,0.0015,1.95
3050,1.2225,0.5,0.1,0.0,0.0015,1.95
3051,1.222,0.0,0.0,0.0,0.0,1.95
3052,1.2225,0.5,0.1,0.0,0.0015,1.95
3053,1.2225,0.5,0.1,0.0,0.0015,1.95
3054,1.2225,0.5,0.1,0.0,0.0015,1.95
3055,1.222,0.0,0.0,0.0,0.0,1.95
3056,1.222,0.0,0.0,0.0,0.0,1.95
3057,1.2225,0.5,0.1,0.0,0.0015,1.95
3058,1.222,0.0,0.0,0.0,0.0,1.95
3059,1.2225,0.5,0.1,0.0,0.0015,1.95
3060,1.2225,0.5,0.1,0.0,0.0015,1.95
3061,1.222,0.0,0.0,0.0,0.0,1.95
3062,1.222,0.0,0.0,0.0,0.0,1.95
3063,1.2225,0.5,0.1,0.0,0.0015,1.95
3064,1.222,0.0,0.0,0.0,0.0,1.95
3065,1.222,0.0,0.0,0.0,0.0,1.95
3066,1.222,0.0,0.0,0.0,0.0,1.95
3067,1.222,0.0,0.0,0.0,0.0,1.95
3068,1.2225,0.5,0.1,0.0,0.0015,1.95
3069,1.222,0.0,0.0,0.0,0.0,1.95
3070,1.222,0.0,0.0,0.0,0.0,1.95
3071,1.222,0.0,0.0,0.0,0.0,1.95
3072,1.222,0.0,0.0,0.0,0.0,1.95
3073,1.2225,0.5,0.1,0.0,0.0015,1.95
3074,1.2225,0.5,0.1,0.0,0.0015,1.95
3075,1.2225,0.5,0.1,0.0,0.0015,1.95
3076,1.2225,0.5,0.1,0.0,0.0015,1.95
3077,1.222,0.0,0.0,0.0,0.0,1.95
3078,1.222,0.0,0.0,0.0,0.0,1.95
3079,1.222,0.0,0.0,0.0,0.0,1.95
3080,1.222,0.0,0.0,0.0,0.0,1.95
3081,1.222,0.0,0.0,0.0,0.0,1.95
3082,1.2225,0.5,0.1,0.0,0.0015,1.95
3083,1.2225,0.5,0.1,0.0,0.0015,1.95
3084,1.222,0.0,0.0,0.0,0.0,1.95
3085,1.222,0.0,0.0,0.0,0.0,1.95
3086,1.222,0.0,0.0,0.0,0.0,1.95
3087,1.222,0.0,0.0,0.0,0.0,1.95
3088,1.2225,0.5,0.1,0.0,0.0015,1.95
3089,1.222,0.0,0.0,0.0,0.0,1.95
3090,1.222,0.0,0.0,0.0,0.0,1.95
3091,1.2225,0.5,0.1,0.0,0.0015,1.95
3092,1.2225,0.5,0.1,0.0,0.0015,1.95
3093,1.222,0.0,0.0,0.0,0.0,1.95
3094,1.2225,0.5,0.1,0.0,0.0015,1.95
3095,1.222,0.0,0.0,0.0,0.0,1.95
3096,1.222,0.0,0.0,0.0,0.0,1.95
3097,1.2225,0.5,0.1,0.0,0.0015,1.95
3098,1.222,0.0,0.0,0.0,0.0,1.95
3099,1.2225,0.5,0.1,0.0,0.0015,1.95
3100,1.222,0.0,0.0,0.0,0.0,1.95
3101,1.222,0.0,0.0,0.0,0.0,1.95
3102,1.222,0.0,0.0,0.0,0.0,1.95
3103,1.2225,0.5,0.1,0.0,0.0015,1.95
3104,1.2225,0.5,0.1,0.0,0.0015,1.95
3105,1.2225,0.5,0.1,0.0,0.0015,1.95
3106,1.2225,0.5,0.1,0.0,0.0015,1.95
3107,1.2225,0.5,0.1,0.0,0.0015,1.95
3108,1.2225,0.5,0.1,0.0,0.0015,1.95
3109,1.2225,0.5,0.1,0.0,0.0015,1.95
3110,1.2225,0.5,0.1,0.0,0.0015,1.95
3111,1.222,0.0,0.0,0.0,0.0,1.95
3112,1.2225,0.5,0.1,0.0,0.0015,1.95
3113,1.222,0.0,0.0,0.0,0.0,1.95
3114,1.2225,0.5,0.1,0.0,0.0015,1.95
3115,1.2225,0.5,0.1,0.0,0.0015,1.95
3116,1.2225,0.5,0.1,0.0,0.0015,1.95
3117,1.2225,0.5,0.1,0.0,0.0015,1.95
3118,1.2225,0.5,0.1,0.0,0.0015,1.95
3119,1.222,0.0,0.0,0.0,0.0,1.95
3120,1.222,0.0,0.0,0.0,0.0,1.95
3121,1.2225,0.5,0.1,0.0,0.0015,1.95
3122,1.2225,0.5,0.1,0.0,0.0015,1.95
3123,1.222,0.0,0.0,0.0,0.0,1.95
3124,1.2225,0.5,0.1,0.0,0.0015,1.95
3125,1.2225,0.5,0.1,0.0,0.0015,1.95
3126,1.222,0.0,0.0,0.0,0.0,1.95
3127,1.222,0.0,0.0,0.0,0.0,1.95
3128,1.2225,0.5,0.1,0.0,0.0015,1.95
3129,1.222,0.0,0.0,0.0,0.0,1.95
3130,1.222,0.0,0.0,0.0,0.0,1.95
3131,1.222,0.0,0.0,0.0,0.0,1.95
3132,1.2225,0.5,0.1,0.0,0.0015,1.95
3133,1.2225,0.5,0.1,0.0,0.0015,1.95
3134,1.2225,0.5,0.1,0.0,0.0015,1.95
3135,1.222,0.0,0.0,0.0,0.0,1.95
3136,1.222,0.0,0.0,0.0,0.0,1.95
3137,1.222,0.0,0.0,0.0,0.0,1.95
3138,1.222,0.0,0.0,0.0,0.0,1.95
3139,1.2225,0.5,0.1,0.0,0.0015,1.95
3140,1.2225,0.5,0.1,0.0,0.0015,1.95
3141,1.222,0.0,0.0,0.0,0.0,1.95
3142,1.2225,0.5,0.1,0.0,0.0015,1.95
3143,1.222,0.0,0.0,0.0,0.0,1.95
3144,1.222,0.0,0.0,0.0,0.0,1.95
3145,1.222,0.0,0.0,0.0,0.0,1.95
3146,1.2225,0.5,0.1,0.0,0.0015,1.95
3147,1.2225,0.5,0.1,0.0,0.0015,1.95
3148,1.222,0.0,0.0,0.0,0.0,1.95
3149,1.222,0.0,0.0,0.0,0.0,1.95
3150,1.2225,0.5,0.1,0.0,0.0015,1.95
3151,1.2225,0.5,0.1,0.0,0.0015,1.95
3152,1.222,0.0,0.0,0.0,0.0,1.95
3153,1.2225,0.5,0.1,0.0,0.0015,1.95
3154,1.222,0.0,0.0,0.0,0.0,1.95
3155,1.222,0.0,0.0,0.0,0.0,1.95
3156,1.2225,0.5,0.1,0.0,0.0015,1.95
3157,1.222,0.0,0.0,0.0,0.0,1.95
3158,1.222,0.0,0.0,0.0,0.0,1.95
3159,1.2225,0.5,0.1,0.0,0.0015,1.95
3160,1.222,0.0,0.0,0.0,0.0,1.95
3161,1.222,0.0,0.0,0.0,0.0,1.95
3162,1.2225,0.5,0.1,0.0,0.0015,1.95
3163,1.2225,0.5,0.1,0.0,0.0015,1.95
3164,1.2225,0.5,0.1,0.0,0.0015,1.95
3165,1.2225,0.5,0.1,0.0,0.0015,1.95
3166,1.222,0.0,0.0,0.0,0.0,1.95
3167,1.222,0.0,0.0,0.0,0.0,1.95
3168,1.222,0.0,0.0,0.0,0.0,1.95
3169,1.2225,0.5,0.1,0.0,0.0015,1.95
3170,1.2225,0.5,0.1,0.0,0.0015,1.95
3171,1.2225,0.5,0.1,0.0,0.0015,1.95
3172,1.2225,0.5,0.1,0.0,0.0015,1.95
3173,1.2225,0.5,0.1,0.0,0.0015,1.95
3174,1.222,0.0,0.0,0.0,0.0,1.95
3175,1.2225,0.5,0.1,0.0,0.0015,1.95
3176,1.2225,0.5,0.1,0.0,0.0015,1.95
3177,1.2225,0.5,0.1,0.0,0.0015,1.95
3178,1.222,0.0,0.0,0.0,0.0,1.95
3179,1.2225,0.5,0.1,0.0,0.0015,1.95
3180,1.222,0.0,0.0,0.0,0.0,1.95
3181,1.2225,0.5,0.1,0.0,0.0015,1.95
3182,1.222,0.0,0.0,0.0,0.0,1.95
3183,1.222,0.0,0.0,0.0,0.0,1.95
3184,1.2225,0.5,0.1,0.0,0.0015,1.95
3185,1.222,0.0,0.0,0.0,0.0,1.95
3186,1.222,0.0,0.0,0.0,0.0,1.95
3187,1.2225,0.5,0.1,0.0,0.0015,1.95
3188,1.2225,0.5,0.1,0.0,0.0015,1.95
3189,1.2225,0.5,0.1,0.0,0.0015,1.95
3190,1.222,0.0,0.0,0.0,0.0,1.95
3191,1.222,0.0,0.0,0.0,0.0,1.95
3192,1.2225,0.5,0.1,0.0,0.0015,1.95
3193,1.2225,0.5,0.1,0.0,0.0015,1.95
3194,1.222,0.0,0.0,0.0,0.0,1.95
3195,1.222,0.0,0.0,0.0,0.0,1.95
3196,1.2225,0.5,0.1,0.0,0.0015,1.95
3197,1.222,0.0,0.0,0.0,0.0,1.95
3198,1.2225,0.5,0.1,0.0,0.0015,1.95
3199,1.2225,0.5,0.1,0.0,0.0015,1.95
3200,1.222,0.0,0.0,0.0,0.0,1.95
3201,1.2225,0.5,0.1,0.0,0.0015,1.95
3202,1.222,0.0,0.0,0.0,0.0,1.95
3203,1.2225,0.5,0.1,0.0,0.0015,1.95
3204,1.222,0.0,0.0,0.0,0.0,1.95
3205,1.2225,0.5,0.1,0.0,0.0015,1.95
3206,1.222,0.0,0.0,0.0,0.0,1.95
3207,1.2225,0.5,0.1,0.0,0.0015,1.95
3208,1.222,0.0,0.0,0.0,0.0,1.95
3209,1.222,0.0,0.0,0.0,0.0,1.95
3210,1.222,0.0,0.0,0.0,0.0,1.95
3211,1.2225,0.5,0.1,0.0,0.0015,1.95
3212,1.222,0.0,0.0,0.0,0.0,1.95
3213,1.222,0.0,0.0,0.0,0.0,1.95
3214,1.222,0.0,0.0,0.0,0.0,1.95
3215,1.222,0.0,0.0,0.0,0.0,1.95
3216,1.222,0.0,0.0,0.0,0.0,1.95
3217,1.222,0.0,0.0,0.0,0.0,1.95
3218,1.2225,0.5,0.1,0.0,0.0015,1.95
3219,1.222,0.0,0.0,0.0,0.0,1.95
3220,1.222,0.0,0.0,0.0,0.0,1.95
3221,1.2225,0.5,0.1,0.0,0.0015,1.95
3222,1.222,0.0,0.0,0.0,0.0,1.95
3223,1.222,0.0,0.0,0.0,0.0,1.95
3224,1.222,0.0,0.0,0.0,0.0,1.95
3225,1.222,0.0,0.0,0.0,0.0,1.95
3226,1.222,0.0,0.0,0.0,0.0,1.95
3227,1.2225,0.5,0.1,0.0,0.0015,1.95
3228,1.2225,0.5,0.1,0.0,0.0015,1.95
3229,1.222,0.0,0.0,0.0,0.0,1.95
3230,1.222,0.0,0.0,0.0,0.0,1.95
3231,1.2225,0.5,0.1,0.0,0.0015,1.95
3232,1.2225,0.5,0.1,0.0,0.0015,1.95
3233,1.2225,0.5,0.1,0.0,0.0015,1.95
3234,1.222,0.0,0.0,0.0,0.0,1.95
3235,1.2225,0.5,0.1,0.0,0.0015,1.95
3236,1.222,0.0,0.0,0.0,0.0,1.95
3237,1.2225,0.5,0.1,0.0,0.0015,1.95
3238,1.222,0.0,0.0,0.0,0.0,1.95
3239,1.222,0.0,0.0,0.0,0.0,1.95
3240,1.2225,0.5,0.1,0.0,0.0015,1.95
3241,1.2225,0.5,0.1,0.0,0.0015,1.95
3242,1.2225,0.5,0.1,0.0,0.0015,1.95
3243,1.2225,0.5,0.1,0.0,0.0015,1.95
3244,1.2225,0.5,0.1,0.0,0.0015,1.95
3245,1.222,0.0,0.0,0.0,0.0,1.95
3246,1.2225,0.5,0.1,0.0,0.0015,1.95
3247,1.2225,0.5,0.1,0.0,0.0015,1.95
3248,1.222,0.0,0.0,0.0,0.0,1.95
3249,1.2225,0.5,0.1,0.0,0.0015,1.95
3250,1.222,0.0,0.0,0.0,0.0,1.95
3251,1.222,0.0,0.0,0.0,0.0,1.95
3252,1.2225,0.5,0.1,0.0,0.0015,1.95
3253,1.2225,0.5,0.1,0.0,0.0015,1.95
3254,1.222,0.0,0.0,0.0,0.0,1.95
3255,1.2225,0.5,0.1,0.0,0.0015,1.95
3256,1.2225,0.5,0.1,0.0,0.0015,1.95
3257,1.222,0.0,0.0,0.0,0.0,1.95
3258,1.222,0.0,0.0,0.0,0.0,1.95
3259,1.222,0.0,0.0,0.0,0.0,1.95
3260,1.2225,0.5,0.1,0.0,0.0015,1.95
3261,1.222,0.0,0.0,0.0,0.0,1.95
3262,1.222,0.0,0.0,0.0,0.0,1.95
3263,1.2225,0.5,0.1,0.0,0.0015,1.95
3264,1.2225,0.5,0.1,0.0,0.0015,1.95
3265,1.222,0.0,0.0,0.0,0.0,1.95
3266,1.222,0.0,0.0,0.0,0.0,1.95
3267,1.2225,0.5,0.1,0.0,0.0015,1.95
3268,1.222,0.0,0.0,0.0,0.0,1.95
3269,1.2225,0.5,0.1,0.0,0.0015,1.95
3270,1.222,0.0,0.0,0.0,0.0,1.95
3271,1.222,0.0,0.0,0.0,0.0,1.95
3272,1.2225,0.5,0.1,0.0,0.0015,1.95
3273,1.222,0.0,0.0,0.0,0.0,1.95
3274,1.222,0.0,0.0,0.0,0.0,1.95
3275,1.222,0.0,0.0,0.0,0.0,1.95
3276,1.222,0.0,0.0,0.0,0.0,1.95
3277,1.2225,0.5,0.1,0.0,0.0015,1.95
3278,1.222,0.0,0.0,0.0,0.0,1.95
3279,1.2225,0.5,0.1,0.0,0.0015,1.95
3280,1.2225,0.5,0.1,0.0,0.0015,1.95
3281,1.2225,0.5,0.1,0.0,0.0015,1.95
3282,1.2225,0.5,0.1,0.0,0.0015,1.95
3283,1.222,0.0,0.0,0.0,0.0,1.95
3284,1.222,0.0,0.0,0.0,0.0,1.95
3285,1.222,0.0,0.0,0.0,0.0,1.95
3286,1.222,0.0,0.0,0.0,0.0,1.95
3287,1.222,0.0,0.0,0.0,0.0,1.95
3288,1.222,0.0,0.0,0.0,0.0,1.95
3289,1.2225,0.5,0.1,0.0,0.0015,1.95
3290,1.2225,0.5,0.1,0.0,0.0015,1.95
3291,1.222,0.0,0.0,0.0,0.0,1.95
3292,1.2225,0.5,0.1,0.0,0.0015,1.95
3293,1.2225,0.5,0.1,0.0,0.0015,1.95
3294,1.222,0.0,0.0,0.0,0.0,1.95
3295,1.2225,0.5,0.1,0.0,0.0015,1.95
3296,1.222,0.0,0.0,0.0,0.0,1.95
3297,1.222,0.0,0.0,0.0,0.0,1.95
3298,1.222,0.0,0.0,0.0,0.0,1.95
3299,1.2225,0.5,0.1,0.0,0.0015,1.95
3300,1.222,0.0,0.0,0.0,0.0,1.95
3301,1.2225,0.5,0.1,0.0,0.0015,1.95
3302,1.2225,0.5,0.1,0.0,0.0015,1.95
3303,1.222,0.0,0.0,0.0,0.0,1.95
3304,1.2225,0.5,0.1,0.0,0.0015,1.95
3305,1.2225,0.5,0.1,0.0,0.0015,1.95
3306,1.2225,0.5,0.1,0.0,0.0015,1.95
3307,1.2225,0.5,0.1,0.0,0.0015,1.95
3308,1.222,0.0,0.0,0.0,0.0,1.95
3309,1.222,0.0,0.0,0.0,0.0,1.95
3310,1.222,0.0,0.0,0.0,0.0,1.95
3311,1.2225,0.5,0.1,0.0,0.0015,1.95
3312,1.222,0.0,0.0,0.0,0.0,1.95
3313,1.222,0.0,0.0,0.0,0.0,1.95
3314,1.2225,0.5,0.1,0.0,0.0015,1.95
3315,1.222,0.0,0.0,0.0,0.0,1.95
3316,1.222,0.0,0.0,0.0,0.0,1.95
3317,1.2225,0.5,0.1,0.0,0.0015,1.95
3318,1.222,0.0,0.0,0.0,0.0,1.95
3319,1.222,0.0,0.0,0.0,0.0,1.95
3320,1.2225,0.5,0.1,0.0,0.0015,1.95
3321,1.222,0.0,0.0,0.0,0.0,1.95
3322,1.222,0.0,0.0,0.0,0.0,1.95
3323,1.222,0.0,0.0,0.0,0.0,1.95
3324,1.222,0.0,0.0,0.0,0.0,1.95
3325,1.222,0.0,0.0,0.0,0.0,1.95
3326,1.2225,0.5,0.1,0.0,0.0015,1.95
3327,1.2225,0.5,0.1,0.0,0.0015,1.95
3328,1.2225,0.5,0.1,0.0,0.0015,1.95
3329,1.2225,0.5,0.1,0.0,0.0015,1.95
3330,1.222,0.0,0.0,0.0,0.0,1.95
3331,1.2225,0.5,0.1,0.0,0.0015,1.95
3332,1.222,0.0,0.0,0.0,0.0,1.95
3333,1.222,0.0,0.0,0.0,0.0,1.95
3334,1.222,0.0,0.0,0.0,0.0,1.95
3335,1.2225,0.5,0.1,0.0,0.0015,1.95
3336,1.222,0.0,0.0,0.0,0.0,1.95
3337,1.222,0.0,0.0,0.0,0.0,1.95
3338,1.2225,0.5,0.1,0.0,0.0015,1.95
3339,1.222,0.0,0.0,0.0,0.0,1.95
3340,1.2225,0.5,0.1,0.0,0.0015,1.95
3341,1.222,0.0,0.0,0.0,0.0,1.95
3342,1.222,0.0,0.0,0.0,0.0,1.95
3343,1.2225,0.5,0.1,0.0,0.0015,1.95
3344,1.2225,0.5,0.1,0.0,0.0015,1.95
3345,1.2225,0.5,0.1,0.0,0.0015,1.95
3346,1.2225,0.5,0.1,0.0,0.0015,1.95
3347,1.222,0.0,0.0,0.0,0.0,1.95
3348,1.2225,0.5,0.1,0.0,0.0015,1.95
3349,1.2225,0.5,0.1,0.0,0.0015,1.95
3350,1.2225,0.5,0.1,0.0,0.0015,1.95
3351,1.2225,0.5,0.1,0.0,0.0015,1.95
3352,1.2225,0.5,0.1,0.0,0.0015,1.95
3353,1.2225,0.5,0.1,0.0,0.0015,1.95
3354,1.2225,0.5,0.1,0.0,0.0015,1.95
3355,1.2225,0.5,0.1,0.0,0.0015,1.95
3356,1.2225,0.5,0.1,0.0,0.0015,1.95
3357,1.2225,0.5,0.1,0.0,0.0015,1.95
3358,1.2225,0.5,0.1,0.0,0.0015,1.95
3359,1.2225,0.5,0.1,0.0,0.0015,1.95
3360,1.222,0.0,0.0,0.0,0.0,1.95
3361,1.222,0.0,0.0,0.0,0.0,1.95
3362,1.2225,0.5,0.1,0.0,0.0015,1.95
3363,1.222,0.0,0.0,0.0,0.0,1.95
3364,1.222,0.0,0.0,0.0,0.0,1.95
3365,1.222,0.0,0.0,0.0,0.0,1.95
3366,1.222,0.0,0.0,0.0,0.0,1.95
3367,1.222,0.0,0.0,0.0,0.0,1.95
3368,1.2225,0.5,0.1,0.0,0.0015,1.95
3369,1.2225,0.5,0.1,0.0,0.0015,1.95
3370,1.2225,0.5,0.1,0.0,0.0015,1.95
3371,1.222,0.0,0.0,0.0,0.0,1.95
3372,1.2225,0.5,0.1,0.0,0.0015,1.95
3373,1.2225,0.5,0.1,0.0,0.0015,1.95
3374,1.2225,0.5,0.1,0.0,0.0015,1.95
3375,1.222,0.0,0.0,0.0,0.0,1.95
3376,1.222,0.0,0.0,0.0,0.0,1.95
3377,1.2225,0.5,0.1,0.0,0.0015,1.95
3378,1.222,0.0,0.0,0.0,0.0,1.95
3379,1.2225,0.5,0.1,0.0,0.0015,1.95
3380,1.222,0.0,0.0,0.0,0.0,1.95
3381,1.2225,0.5,0.1,0.0,0.0015,1.95
3382,1.222,0.0,0.0,0.0,0.0,1.95
3383,1.222,0.0,0.0,0.0,0.0,1.95
3384,1.222,0.0,0.0,0.0,0.0,1.95
3385,1.2225,0.5,0.1,0.0,0.0015,1.95
3386,1.222,0.0,0.0,0.0,0.0,1.95
3387,1.2225,0.5,0.1,0.0,0.0015,1.95
3388,1.2225,0.5,0.1,0.0,0.0015,1.95
3389,1.222,0.0,0.0,0.0,0.0,1.95
3390,1.2225,0.5,0.1,0.0,0.0015,1.95
3391,1.222,0.0,0.0,0.0,0.0,1.95
3392,1.222,0.0,0.0,0.0,0.0,1.95
3393,1.222,0.0,0.0,0.0,0.0,1.95
3394,1.2225,0.5,0.1,0.0,0.0015,1.95
3395,1.2225,0.5,0.1,0.0,0.0015,1.95
3396,1.222,0.0,0.0,0.0,0.0,1.95
3397,1.2225,0.5,0.1,0.0,0.0015,1.95
3398,1.2225,0.5,0.1,0.0,0.0015,1.95
3399,1.222,0.0,0.0,0.0,0.0,1.95
3400,1.2225,0.5,0.1,0.0,0.0015,1.95
3401,1.2225,0.5,0.1,0.0,0.0015,1.95
3402,1.222,0.0,0.0,0.0,0.0,1.95
3403,1.2225,0.5,0.1,0.0,0.0015,1.95
3404,1.2225,0.5,0.1,0.0,0.0015,1.95
3405,1.2225,0.5,0.1,0.0,0.0015,1.95
3406,1.2225,0.5,0.1,0.0,0.0015,1.95
3407,1.222,0.0,0.0,0.0,0.0,1.95
3408,1.2225,0.5,0.1,0.0,0.0015,1.95
3409,1.222,0.0,0.0,0.0,0.0,1.95
3410,1.2225,0.5,0.1,0.0,0.0015,1.95
3411,1.222,0.0,0.0,0.0,0.0,1.95
3412,1.222,0.0,0.0,0.0,0.0,1.95
3413,1.222,0.0,0.0,0.0,0.0,1.95
3414,1.222,0.0,0.0,0.0,0.0,1.95
3415,1.2225,0.5,0.1,0.0,0.0015,1.95
3416,1.222,0.0,0.0,0.0,0.0,1.95
3417,1.222,0.0,0.0,0.0,0.0,1.95
3418,1.2225,0.5,0.1,0.0,0.0015,1.95
3419,1.2225,0.5,0.1,0.0,0.0015,1.95
3420,1.2225,0.5,0.1,0.0,0.0015,1.95
3421,1.2225,0.5,0.1,0.0,0.0015,1.95
3422,1.2225,0.5,0.1,0.0,0.0015,1.95
3423,1.2225,0.5,0.1,0.0,0.0015,1.95
3424,1.222,0.0,0.0,0.0,0.0,1.95
3425,1.222,0.0,0.0,0.0,0.0,1.95
3426,1.222,0.0,0.0,0.0,0.0,1.95
3427,1.222,0.0,0.0,0.0,0.0,1.95
3428,1.222,0.0,0.0,0.0,0.0,1.95
3429,1.222,0.0,0.0,0.0,0.0,1.95
3430,1.2225,0.5,0.1,0.0,0.0015,1.95
3431,1.2225,0.5,0.1,0.0,0.0015,1.95
3432,1.222,0.0,0.0,0.0,0.0,1.95
3433,1.2225,0.5,0.1,0.0,0.0015,1.95
3434,1.2225,0.5,0.1,0.0,0.0015,1.95
3435,1.222,0.0,0.0,0.0,0.0,1.95
3436,1.222,0.0,0.0,0.0,0.0,1.95
3437,1.222,0.0,0.0,0.0,0.0,1.95
3438,1.2225,0.5,0.1,0.0,0.0015,1.95
3439,1.222,0.0,0.0,0.0,0.0,1.95
3440,1.2225,0.5,0.1,0.0,0.0015,1.95
3441,1.2225,0.5,0.1,0.0,0.0015,1.95
3442,1.222,0.0,0.0,0.0,0.0,1.95
3443,1.2225,0.5,0.1,0.0,0.0015,1.95
3444,1.2225,0.5,0.1,0.0,0.0015,1.95
3445,1.222,0.0,0.0,0.0,0.0,1.95
3446,1.2225,0.5,0.1,0.0,0.0015,1.95
3447,1.222,0.0,0.0,0.0,0.0,1.95
3448,1.222,0.0,0.0,0.0,0.0,1.95
3449,1.2225,0.5,0.1,0.0,0.0015,1.95
3450,1.222,0.0,0.0,0.0,0.0,1.95
3451,1.222,0.0,0.0,0.0,0.0,1.95
3452,1.2225,0.5,0.1,0.0,0.0015,1.95
3453,1.2225,0.5,0.1,0.0,0.0015,1.95
3454,1.222,0.0,0.0,0.0,0.0,1.95
3455,1.222,0.0,0.0,0.0,0.0,1.95
3456,1.2225,0.5,0.1,0.0,0.0015,1.95
3457,1.222,0.0,0.0,0.0,0.0,1.95
3458,1.2225,0.5,0.1,0.0,0.0015,1.95
3459,1.2225,0.5,0.1,0.0,0.0015,1.95
3460,1.222,0.0,0.0,0.0,0.0,1.95
3461,1.222,0.0,0.0,0.0,0.0,1.95
3462,1.2225,0.5,0.1,0.0,0.0015,1.95
3463,1.2225,0.5,0.1,0.0,0.0015,1.95
3464,1.2225,0.5,0.1,0.0,0.0015,1.95
3465,1.2225,0.5,0.1,0.0,0.0015,1.95
3466,1.2225,0.5,0.1,0.0,0.0015,1.95
3467,1.222,0.0,0.0,0.0,0.0,1.95
3468,1.222,0.0,0.0,0.0,0.0,1.95
3469,1.222,0.0,0.0,0.0,0.0,1.95
3470,1.222,0.0,0.0,0.0,0.0,1.95
3471,1.222,0.0,0.0,0.0,0.0,1.95
3472,1.2225,0.5,0.1,0.0,0.0015,1.95
3473,1.222,0.0,0.0,0.0,0.0,1.95
3474,1.222,0.0,0.0,0.0,0.0,1.95
3475,1.222,0.0,0.0,0.0,0.0,1.95
3476,1.2225,0.5,0.1,0.0,0.0015,1.95
3477,1.222,0.0,0.0,0.0,0.0,1.95
3478,1.222,0.0,0.0,0.0,0.0,1.95
3479,1.2225,0.5,0.1,0.0,0.0015,1.95
3480,1.222,0.0,0.0,0.0,0.0,1.95
3481,1.2225,0.5,0.1,0.0,0.0015,1.95
3482,1.2225,0.5,0.1,0.0,0.0015,1.95
3483,1.2225,0.5,0.1,0.0,0.0015,1.95
3484,1.222,0.0,0.0,0.0,0.0,1.95
3485,1.2225,0.5,0.1,0.0,0.0015,1.95
3486,1.2225,0.5,0.1,0.0,0.0015,1.95
3487,1.2225,0.5,0.1,0.0,0.0015,1.95
3488,1.222,0.0,0.0,0.0,0.0,1.95
3489,1.2225,0.5,0.1,0.0,0.0015,1.95
3490,1.2225,0.5,0.1,0.0,0.0015,1.95
3491,1.222,0.0,0.0,0.0,0.0,1.95
3492,1.2225,0.5,0.1,0.0,0.0015,1.95
3493,1.2225,0.5,0.1,0.0,0.0015,1.95
3494,1.2225,0.5,0.1,0.0,0.0015,1.95
3495,1.2225,0.5,0.1,0.0,0.0015,1.95
3496,1.222,0.0,0.0,0.0,0.0,1.95
3497,1.2225,0.5,0.1,0.0,0.0015,1.95
3498,1.2225,0.5,0.1,0.0,0.0015,1.95
3499,1.222,0.0,0.0,0.0,0.0,1.95
3500,1.2225,0.5,0.1,0.0,0.0015,1.95
3501,1.2225,0.5,0.1,0.0,0.0015,1.95
3502,1.2225,0.5,0.1,0.0,0.0015,1.95
3503,1.222,0.0,0.0,0.0,0.0,1.95
3504,1.222,0.0,0.0,0.0,0.0,1.95
3505,1.222,0.0,0.0,0.0,0.0,1.95
3506,1.222,0.0,0.0,0.0,0.0,1.95
3507,1.222,0.0,0.0,0.0,0.0,1.95
3508,1.222,0.0,0.0,0.0,0.0,1.95
3509,1.222,0.0,0.0,0.0,0.0,1.95
3510,1.2225,0.5,0.1,0.0,0.0015,1.95
3511,1.2225,0.5,0.1,0.0,0.0015,1.95
3512,1.222,0.0,0.0,0.0,0.0,1.95
3513,1.222,0.0,0.0,0.0,0.0,1.95
3514,1.2225,0.5,0.1,0.0,0.0015,1.95
3515,1.222,0.0,0.0,0.0,0.0,1.95
3516,1.222,0.0,0.0,0.0,0.0,1.95
3517,1.222,0.0,0.0,0.0,0.0,1.95
3518,1.222,0.0,0.0,0.0,0.0,1.95
3519,1.2225,0.5,0.1,0.0,0.0015,1.95
3520,1.222,0.0,0.0,0.0,0.0,1.95
3521,1.2225,0.5,0.1,0.0,0.0015,1.95
3522,1.2225,0.5,0.1,0.0,0.0015,1.95
3523,1.222,0.0,0.0,0.0,0.0,1.95
3524,1.2225,0.5,0.1,0.0,0.0015,1.95
3525,1.222,0.0,0.0,0.0,0.0,1.95
3526,1.222,0.0,0.0,0.0,0.0,1.95
3527,1.222,0.0,0.0,0.0,0.0,1.95
3528,1.2225,0.5,0.1,0.0,0.0015,1.95
3529,1.222,0.0,0.0,0.0,0.0,1.95
3530,1.2225,0.5,0.1,0.0,0.0015,1.95
3531,1.222,0.0,0.0,0.0,0.0,1.95
3532,1.222,0.0,0.0,0.0,0.0,1.95
3533,1.222,0.0,0.0,0.0,0.0,1.95
3534,1.2225,0.5,0.1,0.0,0.0015,1.95
3535,1.2225,0.5,0.1,0.0,0.0015,1.95
3536,1.222,0.0,0.0,0.0,0.0,1.95
3537,1.222,0.0,0.0,0.0,0.0,1.95
3538,1.222,0.0,0.0,0.0,0.0,1.95
3539,1.222,0.0,0.0,0.0,0.0,1.95
3540,1.2225,0.5,0.1,0.0,0.0015,1.95
3541,1.2225,0.5,0.1,0.0,0.0015,1.95
3542,1.222,0.0,0.0,0.0,0.0,1.95
3543,1.2225,0.5,0.1,0.0,0.0015,1.95
3544,1.2225,0.5,0.1,0.0,0.0015,1.95
3545,1.2225,0.5,0.1,0.0,0.0015,1.95
3546,1.222,0.0,0.0,0.0,0.0,1.95
3547,1.2225,0.5,0.1,0.0,0.0015,1.95
3548,1.2225,0.5,0.1,0.0,0.0015,1.95
3549,1.222,0.0,0.0,0.0,0.0,1.95
3550,1.2225,0.5,0.1,0.0,0.0015,1.95
3551,1.222,0.0,0.0,0.0,0.0,1.95
3552,1.2225,0.5,0.1,0.0,0.0015,1.95
3553,1.2225,0.5,0.1,0.0,0.0015,1.95
3554,1.2225,0.5,0.1,0.0,0.0015,1.95
3555,1.2225,0.5,0.1,0.0,0.0015,1.95
3556,1.2225,0.5,0.1,0.0,0.0015,1.95
3557,1.2225,0.5,0.1,0.0,0.0015,1.95
3558,1.2225,0.5,0.1,0.0,0.0015,1.95
3559,1.2225,0.5,0.1,0.0,0.0015,1.95
3560,1.2225,0.5,0.1,0.0,0.0015,1.95
3561,1.2225,0.5,0.1,0.0,0.0015,1.95
3562,1.222,0.0,0.0,0.0,0.0,1.95
3563,1.2225,0.5,0.1,0.0,0.0015,1.95
3564,1.222,0.0,0.0,0.0,0.0,1.95
3565,1.2225,0.5,0.1,0.0,0.0015,1.95
3566,1.222,0.0,0.0,0.0,0.0,1.95
3567,1.222,0.0,0.0,0.0,0.0,1.95
3568,1.222,0.0,0.0,0.0,0.0,1.95
3569,1.2225,0.5,0.1,0.0,0.0015,1.95
3570,1.222,0.0,0.0,0.0,0.0,1.95
3571,1.2225,0.5,0.1,0.0,0.0015,1.95
3572,1.2225,0.5,0.1,0.0,0.0015,1.95
3573,1.222,0.0,0.0,0.0,0.0,1.95
3574,1.222,0.0,0.0,0.0,0.0,1.95
3575,1.222,0.0,0.0,0.0,0.0,1.95
3576,1.222,0.0,0.0,0.0,0.0,1.95
3577,1.2225,0.5,0.1,0.0,0.0015,1.95
3578,1.222,0.0,0.0,0.0,0.0,1.95
3579,1.222,0.0,0.0,0.0,0.0,1.95
3580,1.2225,0.5,0.1,0.0,0.0015,1.95
3581,1.222,0.0,0.0,0.0,0.0,1.95
3582,1.222,0.0,0.0,0.0,0.0,1.95
3583,1.2225,0.5,0.1,0.0,0.0015,1.95
3584,1.2225,0.5,0.1,0.0,0.0015,1.95
3585,1.222,0.0,0.0,0.0,0.0,1.95
3586,1.222,0.0,0.0,0.0,0.0,1.95
3587,1.222,0.0,0.0,0.0,0.0,1.95
3588,1.2225,0.5,0.1,0.0,0.0015,1.95
3589,1.2225,0.5,0.1,0.0,0.0015,1.95
3590,1.2225,0.5,0.1,0.0,0.0015,1.95
3591,1.2225,0.5,0.1,0.0,0.0015,1.95
3592,1.2225,0.5,0.1,0.0,0.0015,1.95
3593,1.222,0.0,0.0,0.0,0.0,1.95
3594,1.2225,0.5,0.1,0.0,0.0015,1.95
3595,1.222,0.0,0.0,0.0,0.0,1.95
3596,1.2225,0.5,0.1,0.0,0.0015,1.95
3597,1.2225,0.5,0.1,0.0,0.0015,1.95
3598,1.222,0.0,0.0,0.0,0.0,1.95
3599,1.222,0.0,0.0,0.0,0.0,1.95
3600,1.2225,0.5,0.1,0.0,0.0015,1.95
3601,1.222,0.0,0.0,0.0,0.0,1.95
3602,1.222,0.0,0.0,0.0,0.0,1.95
3603,1.222,0.0,0.0,0.0,0.0,1.95
3604,1.2225,0.5,0.1,0.0,0.0015,1.95
3605,1.2225,0.5,0.1,0.0,0.0015,1.95
3606,1.222,0.0,0.0,0.0,0.0,1.95
3607,1.222,0.0,0.0,0.0,0.0,1.95
3608,1.2225,0.5,0.1,0.0,0.0015,1.95
3609,1.222,0.0,0.0,0.0,0.0,1.95
3610,1.2225,0.5,0.1,0.0,0.0015,1.95
3611,1.222,0.0,0.0,0.0,0.0,1.95
3612,1.222,0.0,0.0,0.0,0.0,1.95
3613,1.2225,0.5,0.1,0.0,0.0015,1.95
3614,1.222,0.0,0.0,0.0,0.0,1.95
3615,1.2225,0.5,0.1,0.0,0.0015,1.95
3616,1.2225,0.5,0.1,0.0,0.0015,1.95
3617,1.2225,0.5,0.1,0.0,0.0015,1.95
3618,1.222,0.0,0.0,0.0,0.0,1.95
3619,1.2225,0.5,0.1,0.0,0.0015,1.95
3620,1.2225,0.5,0.1,0.0,0.0015,1.95
3621,1.222,0.0,0.0,0.0,0.0,1.95
3622,1.2225,0.5,0.1,0.0,0.0015,1.95
3623,1.2225,0.5,0.1,0.0,0.0015,1.95
3624,1.2225,0.5,0.1,0.0,0.0015,1.95
3625,1.2225,0.5,0.1,0.0,0.0015,1.95
3626,1.2225,0.5,0.1,0.0,0.0015,1.95
3627,1.222,0.0,0.0,0.0,0.0,1.95
3628,1.222,0.0,0.0,0.0,0.0,1.95
3629,1.222,0.0,0.0,0.0,0.0,1.95
3630,1.2225,0.5,0.1,0.0,0.0015,1.95
3631,1.222,0.0,0.0,0.0,0.0,1.95
3632,1.2225,0.5,0.1,0.0,0.0015,1.95
3633,1.2225,0.5,0.1,0.0,0.0015,1.95
3634,1.2225,0.5,0.1,0.0,0.0015,1.95
3635,1.222,0.0,0.0,0.0,0.0,1.95
3636,1.222,0.0,0.0,0.0,0.0,1.95
3637,1.2225,0.5,0.1,0.0,0.0015,1.95
3638,1.222,0.0,0.0,0.0,0.0,1.95
3639,1.222,0.0,0.0,0.0,0.0,1.95
3640,1.222,0.0,0.0,0.0,0.0,1.95
3641,1.222,0.0,0.0,0.0,0.0,1.95
3642,1.222,0.0,0.0,0.0,0.0,1.95
3643,1.2225,0.5,0.1,0.0,0.0015,1.95
3644,1.222,0.0,0.0,0.0,0.0,1.95
3645,1.222,0.0,0.0,0.0,0.0,1.95
3646,1.2225,0.5,0.1,0.0,0.0015,1.95
3647,1.2225,0.5,0.1,0.0,0.0015,1.95
3648,1.222,0.0,0.0,0.0,0.0,1.95
3649,1.2225,0.5,0.1,0.0,0.0015,1.95
3650,1.222,0.0,0.0,0.0,0.0,1.95
3651,1.222,0.0,0.0,0.0,0.0,1.95
3652,1.222,0.0,0.0,0.0,0.0,1.95
3653,1.2225,0.5,0.1,0.0,0.0015,1.95
3654,1.222,0.0,0.0,0.0,0.0,1.95
3655,1.222,0.0,0.0,0.0,0.0,1.95
3656,1.222,0.0,0.0,0.0,0.0,1.95
3657,1.2225,0.5,0.1,0.0,0.0015,1.95
3658,1.2225,0.5,0.1,0.0,0.0015,1.95
3659,1.222,0.0,0.0,0.0,0.0,1.95
3660,1.222,0.0,0.0,0.0,0.0,1.95
3661,1.222,0.0,0.0,0.0,0.0,1.95
3662,1.222,0.0,0.0,0.0,0.0,1.95
3663,1.2225,0.5,0.1,0.0,0.0015,1.95
3664,1.2225,0.5,0.1,0.0,0.0015,1.95
3665,1.2225,0.5,0.1,0.0,0.0015,1.95
3666,1.2225,0.5,0.1,0.0,0.0015,1.95
3667,1.2225,0.5,0.1,0.0,0.0015,1.95
3668,1.2225,0.5,0.1,0.0,0.0015,1.95
3669,1.2225,0.5,0.1,0.0,0.0015,1.95
3670,1.2225,0.5,0.1,0.0,0.0015,1.95
3671,1.222,0.0,0.0,0.0,0.0,1.95
3672,1.2225,0.5,0.1,0.0,0.0015,1.95
3673,1.222,0.0,0.0,0.0,0.0,1.95
3674,1.2225,0.5,0.1,0.0,0.0015,1.95
3675,1.2225,0.5,0.1,0.0,0.0015,1.95
3676,1.222,0.0,0.0,0.0,0.0,1.95
3677,1.2225,0.5,0.1,0.0,0.0015,1.95
3678,1.2225,0.5,0.1,0.0,0.0015,1.95
3679,1.222,0.0,0.0,0.0,0.0,1.95
3680,1.222,0.0,0.0,0.0,0.0,1.95
3681,1.2225,0.5,0.1,0.0,0.0015,1.95
3682,1.2225,0.5,0.1,0.0,0.0015,1.95
3683,1.222,0.0,0.0,0.0,0.0,1.95
3684,1.2225,0.5,0.1,0.0,0.0015,1.95
3685,1.222,0.0,0.0,0.0,0.0,1.95
3686,1.222,0.0,0.0,0.0,0.0,1.95
3687,1.2225,0.5,0.1,0.0,0.0015,1.95
3688,1.2225,0.5,0.1,0.0,0.0015,1.95
3689,1.222,0.0,0.0,0.0,0.0,1.95
3690,1.222,0.0,0.0,0.0,0.0,1.95
3691,1.2225,0.5,0.1,0.0,0.0015,1.95
3692,1.2225,0.5,0.1,0.0,0.0015,1.95
3693,1.222,0.0,0.0,0.0,0.0,1.95
3694,1.222,0.0,0.0,0.0,0.0,1.95
3695,1.222,0.0,0.0,0.0,0.0,1.95
3696,1.2225,0.5,0.1,0.0,0.0015,1.95
3697,1.2225,0.5,0.1,0.0,0.0015,1.95
3698,1.222,0.0,0.0,0.0,0.0,1.95
3699,1.222,0.0,0.0,0.0,0.0,1.95
3700,1.2225,0.5,0.1,0.0,0.0015,1.95
3701,1.2225,0.5,0.1,0.0,0.0015,1.95
3702,1.222,0.0,0.0,0.0,0.0,1.95
3703,1.2225,0.5,0.1,0.0,0.0015,1.95
3704,1.2225,0.5,0.1,0.0,0.0015,1.95
3705,1.2225,0.5,0.1,0.0,0.0015,1.95
3706,1.2225,0.5,0.1,0.0,0.0015,1.95
3707,1.2225,0.5,0.1,0.0,0.0015,1.95
3708,1.2225,0.5,0.1,0.0,0.0015,1.95
3709,1.2225,0.5,0.1,0.0,0.0015,1.95
3710,1.222,0.0,0.0,0.0,0.0,1.95
3711,1.222,0.0,0.0,0.0,0.0,1.95
3712,1.222,0.0,0.0,0.0,0.0,1.95
3713,1.2225,0.5,0.1,0.0,0.0015,1.95
3714,1.222,0.0,0.0,0.0,0.0,1.95
3715,1.2225,0.5,0.1,0.0,0.0015,1.95
3716,1.222,0.0,0.0,0.0,0.0,1.95
3717,1.222,0.0,0.0,0.0,0.0,1.95
3718,1.2225,0.5,0.1,0.0,0.0015,1.95
3719,1.222,0.0,0.0,0.0,0.0,1.95
3720,1.2225,0.5,0.1,0.0,0.0015,1.95
3721,1.222,0.0,0.0,0.0,0.0,1.95
3722,1.2225,0.5,0.1,0.0,0.0015,1.95
3723,1.2225,0.5,0.1,0.0,0.0015,1.95
3724,1.2225,0.5,0.1,0.0,0.0015,1.95
3725,1.2225,0.5,0.1,0.0,0.0015,1.95
3726,1.222,0.0,0.0,0.0,0.0,1.95
3727,1.222,0.0,0.0,0.0,0.0,1.95
3728,1.2225,0.5,0.1,0.0,0.0015,1.95
3729,1.222,0.0,0.0,0.0,0.0,1.95
3730,1.222,0.0,0.0,0.0,0.0,1.95
3731,1.222,0.0,0.0,0.0,0.0,1.95
3732,1.222,0.0,0.0,0.0,0.0,1.95
3733,1.2225,0.5,0.1,0.0,0.0015,1.95
3734,1.2225,0.5,0.1,0.0,0.0015,1.95
3735,1.2225,0.5,0.1,0.0,0.0015,1.95
3736,1.222,0.0,0.0,0.0,0.0,1.95
3737,1.222,0.0,0.0,0.0,0.0,1.95
3738,1.2225,0.5,0.1,0.0,0.0015,1.95
3739,1.2225,0.5,0.1,0.0,0.0015,1.95
3740,1.222,0.0,0.0,0.0,0.0,1.95
3741,1.222,0.0,0.0,0.0,0.0,1.95
3742,1.222,0.0,0.0,0.0,0.0,1.95
3743,1.222,0.0,0.0,0.0,0.0,1.95
3744,1.222,0.0,0.0,0.0,0.0,1.95
3745,1.222,0.0,0.0,0.0,0.0,1.95
3746,1.2225,0.5,0.1,0.0,0.0015,1.95
3747,1.2225,0.5,0.1,0.0,0.0015,1.95
3748,1.222,0.0,0.0,0.0,0.0,1.95
3749,1.2225,0.5,0.1,0.0,0.0015,1.95
3750,1.222,0.0,0.0,0.0,0.0,1.95
3751,1.222,0.0,0.0,0.0,0.0,1.95
3752,1.222,0.0,0.0,0.0,0.0,1.95
3753,1.222,0.0,0.0,0.0,0.0,1.95
3754,1.222,0.0,0.0,0.0,0.0,1.95
3755,1.2225,0.5,0.1,0.0,0.0015,1.95
3756,1.222,0.0,0.0,0.0,0.0,1.95
3757,1.222,0.0,0.0,0.0,0.0,1.95
3758,1.2225,0.5,0.1,0.0,0.0015,1.95
3759,1.222,0.0,0.0,0.0,0.0,1.95
3760,1.2225,0.5,0.1,0.0,0.0015,1.95
3761,1.2225,0.5,0.1,0.0,0.0015,1.95
3762,1.222,0.0,0.0,0.0,0.0,1.95
3763,1.2225,0.5,0.1,0.0,0.0015,1.95
3764,1.2225,0.5,0.1,0.0,0.0015,1.95
3765,1.222,0.0,0.0,0.0,0.0,1.95
3766,1.222,0.0,0.0,0.0,0.0,1.95
3767,1.2225,0.5,0.1,0.0,0.0015,1.95
3768,1.222,0.0,0.0,0.0,0.0,1.95
3769,1.222,0.0,0.0,0.0,0.0,1.95
3770,1.222,0.0,0.0,0.0,0.0,1.95
3771,1.2225,0.5,0.1,0.0,0.0015,1.95
3772,1.222,0.0,0.0,0.0,0.0,1.95
3773,1.222,0.0,0.0,0.0,0.0,1.95
3774,1.2225,0.5,0.1,0.0,0.0015,1.95
3775,1.222,0.0,0.0,0.0,0.0,1.95
3776,1.222,0.0,0.0,0.0,0.0,1.95
3777,1.2225,0.5,0.1,0.0,0.0015,1.95
3778,1.222,0.0,0.0,0.0,0.0,1.95
3779,1.222,0.0,0.0,0.0,0.0,1.95
3780,1.222,0.0,0.0,0.0,0.0,1.95
3781,1.2225,0.5,0.1,0.0,0.0015,1.95
3782,1.222,0.0,0.0,0.0,0.0,1.95
3783,1.222,0.0,0.0,0.0,0.0,1.95
3784,1.2225,0.5,0.1,0.0,0.0015,1.95
3785,1.222,0.0,0.0,0.0,0.0,1.95
3786,1.222,0.0,0.0,0.0,0.0,1.95
3787,1.222,0.0,0.0,0.0,0.0,1.95
3788,1.2225,0.5,0.1,0.0,0.0015,1.95
3789,1.222,0.0,0.0,0.0,0.0,1.95
3790,1.222,0.0,0.0,0.0,0.0,1.95
3791,1.222,0.0,0.0,0.0,0.0,1.95
3792,1.2225,0.5,0.1,0.0,0.0015,1.95
3793,1.222,0.0,0.0,0.0,0.0,1.95
3794,1.222,0.0,0.0,0.0,0.0,1.95
3795,1.2225,0.5,0.1,0.0,0.0015,1.95
3796,1.222,0.0,0.0,0.0,0.0,1.95
3797,1.2225,0.5,0.1,0.0,0.0015,1.95
3798,1.2225,0.5,0.1,0.0,0.0015,1.95
3799,1.222,0.0,0.0,0.0,0.0,1.95
3800,1.222,0.0,0.0,0.0,0.0,1.95
3801,1.222,0.0,0.0,0.0,0.0,1.95
3802,1.2225,0.5,0.1,0.0,0.0015,1.95
3803,1.2225,0.5,0.1,0.0,0.0015,1.95
3804,1.2225,0.5,0.1,0.0,0.0015,1.95
3805,1.2225,0.5,0.1,0.0,0.0015,1.95
3806,1.2225,0.5,0.1,0.0,0.0015,1.95
3807,1.2225,0.5,0.1,0.0,0.0015,1.95
3808,1.2225,0.5,0.1,0.0,0.0015,1.95
3809,1.222,0.0,0.0,0.0,0.0,1.95
3810,1.222,0.0,0.0,0.0,0.0,1.95
3811,1.222,0.0,0.0,0.0,0.0,1.95
3812,1.222,0.0,0.0,0.0,0.0,1.95
3813,1.2225,0.5,0.1,0.0,0.0015,1.95
3814,1.2225,0.5,0.1,0.0,0.0015,1.95
3815,1.222,0.0,0.0,0.0,0.0,1.95
3816,1.2225,0.5,0.1,0.0,0.0015,1.95
3817,1.2225,0.5,0.1,0.0,0.0015,1.95
3818,1.222,0.0,0.0,0.0,0.0,1.95
3819,1.222,0.0,0.0,0.0,0.0,1.95
3820,1.2225,0.5,0.1,0.0,0.0015,1.95
3821,1.2225,0.5,0.1,0.0,0.0015,1.95
3822,1.2225,0.5,0.1,0.0,0.0015,1.95
3823,1.222,0.0,0.0,0.0,0.0,1.95
3824,1.222,0.0,0.0,0.0,0.0,1.95
3825,1.2225,0.5,0.1,0.0,0.0015,1.95
3826,1.222,0.0,0.0,0.0,0.0,1.95
3827,1.222,0.0,0.0,0.0,0.0,1.95
3828,1.2225,0.5,0.1,0.0,0.0015,1.95
3829,1.222,0.0,0.0,0.0,0.0,1.95
3830,1.2225,0.5,0.1,0.0,0.0015,1.95
3831,1.222,0.0,0.0,0.0,0.0,1.95
3832,1.222,0.0,0.0,0.0,0.0,1.95
3833,1.2225,0.5,0.1,0.0,0.0015,1.95
3834,1.222,0.0,0.0,0.0,0.0,1.95
3835,1.222,0.0,0.0,0.0,0.0,1.95
3836,1.222,0.0,0.0,0.0,0.0,1.95
3837,1.222,0.0,0.0,0.0,0.0,1.95
3838,1.2225,0.5,0.1,0.0,0.0015,1.95
3839,1.2225,0.5,0.1,0.0,0.0015,1.95
3840,1.2225,0.5,0.1,0.0,0.0015,1.95
3841,1.2225,0.5,0.1,0.0,0.0015,1.95
3842,1.2225,0.5,0.1,0.0,0.0015,1.95
3843,1.2225,0.5,0.1,0.0,0.0015,1.95
3844,1.222,0.0,0.0,0.0,0.0,1.95
3845,1.222,0.0,0.0,0.0,0.0,1.95
3846,1.222,0.0,0.0,0.0,0.0,1.95
3847,1.2225,0.5,0.1,0.0,0.0015,1.95
3848,1.222,0.0,0.0,0.0,0.0,1.95
3849,1.222,0.0,0.0,0.0,0.0,1.95
3850,1.2225,0.5,0.1,0.0,0.0015,1.95
3851,1.2225,0.5,0.1,0.0,0.0015,1.95
3852,1.2225,0.5,0.1,0.0,0.0015,1.95
3853,1.222,0.0,0.0,0.0,0.0,1.95
3854,1.2225,0.5,0.1,0.0,0.0015,1.95
3855,1.222,0.0,0.0,0.0,0.0,1.95
3856,1.222,0.0,0.0,0.0,0.0,1.95
3857,1.2225,0.5,0.1,0.0,0.0015,1.95
3858,1.2225,0.5,0.1,0.0,0.0015,1.95
3859,1.2225,0.5,0.1,0.0,0.0015,1.95
3860,1.2225,0.5,0.1,0.0,0.0015,1.95
3861,1.2225,0.5,0.1,0.0,0.0015,1.95
3862,1.222,0.0,0.0,0.0,0.0,1.95
3863,1.222,0.0,0.0,0.0,0.0,1.95
3864,1.222,0.0,0.0,0.0,0.0,1.95
3865,1.222,0.0,0.0,0.0,0.0,1.95
3866,1.222,0.0,0.0,0.0,0.0,1.95
3867,1.2225,0.5,0.1,0.0,0.0015,1.95
3868,1.2225,0.5,0.1,0.0,0.0015,1.95
3869,1.2225,0.5,0.1,0.0,0.0015,1.95
3870,1.222,0.0,0.0,0.0,0.0,1.95
3871,1.2225,0.5,0.1,0.0,0.0015,1.95
3872,1.222,0.0,0.0,0.0,0.0,1.95
3873,1.2225,0.5,0.1,0.0,0.0015,1.95
3874,1.2225,0.5,0.1,0.0,0.0015,1.95
3875,1.2225,0.5,0.1,0.0,0.0015,1.95
3876,1.222,0.0,0.0,0.0,0.0,1.95
3877,1.2225,0.5,0.1,0.0,0.0015,1.95
3878,1.222,0.0,0.0,0.0,0.0,1.95
3879,1.222,0.0,0.0,0.0,0.0,1.95
3880,1.2225,0.5,0.1,0.0,0.0015,1.95
3881,1.222,0.0,0.0,0.0,0.0,1.95
3882,1.2225,0.5,0.1,0.0,0.0015,1.95
3883,1.222,0.0,0.0,0.0,0.0,1.95
3884,1.2225,0.5,0.1,0.0,0.0015,1.95
3885,1.222,0.0,0.0,0.0,0.0,1.95
3886,1.2225,0.5,0.1,0.0,0.0015,1.95
3887,1.2225,0.5,0.1,0.0,0.0015,1.95
3888,1.222,0.0,0.0,0.0,0.0,1.95
3889,1.2225,0.5,0.1,0.0,0.0015,1.95
3890,1.2225,0.5,0.1,0.0,0.0015,1.95
3891,1.2225,0.5,0.1,0.0,0.0015,1.95
3892,1.2225,0.5,0.1,0.0,0.0015,1.95
3893,1.2225,0.5,0.1,0.0,0.0015,1.95
3894,1.2225,0.5,0.1,0.0,0.0015,1.95
3895,1.2225,0.5,0.1,0.0,0.0015,1.95
3896,1.2225,0.5,0.1,0.0,0.0015,1.95
3897,1.2225,0.5,0.1,0.0,0.0015,1.95
3898,1.222,0.0,0.0,0.0,0.0,1.95
3899,1.222,0.0,0.0,0.0,0.0,1.95
3900,1.222,0.0,0.0,0.0,0.0,1.95
3901,1.2225,0.5,0.1,0.0,0.0015,1.95
3902,1.2225,0.5,0.1,0.0,0.0015,1.95
3903,1.222,0.0,0.0,0.0,0.0,1.95
3904,1.2225,0.5,0.1,0.0,0.0015,1.95
3905,1.222,0.0,0.0,0.0,0.0,1.95
3906,1.2225,0.5,0.1,0.0,0.0015,1.95
3907,1.2225,0.5,0.1,0.0,0.0015,1.95
3908,1.2225,0.5,0.1,0.0,0.0015,1.95
3909,1.222,0.0,0.0,0.0,0.0,1.95
3910,1.222,0.0,0.0,0.0,0.0,1.95
3911,1.2225,0.5,0.1,0.0,0.0015,1.95
3912,1.222,0.0,0.0,0.0,0.0,1.95
3913,1.2225,0.5,0.1,0.0,0.0015,1.95
3914,1.222,0.0,0.0,0.0,0.0,1.95
3915,1.222,0.0,0.0,0.0,0.0,1.95
3916,1.2225,0.5,0.1,0.0,0.0015,1.95
3917,1.2225,0.5,0.1,0.0,0.0015,1.95
3918,1.2225,0.5,0.1,0.0,0.0015,1.95
3919,1.222,0.0,0.0,0.0,0.0,1.95
3920,1.2225,0.5,0.1,0.0,0.0015,1.95
3921,1.222,0.0,0.0,0.0,0.0,1.95
3922,1.2225,0.5,0.1,0.0,0.0015,1.95
3923,1.2225,0.5,0.1,0.0,0.0015,1.95
3924,1.222,0.0,0.0,0.0,0.0,1.95
3925,1.222,0.0,0.0,0.0,0.0,1.95
3926,1.2225,0.5,0.1,0.0,0.0015,1.95
3927,1.2225,0.5,0.1,0.0,0.0015,1.95
3928,1.2225,0.5,0.1,0.0,0.0015,1.95
3929,1.222,0.0,0.0,0.0,0.0,1.95
3930,1.2225,0.5,0.1,0.0,0.0015,1.95
3931,1.2225,0.5,0.1,0.0,0.0015,1.95
3932,1.222,0.0,0.0,0.0,0.0,1.95
3933,1.2225,0.5,0.1,0.0,0.0015,1.95
3934,1.222,0.0,0.0,0.0,0.0,1.95
3935,1.2225,0.5,0.1,0.0,0.0015,1.95
3936,1.2225,0.5,0.1,0.0,0.0015,1.95
3937,1.2225,0.5,0.1,0.0,0.0015,1.95
3938,1.2225,0.5,0.1,0.0,0.0015,1.95
3939,1.2225,0.5,0.1,0.0,0.0015,1.95
3940,1.2225,0.5,0.1,0.0,0.0015,1.95
3941,1.2225,0.5,0.1,0.0,0.0015,1.95
3942,1.2225,0.5,0.1,0.0,0.0015,1.95
3943,1.222,0.0,0.0,0.0,0.0,1.95
3944,1.2225,0.5,0.1,0.0,0.0015,1.95
3945,1.222,0.0,0.0,0.0,0.0,1.95
3946,1.222,0.0,0.0,0.0,0.0,1.95
3947,1.222,0.0,0.0,0.0,0.0,1.95
3948,1.2225,0.5,0.1,0.0,0.0015,1.95
3949,1.222,0.0,0.0,0.0,0.0,1.95
3950,1.2225,0.5,0.1,0.0,0.0015,1.95
3951,1.2225,0.5,0.1,0.0,0.0015,1.95
3952,1.222,0.0,0.0,0.0,0.0,1.95
3953,1.2225,0.5,0.1,0.0,0.0015,1.95
3954,1.2225,0.5,0.1,0.0,0.0015,1.95
3955,1.222,0.0,0.0,0.0,0.0,1.95
3956,1.222,0.0,0.0,0.0,0.0,1.95
3957,1.2225,0.5,0.1,0.0,0.0015,1.95
3958,1.222,0.0,0.0,0.0,0.0,1.95
3959,1.2225,0.5,0.1,0.0,0.0015,1.95
3960,1.222,0.0,0.0,0.0,0.0,1.95
3961,1.222,0.0,0.0,0.0,0.0,1.95
3962,1.2225,0.5,0.1,0.0,0.0015,1.95
3963,1.222,0.0,0.0,0.0,0.0,1.95
3964,1.222,0.0,0.0,0.0,0.0,1.95
3965,1.2225,0.5,0.1,0.0,0.0015,1.95
3966,1.2225,0.5,0.1,0.0,0.0015,1.95
3967,1.222,0.0,0.0,0.0,0.0,1.95
3968,1.2225,0.5,0.1,0.0,0.0015,1.95
3969,1.222,0.0,0.0,0.0,0.0,1.95
3970,1.222,0.0,0.0,0.0,0.0,1.95
3971,1.222,0.0,0.0,0.0,0.0,1.95
3972,1.222,0.0,0.0,0.0,0.0,1.95
3973,1.222,0.0,0.0,0.0,0.0,1.95
3974,1.222,0.0,0.0,0.0,0.0,1.95
3975,1.2225,0.5,0.1,0.0,0.0015,1.95
3976,1.222,0.0,0.0,0.0,0.0,1.95
3977,1.2225,0.5,0.1,0.0,0.0015,1.95
3978,1.222,0.0,0.0,0.0,0.0,1.95
3979,1.222,0.0,0.0,0.0,0.0,1.95
3980,1.222,0.0,0.0,0.0,0.0,1.95
3981,1.222,0.0,0.0,0.0,0.0,1.95
3982,1.2225,0.5,0.1,0.0,0.0015,1.95
3983,1.222,0.0,0.0,0.0,0.0,1.95
3984,1.222,0.0,0.0,0.0,0.0,1.95
3985,1.222,0.0,0.0,0.0,0.0,1.95
3986,1.2225,0.5,0.1,0.0,0.0015,1.95
3987,1.222,0.0,0.0,0.0,0.0,1.95
3988,1.222,0.0,0.0,0.0,0.0,1.95
3989,1.222,0.0,0.0,0.0,0.0,1.95
3990,1.2225,0.5,0.1,0.0,0.0015,1.95
3991,1.222,0.0,0.0,0.0,0.0,1.95
3992,1.222,0.0,0.0,0.0,0.0,1.95
3993,1.2225,0.5,0.1,0.0,0.0015,1.95
3994,1.2225,0.5,0.1,0.0,0.0015,1.95
3995,1.2225,0.5,0.1,0.0,0.0015,1.95
3996,1.222,0.0,0.0,0.0,0.0,1.95
3997,1.2225,0.5,0.1,0.0,0.0015,1.95
3998,1.2225,0.5,0.1,0.0,0.0015,1.95
3999,1.222,0.0,0.0,0.0,0.0,1.95
4000,1.2225,0.5,0.1,0.0,0.0015,1.95
4001,1.2225,0.5,0.1,0.0,0.0015,1.95
4002,1.2225,0.5,0.1,0.0,0.0015,1.95
4003,1.2225,0.5,0.1,0.0,0.0015,1.95
4004,1.222,0.0,0.0,0.0,0.0,1.95
4005,1.222,0.0,0.0,0.0,0.0,1.95
4006,1.2225,0.5,0.1,0.0,0.0015,1.95
4007,1.222,0.0,0.0,0.0,0.0,1.95
4008,1.222,0.0,0.0,0.0,0.0,1.95
4009,1.2225,0.5,0.1,0.0,0.0015,1.95
4010,1.222,0.0,0.0,0.0,0.0,1.95
4011,1.222,0.0,0.0,0.0,0.0,1.95
4012,1.2225,0.5,0.1,0.0,0.0015,1.95
4013,1.2225,0.5,0.1,0.0,0.0015,1.95
4014,1.222,0.0,0.0,0.0,0.0,1.95
4015,1.2225,0.5,0.1,0.0,0.0015,1.95
4016,1.2225,0.5,0.1,0.0,0.0015,1.95
4017,1.2225,0.5,0.1,0.0,0.0015,1.95
4018,1.2225,0.5,0.1,0.0,0.0015,1.95
4019,1.2225,0.5,0.1,0.0,0.0015,1.95
4020,1.222,0.0,0.0,0.0,0.0,1.95
4021,1.222,0.0,0.0,0.0,0.0,1.95
4022,1.2225,0.5,0.1,0.0,0.0015,1.95
4023,1.222,0.0,0.0,0.0,0.0,1.95
4024,1.222,0.0,0.0,0.0,0.0,1.95
4025,1.2225,0.5,0.1,0.0,0.0015,1.95
4026,1.222,0.0,0.0,0.0,0.0,1.95
4027,1.222,0.0,0.0,0.0,0.0,1.95
4028,1.222,0.0,0.0,0.0,0.0,1.95
4029,1.222,0.0,0.0,0.0,0.0,1.95
4030,1.2225,0.5,0.1,0.0,0.0015,1.95
4031,1.222,0.0,0.0,0.0,0.0,1.95
4032,1.222,0.0,0.0,0.0,0.0,1.95
4033,1.222,0.0,0.0,0.0,0.0,1.95
4034,1.2225,0.5,0.1,0.0,0.0015,1.95
4035,1.222,0.0,0.0,0.0,0.0,1.95
4036,1.222,0.0,0.0,0.0,0.0,1.95
4037,1.222,0.0,0.0,0.0,0.0,1.95
4038,1.2225,0.5,0.1,0.0,0.0015,1.95
4039,1.222,0.0,0.0,0.0,0.0,1.95
4040,1.2225,0.5,0.1,0.0,0.0015,1.95
4041,1.2225,0.5,0.1,0.0,0.0015,1.95
4042,1.2225,0.5,0.1,0.0,0.0015,1.95
4043,1.2225,0.5,0.1,0.0,0.0015,1.95
4044,1.222,0.0,0.0,0.0,0.0,1.95
4045,1.222,0.0,0.0,0.0,0.0,1.95
4046,1.222,0.0,0.0,0.0,0.0,1.95
4047,1.222,0.0,0.0,0.0,0.0,1.95
4048,1.2225,0.5,0.1,0.0,0.0015,1.95
4049,1.2225,0.5,0.1,0.0,0.0015,1.95
4050,1.2225,0.5,0.1,0.0,0.0015,1.95
4051,1.2225,0.5,0.1,0.0,0.0015,1.95
4052,1.222,0.0,0.0,0.0,0.0,1.95
4053,1.2225,0.5,0.1,0.0,0.0015,1.95
4054,1.222,0.0,0.0,0.0,0.0,1.95
4055,1.2225,0.5,0.1,0.0,0.0015,1.95
4056,1.222,0.0,0.0,0.0,0.0,1.95
4057,1.222,0.0,0.0,0.0,0.0,1.95
4058,1.222,0.0,0.0,0.0,0.0,1.95
4059,1.2225,0.5,0.1,0.0,0.0015,1.95
4060,1.2225,0.5,0.1,0.0,0.0015,1.95
4061,1.2225,0.5,0.1,0.0,0.0015,1.95
4062,1.2225,0.5,0.1,0.0,0.0015,1.95
4063,1.222,0.0,0.0,0.0,0.0,1.95
4064,1.2225,0.5,0.1,0.0,0.0015,1.95
4065,1.222,0.0,0.0,0.0,0.0,1.95
4066,1.222,0.0,0.0,0.0,0.0,1.95
4067,1.2225,0.5,0.1,0.0,0.0015,1.95
4068,1.222,0.0,0.0,0.0,0.0,1.95
4069,1.222,0.0,0.0,0.0,0.0,1.95
4070,1.2225,0.5,0.1,0.0,0.0015,1.95
4071,1.222,0.0,0.0,0.0,0.0,1.95
4072,1.222,0.0,0.0,0.0,0.0,1.95
4073,1.2225,0.5,0.1,0.0,0.0015,1.95
4074,1.2225,0.5,0.1,0.0,0.0015,1.95
4075,1.222,0.0,0.0,0.0,0.0,1.95
4076,1.2225,0.5,0.1,0.0,0.0015,1.95
4077,1.2225,0.5,0.1,0.0,0.0015,1.95
4078,1.222,0.0,0.0,0.0,0.0,1.95
4079,1.2225,0.5,0.1,0.0,0.0015,1.95
4080,1.2225,0.5,0.1,0.0,0.0015,1.95
4081,1.222,0.0,0.0,0.0,0.0,1.95
4082,1.222,0.0,0.0,0.0,0.0,1.95
4083,1.222,0.0,0.0,0.0,0.0,1.95
4084,1.2225,0.5,0.1,0.0,0.0015,1.95
4085,1.2225,0.5,0.1,0.0,0.0015,1.95
4086,1.222,0.0,0.0,0.0,0.0,1.95
4087,1.2225,0.5,0.1,0.0,0.0015,1.95
4088,1.222,0.0,0.0,0.0,0.0,1.95
1,1.222,0.0,0.0,0.0,0.0,1.95
2,1.222,0.0,0.0,0.0,0.0,1.95
3,0.022,0.5,0.1,0.02,0.0025,1.95
4,0.022,0.5,0.1,0.02,0.0025,1.95
5,1.222,0.0,0.0,0.0,0.0,1.95
6,1.222,0.0,0.0,0.0,0.0,1.95
7,1.222,0.0,0.0,0.0,0.0,1.95
8,0.022,0.5,0.1,0.02,0.0025,1.95
9,0.022,0.5,0.1,0.02,0.0025,1.95
10,0.022,0.5,0.1,0.02,0.0025,1.95
11,0.022,0.5,0.1,0.02,0.0025,1.95
12,1.222,0.0,0.0,0.0,0.0,1.95
13,1.222,0.0,0.0,0.0,0.0,1.95
14,1.222,0.0,0.0,0.0,0.0,1.95
15,0.022,0.5,0.1,0.02,0.0025,1.95
16,0.022,0.5,0.1,0.02,0.0025,1.95
17,1.222,0.0,0.0,0.0,0.0,1.95
18,0.022,0.5,0.1,0.02,0.0025,1.95
19,1.222,0.0,0.0,0.0,0.0,1.95
20,0.022,0.5,0.1,0.02,0.0025,1.95
21,1.222,0.0,0.0,0.0,0.0,1.95
22,1.222,0.0,0.0,0.0,0.0,1.95
23,0.022,0.5,0.1,0.02,0.0025,1.95
24,1.222,0.0,0.0,0.0,0.0,1.95
25,1.222,0.0,0.0,0.0,0.0,1.95
26,0.022,0.5,0.1,0.02,0.0025,1.95
27,0.022,0.5,0.1,0.02,0.0025,1.95
28,0.022,0.5,0.1,0.02,0.0025,1.95
29,1.222,0.0,0.0,0.0,0.0,1.95
30,0.022,0.5,0.1,0.02,0.0025,1.95
31,1.222,0.0,0.0,0.0,0.0,1.95
32,1.222,0.0,0.0,0.0,0.0,1.95
33,0.022,0.5,0.1,0.02,0.0025,1.95
34,1.222,0.0,0.0,0.0,0.0,1.95
35,0.022,0.5,0.1,0.02,0.0025,1.95
36,1.222,0.0,0.0,0.0,0.0,1.95
37,1.222,0.0,0.0,0.0,0.0,1.95
38,1.222,0.0,0.0,0.0,0.0,1.95
39,1.222,0.0,0.0,0.0,0.0,1.95
40,1.222,0.0,0.0,0.0,0.0,1.95
41,0.022,0.5,0.1,0.02,0.0025,1.95
42,1.222,0.0,0.0,0.0,0.0,1.95
43,0.022,0.5,0.1,0.02,0.0025,1.95
44,0.022,0.5,0.1,0.02,0.0025,1.95
45,0.022,0.5,0.1,0.02,0.0025,1.95
46,1.222,0.0,0.0,0.0,0.0,1.95
47,1.222,0.0,0.0,0.0,0.0,1.95
48,0.022,0.5,0.1,0.02,0.0025,1.95
49,1.222,0.0,0.0,0.0,0.0,1.95
50,1.222,0.0,0.0,0.0,0.0,1.95
51,0.022,0.5,0.1,0.02,0.0025,1.95
52,0.022,0.5,0.1,0.02,0.0025,1.95
53,0.022,0.5,0.1,0.02,0.0025,1.95
54,1.222,0.0,0.0,0.0,0.0,1.95
55,0.022,0.5,0.1,0.02,0.0025,1.95
56,1.222,0.0,0.0,0.0,0.0,1.95
57,0.022,0.5,0.1,0.02,0.0025,1.95
58,1.222,0.0,0.0,0.0,0.0,1.95
59,1.222,0.0,0.0,0.0,0.0,1.95
60,1.222,0.0,0.0,0.0,0.0,1.95
61,0.022,0.5,0.1,0.02,0.0025,1.95
62,0.022,0.5,0.1,0.02,0.0025,1.95
63,1.222,0.0,0.0,0.0,0.0,1.95
64,1.222,0.0,0.0,0.0,0.0,1.95
65,0.022,0.5,0.1,0.02,0.0025,1.95
66,0.022,0.5,0.1,0.02,0.0025,1.95
67,1.222,0.0,0.0,0.0,0.0,1.95
68,0.022,0.5,0.1,0.02,0.0025,1.95
69,1.222,0.0,0.0,0.0,0.0,1.95
70,0.022,0.5,0.1,0.02,0.0025,1.95
71,1.222,0.0,0.0,0.0,0.0,1.95
72,1.222,0.0,0.0,0.0,0.0,1.95
73,0.022,0.5,0.1,0.02,0.0025,1.95
74,1.222,0.0,0.0,0.0,0.0,1.95
75,0.022,0.5,0.1,0.02,0.0025,1.95
76,0.022,0.5,0.1,0.02,0.0025,1.95
77,0.022,0.5,0.1,0.02,0.0025,1.95
78,1.222,0.0,0.0,0.0,0.0,1.95
79,0.022,0.5,0.1,0.02,0.0025,1.95
80,0.022,0.5,0.1,0.02,0.0025,1.95
81,1.222,0.0,0.0,0.0,0.0,1.95
82,0.022,0.5,0.1,0.02,0.0025,1.95
83,0.022,0.5,0.1,0.02,0.0025,1.95
84,1.222,0.0,0.0,0.0,0.0,1.95
85,0.022,0.5,0.1,0.02,0.0025,1.95
86,1.222,0.0,0.0,0.0,0.0,1.95
87,1.222,0.0,0.0,0.0,0.0,1.95
88,1.222,0.0,0.0,0.0,0.0,1.95
89,0.022,0.5,0.1,0.02,0.0025,1.95
90,0.022,0.5,0.1,0.02,0.0025,1.95
91,1.222,0.0,0.0,0.0,0.0,1.95
92,0.022,0.5,0.1,0.02,0.0025,1.95
93,0.022,0.5,0.1,0.02,0.0025,1.95
94,0.022,0.5,0.1,0.02,0.0025,1.95
95,0.022,0.5,0.1,0.02,0.0025,1.95
96,1.222,0.0,0.0,0.0,0.0,1.95
97,0.022,0.5,0.1,0.02,0.0025,1.95
98,0.022,0.5,0.1,0.02,0.0025,1.95
99,0.022,0.5,0.1,0.02,0.0025,1.95
100,0.022,0.5,0.1,0.02,0.0025,1.95
101,0.022,0.5,0.1,0.02,0.0025,1.95
102,0.022,0.5,0.1,0.02,0.0025,1.95
103,0.022,0.5,0.1,0.02,0.0025,1.95
104,0.022,0.5,0.1,0.02,0.0025,1.95
105,1.222,0.0,0.0,0.0,0.0,1.95
106,0.022,0.5,0.1,0.02,0.0025,1.95
107,1.222,0.0,0.0,0.0,0.0,1.95
108,1.222,0.0,0.0,0.0,0.0,1.95
109,0.022,0.5,0.1,0.02,0.0025,1.95
110,1.222,0.0,0.0,0.0,0.0,1.95
111,0.022,0.5,0.1,0.02,0.0025,1.95
112,0.022,0.5,0.1,0.02,0.0025,1.95
113,1.222,0.0,0.0,0.0,0.0,1.95
114,0.022,0.5,0.1,0.02,0.0025,1.95
115,1.222,0.0,0.0,0.0,0.0,1.95
116,1.222,0.0,0.0,0.0,0.0,1.95
117,0.022,0.5,0.1,0.02,0.0025,1.95
118,0.022,0.5,0.1,0.02,0.0025,1.95
119,0.022,0.5,0.1,0.02,0.0025,1.95
120,1.222,0.0,0.0,0.0,0.0,1.95
121,0.022,0.5,0.1,0.02,0.0025,1.95
122,1.222,0.0,0.0,0.0,0.0,1.95
123,1.222,0.0,0.0,0.0,0.0,1.95
124,0.022,0.5,0.1,0.02,0.0025,1.95
125,0.022,0.5,0.1,0.02,0.0025,1.95
126,1.222,0.0,0.0,0.0,0.0,1.95
127,0.022,0.5,0.1,0.02,0.0025,1.95
128,1.222,0.0,0.0,0.0,0.0,1.95
129,1.222,0.0,0.0,0.0,0.0,1.95
130,1.222,0.0,0.0,0.0,0.0,1.95
131,0.022,0.5,0.1,0.02,0.0025,1.95
132,1.222,0.0,0.0,0.0,0.0,1.95
133,1.222,0.0,0.0,0.0,0.0,1.95
134,1.222,0.0,0.0,0.0,0.0,1.95
135,0.022,0.5,0.1,0.02,0.0025,1.95
136,1.2225,0.5,0.1,0.0,0.0015,1.95
137,1.2225,0.5,0.1,0.0,0.0015,1.95
138,1.222,0.0,0.0,0.0,0.0,1.95
139,1.222,0.0,0.0,0.0,0.0,1.95
140,0.022,0.5,0.1,0.02,0.0025,1.95
141,1.222,0.0,0.0,0.0,0.0,1.95
142,1.2225,0.5,0.1,0.0,0.0015,1.95
143,1.222,0.0,0.0,0.0,0.0,1.95
144,1.2225,0.5,0.1,0.0,0.0015,1.95
145,1.2225,0.5,0.1,0.0,0.0015,1.95
146,1.222,0.0,0.0,0.0,0.0,1.95
147,1.2225,0.5,0.1,0.0,0.0015,1.95
148,1.2225,0.5,0.1,0.0,0.0015,1.95
149,1.2225,0.5,0.1,0.0,0.0015,1.95
150,1.222,0.0,0.0,0.0,0.0,1.95
151,1.222,0.0,0.0,0.0,0.0,1.95
152,1.222,0.0,0.0,0.0,0.0,1.95
153,1.2225,0.5,0.1,0.0,0.0015,1.95
154,1.222,0.0,0.0,0.0,0.0,1.95
155,1.222,0.0,0.0,0.0,0.0,1.95
156,1.2225,0.5,0.1,0.0,0.0015,1.95
157,1.222,0.0,0.0,0.0,0.0,1.95
158,1.222,0.0,0.0,0.0,0.0,1.95
159,1.222,0.0,0.0,0.0,0.0,1.95
160,1.222,0.0,0.0,0.0,0.0,1.95
161,1.222,0.0,0.0,0.0,0.0,1.95
162,1.2225,0.5,0.1,0.0,0.0015,1.95
163,1.222,0.0,0.0,0.0,0.0,1.95
164,1.2225,0.5,0.1,0.0,0.0015,1.95
165,1.222,0.0,0.0,0.0,0.0,1.95
166,1.222,0.0,0.0,0.0,0.0,1.95
167,1.222,0.0,0.0,0.0,0.0,1.95
168,1.2225,0.5,0.1,0.0,0.0015,1.95
169,1.222,0.0,0.0,0.0,0.0,1.95
170,1.2225,0.5,0.1,0.0,0.0015,1.95
171,1.2225,0.5,0.1,0.0,0.0015,1.95
172,1.2225,0.5,0.1,0.0,0.0015,1.95
173,1.2225,0.5,0.1,0.0,0.0015,1.95
174,1.2225,0.5,0.1,0.0,0.0015,1.95
175,1.222,0.0,0.0,0.0,0.0,1.95
176,1.2225,0.5,0.1,0.0,0.0015,1.95
177,1.2225,0.5,0.1,0.0,0.0015,1.95
178,1.2225,0.5,0.1,0.0,0.0015,1.95
179,1.2225,0.5,0.1,0.0,0.0015,1.95
180,1.222,0.0,0.0,0.0,0.0,1.95
181,1.2225,0.5,0.1,0.0,0.0015,1.95
182,1.2225,0.5,0.1,0.0,0.0015,1.95
183,1.222,0.0,0.0,0.0,0.0,1.95
184,1.2225,0.5,0.1,0.0,0.0015,1.95
185,1.222,0.0,0.0,0.0,0.0,1.95
186,1.222,0.0,0.0,0.0,0.0,1.95
187,1.2225,0.5,0.1,0.0,0.0015,1.95
188,1.222,0.0,0.0,0.0,0.0,1.95
189,1.2225,0.5,0.1,0.0,0.0015,1.95
190,1.2225,0.5,0.1,0.0,0.0015,1.95
191,1.2225,0.5,0.1,0.0,0.0015,1.95
192,1.222,0.0,0.0,0.0,0.0,1.95
193,1.222,0.0,0.0,0.0,0.0,1.95
194,1.2225,0.5,0.1,0.0,0.0015,1.95
195,1.2225,0.5,0.1,0.0,0.0015,1.95
196,1.222,0.0,0.0,0.0,0.0,1.95
197,1.222,0.0,0.0,0.0,0.0,1.95
198,1.2225,0.5,0.1,0.0,0.0015,1.95
199,1.2225,0.5,0.1,0.0,0.0015,1.95
200,1.2225,0.5,0.1,0.0,0.0015,1.95
201,1.2225,0.5,0.1,0.0,0.0015,1.95
202,1.2225,0.5,0.1,0.0,0.0015,1.95
203,1.2225,0.5,0.1,0.0,0.0015,1.95
204,1.222,0.0,0.0,0.0,0.0,1.95
205,1.2225,0.5,0.1,0.0,0.0015,1.95
206,1.2225,0.5,0.1,0.0,0.0015,1.95
207,1.2225,0.5,0.1,0.0,0.0015,1.95
208,1.2225,0.5,0.1,0.0,0.0015,1.95
209,1.222,0.0,0.0,0.0,0.0,1.95
210,1.222,0.0,0.0,0.0,0.0,1.95
211,1.2225,0.5,0.1,0.0,0.0015,1.95
212,1.2225,0.5,0.1,0.0,0.0015,1.95
213,1.222,0.0,0.0,0.0,0.0,1.95
214,1.222,0.0,0.0,0.0,0.0,1.95
215,1.2225,0.5,0.1,0.0,0.0015,1.95
216,1.222,0.0,0.0,0.0,0.0,1.95
217,1.222,0.0,0.0,0.0,0.0,1.95
218,1.222,0.0,0.0,0.0,0.0,1.95
219,1.2225,0.5,0.1,0.0,0.0015,1.95
220,1.2225,0.5,0.1,0.0,0.0015,1.95
221,1.2225,0.5,0.1,0.0,0.0015,1.95
222,1.2225,0.5,0.1,0.0,0.0015,1.95
223,1.2225,0.5,0.1,0.0,0.0015,1.95
224,1.222,0.0,0.0,0.0,0.0,1.95
225,1.2225,0.5,0.1,0.0,0.0015,1.95
226,1.222,0.0,0.0,0.0,0.0,1.95
227,1.2225,0.5,0.1,0.0,0.0015,1.95
228,1.2225,0.5,0.1,0.0,0.0015,1.95
229,1.222,0.0,0.0,0.0,0.0,1.95
230,1.2225,0.5,0.1,0.0,0.0015,1.95
231,1.222,0.0,0.0,0.0,0.0,1.95
232,1.222,0.0,0.0,0.0,0.0,1.95
233,1.222,0.0,0.0,0.0,0.0,1.95
234,1.222,0.0,0.0,0.0,0.0,1.95
235,1.222,0.0,0.0,0.0,0.0,1.95
236,1.2225,0.5,0.1,0.0,0.0015,1.95
237,1.222,0.0,0.0,0.0,0.0,1.95
238,1.222,0.0,0.0,0.0,0.0,1.95
239,1.222,0.0,0.0,0.0,0.0,1.95
240,1.2225,0.5,0.1,0.0,0.0015,1.95
241,1.222,0.0,0.0,0.0,0.0,1.95
242,1.2225,0.5,0.1,0.0,0.0015,1.95
243,1.222,0.0,0.0,0.0,0.0,1.95
244,1.222,0.0,0.0,0.0,0.0,1.95
245,1.222,0.0,0.0,0.0,0.0,1.95
246,1.2225,0.5,0.1,0.0,0.0015,1.95
247,1.2225,0.5,0.1,0.0,0.0015,1.95
248,1.222,0.0,0.0,0.0,0.0,1.95
249,1.2225,0.5,0.1,0.0,0.0015,1.95
250,1.222,0.0,0.0,0.0,0.0,1.95
251,1.2225,0.5,0.1,0.0,0.0015,1.95
252,1.222,0.0,0.0,0.0,0.0,1.95
253,1.2225,0.5,0.1,0.0,0.0015,1.95
254,1.2225,0.5,0.1,0.0,0.0015,1.95
255,1.2225,0.5,0.1,0.0,0.0015,1.95
256,1.222,0.0,0.0,0.0,0.0,1.95
257,1.222,0.0,0.0,0.0,0.0,1.95
258,1.2225,0.5,0.1,0.0,0.0015,1.95
259,1.2225,0.5,0.1,0.0,0.0015,1.95
260,1.2225,0.5,0.1,0.0,0.0015,1.95
261,1.222,0.0,0.0,0.0,0.0,1.95
262,1.222,0.0,0.0,0.0,0.0,1.95
263,1.222,0.0,0.0,0.0,0.0,1.95
264,1.2225,0.5,0.1,0.0,0.0015,1.95
265,1.222,0.0,0.0,0.0,0.0,1.95
266,1.2225,0.5,0.1,0.0,0.0015,1.95
267,1.2225,0.5,0.1,0.0,0.0015,1.95
268,1.2225,0.5,0.1,0.0,0.0015,1.95
269,1.222,0.0,0.0,0.0,0.0,1.95
270,1.2225,0.5,0.1,0.0,0.0015,1.95
271,1.222,0.0,0.0,0.0,0.0,1.95
272,1.2225,0.5,0.1,0.0,0.0015,1.95
273,1.2225,0.5,0.1,0.0,0.0015,1.95
274,1.222,0.0,0.0,0.0,0.0,1.95
275,1.222,0.0,0.0,0.0,0.0,1.95
276,1.2225,0.5,0.1,0.0,0.0015,1.95
277,1.2225,0.5,0.1,0.0,0.0015,1.95
278,1.2225,0.5,0.1,0.0,0.0015,1.95
279,1.222,0.0,0.0,0.0,0.0,1.95
280,1.2225,0.5,0.1,0.0,0.0015,1.95
281,1.2225,0.5,0.1,0.0,0.0015,1.95
282,1.222,0.0,0.0,0.0,0.0,1.95
283,1.222,0.0,0.0,0.0,0.0,1.95
284,1.2225,0.5,0.1,0.0,0.0015,1.95
285,1.222,0.0,0.0,0.0,0.0,1.95
286,1.222,0.0,0.0,0.0,0.0,1.95
287,1.2225,0.5,0.1,0.0,0.0015,1.95
288,1.222,0.0,0.0,0.0,0.0,1.95
289,1.2225,0.5,0.1,0.0,0.0015,1.95
290,1.2225,0.5,0.1,0.0,0.0015,1.95
291,1.222,0.0,0.0,0.0,0.0,1.95
292,1.2225,0.5,0.1,0.0,0.0015,1.95
293,1.222,0.0,0.0,0.0,0.0,1.95
294,1.222,0.0,0.0,0.0,0.0,1.95
295,1.222,0.0,0.0,0.0,0.0,1.95
296,1.2225,0.5,0.1,0.0,0.0015,1.95
297,1.222,0.0,0.0,0.0,0.0,1.95
298,1.2225,0.5,0.1,0.0,0.0015,1.95
299,1.222,0.0,0.0,0.0,0.0,1.95
300,1.2225,0.5,0.1,0.0,0.0015,1.95
301,1.2225,0.5,0.1,0.0,0.0015,1.95
302,1.222,0.0,0.0,0.0,0.0,1.95
303,1.222,0.0,0.0,0.0,0.0,1.95
304,1.222,0.0,0.0,0.0,0.0,1.95
305,1.222,0.0,0.0,0.0,0.0,1.95
306,1.222,0.0,0.0,0.0,0.0,1.95
307,1.222,0.0,0.0,0.0,0.0,1.95
308,1.2225,0.5,0.1,0.0,0.0015,1.95
309,1.222,0.0,0.0,0.0,0.0,1.95
310,1.222,0.0,0.0,0.0,0.0,1.95
311,1.222,0.0,0.0,0.0,0.0,1.95
312,1.2225,0.5,0.1,0.0,0.0015,1.95
313,1.2225,0.5,0.1,0.0,0.0015,1.95
314,1.2225,0.5,0.1,0.0,0.0015,1.95
315,1.2225,0.5,0.1,0.0,0.0015,1.95
316,1.2225,0.5,0.1,0.0,0.0015,1.95
317,1.222,0.0,0.0,0.0,0.0,1.95
318,1.222,0.0,0.0,0.0,0.0,1.95
319,1.222,0.0,0.0,0.0,0.0,1.95
320,1.2225,0.5,0.1,0.0,0.0015,1.95
321,1.222,0.0,0.0,0.0,0.0,1.95
322,1.222,0.0,0.0,0.0,0.0,1.95
323,1.222,0.0,0.0,0.0,0.0,1.95
324,1.222,0.0,0.0,0.0,0.0,1.95
325,1.2225,0.5,0.1,0.0,0.0015,1.95
326,1.222,0.0,0.0,0.0,0.0,1.95
327,1.2225,0.5,0.1,0.0,0.0015,1.95
328,1.2225,0.5,0.1,0.0,0.0015,1.95
329,1.2225,0.5,0.1,0.0,0.0015,1.95
330,1.2225,0.5,0.1,0.0,0.0015,1.95
331,1.222,0.0,0.0,0.0,0.0,1.95
332,1.222,0.0,0.0,0.0,0.0,1.95
333,1.2225,0.5,0.1,0.0,0.0015,1.95
334,1.222,0.0,0.0,0.0,0.0,1.95
335,1.2225,0.5,0.1,0.0,0.0015,1.95
336,1.222,0.0,0.0,0.0,0.0,1.95
337,1.2225,0.5,0.1,0.0,0.0015,1.95
338,1.222,0.0,0.0,0.0,0.0,1.95
339,1.2225,0.5,0.1,0.0,0.0015,1.95
340,1.2225,0.5,0.1,0.0,0.0015,1.95
341,1.2225,0.5,0.1,0.0,0.0015,1.95
342,1.222,0.0,0.0,0.0,0.0,1.95
343,1.2225,0.5,0.1,0.0,0.0015,1.95
344,1.2225,0.5,0.1,0.0,0.0015,1.95
345,1.222,0.0,0.0,0.0,0.0,1.95
346,1.2225,0.5,0.1,0.0,0.0015,1.95
347,1.2225,0.5,0.1,0.0,0.0015,1.95
348,1.222,0.0,0.0,0.0,0.0,1.95
349,1.222,0.0,0.0,0.0,0.0,1.95
350,1.2225,0.5,0.1,0.0,0.0015,1.95
351,1.2225,0.5,0.1,0.0,0.0015,1.95
352,1.222,0.0,0.0,0.0,0.0,1.95
353,1.2225,0.5,0.1,0.0,0.0015,1.95
354,1.222,0.0,0.0,0.0,0.0,1.95
355,1.222,0.0,0.0,0.0,0.0,1.95
356,1.222,0.0,0.0,0.0,0.0,1.95
357,1.222,0.0,0.0,0.0,0.0,1.95
358,1.2225,0.5,0.1,0.0,0.0015,1.95
359,1.2225,0.5,0.1,0.0,0.0015,1.95
360,1.2225,0.5,0.1,0.0,0.0015,1.95
361,1.222,0.0,0.0,0.0,0.0,1.95
362,1.222,0.0,0.0,0.0,0.0,1.95
363,1.2225,0.5,0.1,0.0,0.0015,1.95
364,1.222,0.0,0.0,0.0,0.0,1.95
365,1.2225,0.5,0.1,0.0,0.0015,1.95
366,1.222,0.0,0.0,0.0,0.0,1.95
367,1.2225,0.5,0.1,0.0,0.0015,1.95
368,1.2225,0.5,0.1,0.0,0.0015,1.95
369,1.222,0.0,0.0,0.0,0.0,1.95
370,1.2225,0.5,0.1,0.0,0.0015,1.95
371,1.2225,0.5,0.1,0.0,0.0015,1.95
372,1.222,0.0,0.0,0.0,0.0,1.95
373,1.222,0.0,0.0,0.0,0.0,1.95
374,1.2225,0.5,0.1,0.0,0.0015,1.95
375,1.2225,0.5,0.1,0.0,0.0015,1.95
376,1.222,0.0,0.0,0.0,0.0,1.95
377,1.2225,0.5,0.1,0.0,0.0015,1.95
378,1.222,0.0,0.0,0.0,0.0,1.95
379,1.2225,0.5,0.1,0.0,0.0015,1.95
380,1.2225,0.5,0.1,0.0,0.0015,1.95
381,1.222,0.0,0.0,0.0,0.0,1.95
382,1.2225,0.5,0.1,0.0,0.0015,1.95
383,1.2225,0.5,0.1,0.0,0.0015,1.95
384,1.2225,0.5,0.1,0.0,0.0015,1.95
385,1.222,0.0,0.0,0.0,0.0,1.95
386,1.2225,0.5,0.1,0.0,0.0015,1.95
387,1.222,0.0,0.0,0.0,0.0,1.95
388,1.222,0.0,0.0,0.0,0.0,1.95
389,1.2225,0.5,0.1,0.0,0.0015,1.95
390,1.222,0.0,0.0,0.0,0.0,1.95
391,1.2225,0.5,0.1,0.0,0.0015,1.95
392,1.222,0.0,0.0,0.0,0.0,1.95
393,1.222,0.0,0.0,0.0,0.0,1.95
394,1.2225,0.5,0.1,0.0,0.0015,1.95
395,1.222,0.0,0.0,0.0,0.0,1.95
396,1.2225,0.5,0.1,0.0,0.0015,1.95
397,1.222,0.0,0.0,0.0,0.0,1.95
398,1.2225,0.5,0.1,0.0,0.0015,1.95
399,1.222,0.0,0.0,0.0,0.0,1.95
400,1.2225,0.5,0.1,0.0,0.0015,1.95
401,1.222,0.0,0.0,0.0,0.0,1.95
402,1.222,0.0,0.0,0.0,0.0,1.95
403,1.2225,0.5,0.1,0.0,0.0015,1.95
404,1.222,0.0,0.0,0.0,0.0,1.95
405,1.222,0.0,0.0,0.0,0.0,1.95
406,1.2225,0.5,0.1,0.0,0.0015,1.95
407,1.2225,0.5,0.1,0.0,0.0015,1.95
408,1.2225,0.5,0.1,0.0,0.0015,1.95
409,1.222,0.0,0.0,0.0,0.0,1.95
410,1.2225,0.5,0.1,0.0,0.0015,1.95
411,1.222,0.0,0.0,0.0,0.0,1.95
412,1.2225,0.5,0.1,0.0,0.0015,1.95
413,1.222,0.0,0.0,0.0,0.0,1.95
414,1.222,0.0,0.0,0.0,0.0,1.95
415,1.222,0.0,0.0,0.0,0.0,1.95
416,1.2225,0.5,0.1,0.0,0.0015,1.95
417,1.2225,0.5,0.1,0.0,0.0015,1.95
418,1.2225,0.5,0.1,0.0,0.0015,1.95
419,1.222,0.0,0.0,0.0,0.0,1.95
420,1.2225,0.5,0.1,0.0,0.0015,1.95
421,1.222,0.0,0.0,0.0,0.0,1.95
422,1.2225,0.5,0.1,0.0,0.0015,1.95
423,1.222,0.0,0.0,0.0,0.0,1.95
424,1.2225,0.5,0.1,0.0,0.0015,1.95
425,1.2225,0.5,0.1,0.0,0.0015,1.95
426,1.2225,0.5,0.1,0.0,0.0015,1.95
427,1.222,0.0,0.0,0.0,0.0,1.95
428,1.222,0.0,0.0,0.0,0.0,1.95
429,1.2225,0.5,0.1,0.0,0.0015,1.95
430,1.2225,0.5,0.1,0.0,0.0015,1.95
431,1.2225,0.5,0.1,0.0,0.0015,1.95
432,1.2225,0.5,0.1,0.0,0.0015,1.95
433,1.222,0.0,0.0,0.0,0.0,1.95
434,1.2225,0.5,0.1,0.0,0.0015,1.95
435,1.222,0.0,0.0,0.0,0.0,1.95
436,1.2225,0.5,0.1,0.0,0.0015,1.95
437,1.222,0.0,0.0,0.0,0.0,1.95
438,1.2225,0.5,0.1,0.0,0.0015,1.95
439,1.222,0.0,0.0,0.0,0.0,1.95
440,1.2225,0.5,0.1,0.0,0.0015,1.95
441,1.2225,0.5,0.1,0.0,0.0015,1.95
442,1.2225,0.5,0.1,0.0,0.0015,1.95
443,1.2225,0.5,0.1,0.0,0.0015,1.95
444,1.2225,0.5,0.1,0.0,0.0015,1.95
445,1.222,0.0,0.0,0.0,0.0,1.95
446,1.2225,0.5,0.1,0.0,0.0015,1.95
447,1.222,0.0,0.0,0.0,0.0,1.95
448,1.2225,0.5,0.1,0.0,0.0015,1.95
449,1.222,0.0,0.0,0.0,0.0,1.95
450,1.222,0.0,0.0,0.0,0.0,1.95
451,1.2225,0.5,0.1,0.0,0.0015,1.95
452,1.2225,0.5,0.1,0.0,0.0015,1.95
453,1.222,0.0,0.0,0.0,0.0,1.95
454,1.222,0.0,0.0,0.0,0.0,1.95
455,1.2225,0.5,0.1,0.0,0.0015,1.95
456,1.222,0.0,0.0,0.0,0.0,1.95
457,1.2225,0.5,0.1,0.0,0.0015,1.95
458,1.2225,0.5,0.1,0.0,0.0015,1.95
459,1.222,0.0,0.0,0.0,0.0,1.95
460,1.2225,0.5,0.1,0.0,0.0015,1.95
461,1.2225,0.5,0.1,0.0,0.0015,1.95
462,1.2225,0.5,0.1,0.0,0.0015,1.95
463,1.2225,0.5,0.1,0.0,0.0015,1.95
464,1.2225,0.5,0.1,0.0,0.0015,1.95
465,1.222,0.0,0.0,0.0,0.0,1.95
466,1.222,0.0,0.0,0.0,0.0,1.95
467,1.222,0.0,0.0,0.0,0.0,1.95
468,1.2225,0.5,0.1,0.0,0.0015,1.95
469,1.2225,0.5,0.1,0.0,0.0015,1.95
470,1.222,0.0,0.0,0.0,0.0,1.95
471,1.2225,0.5,0.1,0.0,0.0015,1.95
472,1.222,0.0,0.0,0.0,0.0,1.95
473,1.222,0.0,0.0,0.0,0.0,1.95
474,1.2225,0.5,0.1,0.0,0.0015,1.95
475,1.2225,0.5,0.1,0.0,0.0015,1.95
476,1.222,0.0,0.0,0.0,0.0,1.95
477,1.2225,0.5,0.1,0.0,0.0015,1.95
478,1.2225,0.5,0.1,0.0,0.0015,1.95
479,1.2225,0.5,0.1,0.0,0.0015,1.95
480,1.2225,0.5,0.1,0.0,0.0015,1.95
481,1.222,0.0,0.0,0.0,0.0,1.95
482,1.222,0.0,0.0,0.0,0.0,1.95
483,1.2225,0.5,0.1,0.0,0.0015,1.95
484,1.222,0.0,0.0,0.0,0.0,1.95
485,1.222,0.0,0.0,0.0,0.0,1.95
486,1.222,0.0,0.0,0.0,0.0,1.95
487,1.2225,0.5,0.1,0.0,0.0015,1.95
488,1.2225,0.5,0.1,0.0,0.0015,1.95
489,1.222,0.0,0.0,0.0,0.0,1.95
490,1.222,0.0,0.0,0.0,0.0,1.95
491,1.2225,0.5,0.1,0.0,0.0015,1.95
492,1.2225,0.5,0.1,0.0,0.0015,1.95
493,1.222,0.0,0.0,0.0,0.0,1.95
494,1.2225,0.5,0.1,0.0,0.0015,1.95
495,1.222,0.0,0.0,0.0,0.0,1.95
496,1.222,0.0,0.0,0.0,0.0,1.95
497,1.222,0.0,0.0,0.0,0.0,1.95
498,1.2225,0.5,0.1,0.0,0.0015,1.95
499,1.222,0.0,0.0,0.0,0.0,1.95
500,1.222,0.0,0.0,0.0,0.0,1.95
501,1.2225,0.5,0.1,0.0,0.0015,1.95
502,1.222,0.0,0.0,0.0,0.0,1.95
503,1.222,0.0,0.0,0.0,0.0,1.95
504,1.2225,0.5,0.1,0.0,0.0015,1.95
505,1.2225,0.5,0.1,0.0,0.0015,1.95
506,1.222,0.0,0.0,0.0,0.0,1.95
507,1.222,0.0,0.0,0.0,0.0,1.95
508,1.2225,0.5,0.1,0.0,0.0015,1.95
509,1.2225,0.5,0.1,0.0,0.0015,1.95
510,1.222,0.0,0.0,0.0,0.0,1.95
511,1.222,0.0,0.0,0.0,0.0,1.95
512,1.222,0.0,0.0,0.0,0.0,1.95
513,1.2225,0.5,0.1,0.0,0.0015,1.95
514,1.2225,0.5,0.1,0.0,0.0015,1.95
515,1.2225,0.5,0.1,0.0,0.0015,1.95
516,1.222,0.0,0.0,0.0,0.0,1.95
517,1.2225,0.5,0.1,0.0,0.0015,1.95
518,1.222,0.0,0.0,0.0,0.0,1.95
519,1.2225,0.5,0.1,0.0,0.0015,1.95
520,1.2225,0.5,0.1,0.0,0.0015,1.95
521,1.222,0.0,0.0,0.0,0.0,1.95
522,1.2225,0.5,0.1,0.0,0.0015,1.95
523,1.2225,0.5,0.1,0.0,0.0015,1.95
524,1.2225,0.5,0.1,0.0,0.0015,1.95
525,1.2225,0.5,0.1,0.0,0.0015,1.95
526,1.2225,0.5,0.1,0.0,0.0015,1.95
527,1.222,0.0,0.0,0.0,0.0,1.95
528,1.2225,0.5,0.1,0.0,0.0015,1.95
529,1.2225,0.5,0.1,0.0,0.0015,1.95
530,1.222,0.0,0.0,0.0,0.0,1.95
531,1.2225,0.5,0.1,0.0,0.0015,1.95
532,1.222,0.0,0.0,0.0,0.0,1.95
533,1.222,0.0,0.0,0.0,0.0,1.95
534,1.2225,0.5,0.1,0.0,0.0015,1.95
535,1.222,0.0,0.0,0.0,0.0,1.95
536,1.222,0.0,0.0,0.0,0.0,1.95
537,1.2225,0.5,0.1,0.0,0.0015,1.95
538,1.2225,0.5,0.1,0.0,0.0015,1.95
539,1.222,0.0,0.0,0.0,0.0,1.95
540,1.2225,0.5,0.1,0.0,0.0015,1.95
541,1.222,0.0,0.0,0.0,0.0,1.95
542,1.2225,0.5,0.1,0.0,0.0015,1.95
543,1.2225,0.5,0.1,0.0,0.0015,1.95
544,1.222,0.0,0.0,0.0,0.0,1.95
545,1.2225,0.5,0.1,0.0,0.0015,1.95
546,1.222,0.0,0.0,0.0,0.0,1.95
547,1.2225,0.5,0.1,0.0,0.0015,1.95
548,1.222,0.0,0.0,0.0,0.0,1.95
549,1.222,0.0,0.0,0.0,0.0,1.95
550,1.2225,0.5,0.1,0.0,0.0015,1.95
551,1.222,0.0,0.0,0.0,0.0,1.95
552,1.222,0.0,0.0,0.0,0.0,1.95
553,1.2225,0.5,0.1,0.0,0.0015,1.95
554,1.2225,0.5,0.1,0.0,0.0015,1.95
555,1.2225,0.5,0.1,0.0,0.0015,1.95
556,1.2225,0.5,0.1,0.0,0.0015,1.95
557,1.2225,0.5,0.1,0.0,0.0015,1.95
558,1.222,0.0,0.0,0.0,0.0,1.95
559,1.2225,0.5,0.1,0.0,0.0015,1.95
560,1.222,0.0,0.0,0.0,0.0,1.95
561,1.2225,0.5,0.1,0.0,0.0015,1.95
562,1.2225,0.5,0.1,0.0,0.0015,1.95
563,1.2225,0.5,0.1,0.0,0.0015,1.95
564,1.222,0.0,0.0,0.0,0.0,1.95
565,1.222,0.0,0.0,0.0,0.0,1.95
566,1.2225,0.5,0.1,0.0,0.0015,1.95
567,1.2225,0.5,0.1,0.0,0.0015,1.95
568,1.222,0.0,0.0,0.0,0.0,1.95
569,1.222,0.0,0.0,0.0,0.0,1.95
570,1.222,0.0,0.0,0.0,0.0,1.95
571,1.222,0.0,0.0,0.0,0.0,1.95
572,1.2225,0.5,0.1,0.0,0.0015,1.95
573,1.222,0.0,0.0,0.0,0.0,1.95
574,1.222,0.0,0.0,0.0,0.0,1.95
575,1.222,0.0,0.0,0.0,0.0,1.95
576,1.222,0.0,0.0,0.0,0.0,1.95
577,1.222,0.0,0.0,0.0,0.0,1.95
578,1.222,0.0,0.0,0.0,0.0,1.95
579,1.222,0.0,0.0,0.0,0.0,1.95
580,1.2225,0.5,0.1,0.0,0.0015,1.95
581,1.2225,0.5,0.1,0.0,0.0015,1.95
582,1.2225,0.5,0.1,0.0,0.0015,1.95
583,1.2225,0.5,0.1,0.0,0.0015,1.95
584,1.222,0.0,0.0,0.0,0.0,1.95
585,1.2225,0.5,0.1,0.0,0.0015,1.95
586,1.222,0.0,0.0,0.0,0.0,1.95
587,1.2225,0.5,0.1,0.0,0.0015,1.95
588,1.2225,0.5,0.1,0.0,0.0015,1.95
589,1.222,0.0,0.0,0.0,0.0,1.95
590,1.222,0.0,0.0,0.0,0.0,1.95
591,1.222,0.0,0.0,0.0,0.0,1.95
592,1.2225,0.5,0.1,0.0,0.0015,1.95
593,1.222,0.0,0.0,0.0,0.0,1.95
594,1.222,0.0,0.0,0.0,0.0,1.95
595,1.222,0.0,0.0,0.0,0.0,1.95
596,1.222,0.0,0.0,0.0,0.0,1.95
597,1.222,0.0,0.0,0.0,0.0,1.95
598,1.2225,0.5,0.1,0.0,0.0015,1.95
599,1.2225,0.5,0.1,0.0,0.0015,1.95
600,1.222,0.0,0.0,0.0,0.0,1.95
601,1.2225,0.5,0.1,0.0,0.0015,1.95
602,1.2225,0.5,0.1,0.0,0.0015,1.95
603,1.2225,0.5,0.1,0.0,0.0015,1.95
604,1.2225,0.5,0.1,0.0,0.0015,1.95
605,1.222,0.0,0.0,0.0,0.0,1.95
606,1.2225,0.5,0.1,0.0,0.0015,1.95
607,1.222,0.0,0.0,0.0,0.0,1.95
608,1.2225,0.5,0.1,0.0,0.0015,1.95
609,1.222,0.0,0.0,0.0,0.0,1.95
610,1.2225,0.5,0.1,0.0,0.0015,1.95
611,1.222,0.0,0.0,0.0,0.0,1.95
612,1.2225,0.5,0.1,0.0,0.0015,1.95
613,1.2225,0.5,0.1,0.0,0.0015,1.95
614,1.2225,0.5,0.1,0.0,0.0015,1.95
615,1.2225,0.5,0.1,0.0,0.0015,1.95
616,1.2225,0.5,0.1,0.0,0.0015,1.95
617,1.2225,0.5,0.1,0.0,0.0015,1.95
618,1.222,0.0,0.0,0.0,0.0,1.95
619,1.2225,0.5,0.1,0.0,0.0015,1.95
620,1.222,0.0,0.0,0.0,0.0,1.95
621,1.222,0.0,0.0,0.0,0.0,1.95
622,1.2225,0.5,0.1,0.0,0.0015,1.95
623,1.222,0.0,0.0,0.0,0.0,1.95
624,1.222,0.0,0.0,0.0,0.0,1.95
625,1.2225,0.5,0.1,0.0,0.0015,1.95
626,1.222,0.0,0.0,0.0,0.0,1.95
627,1.222,0.0,0.0,0.0,0.0,1.95
628,1.2225,0.5,0.1,0.0,0.0015,1.95
629,1.222,0.0,0.0,0.0,0.0,1.95
630,1.222,0.0,0.0,0.0,0.0,1.95
631,1.222,0.0,0.0,0.0,0.0,1.95
632,1.2225,0.5,0.1,0.0,0.0015,1.95
633,1.222,0.0,0.0,0.0,0.0,1.95
634,1.2225,0.5,0.1,0.0,0.0015,1.95
635,1.2225,0.5,0.1,0.0,0.0015,1.95
636,1.222,0.0,0.0,0.0,0.0,1.95
637,1.2225,0.5,0.1,0.0,0.0015,1.95
638,1.2225,0.5,0.1,0.0,0.0015,1.95
639,1.222,0.0,0.0,0.0,0.0,1.95
640,1.222,0.0,0.0,0.0,0.0,1.95
641,1.222,0.0,0.0,0.0,0.0,1.95
642,1.222,0.0,0.0,0.0,0.0,1.95
643,1.222,0.0,0.0,0.0,0.0,1.95
644,1.2225,0.5,0.1,0.0,0.0015,1.95
645,1.222,0.0,0.0,0.0,0.0,1.95
646,1.2225,0.5,0.1,0.0,0.0015,1.95
647,1.222,0.0,0.0,0.0,0.0,1.95
648,1.2225,0.5,0.1,0.0,0.0015,1.95
649,1.2225,0.5,0.1,0.0,0.0015,1.95
650,1.222,0.0,0.0,0.0,0.0,1.95
651,1.2225,0.5,0.1,0.0,0.0015,1.95
652,1.222,0.0,0.0,0.0,0.0,1.95
653,1.2225,0.5,0.1,0.0,0.0015,1.95
654,1.222,0.0,0.0,0.0,0.0,1.95
655,1.222,0.0,0.0,0.0,0.0,1.95
656,1.222,0.0,0.0,0.0,0.0,1.95
657,1.222,0.0,0.0,0.0,0.0,1.95
658,1.222,0.0,0.0,0.0,0.0,1.95
659,1.222,0.0,0.0,0.0,0.0,1.95
660,1.2225,0.5,0.1,0.0,0.0015,1.95
661,1.2225,0.5,0.1,0.0,0.0015,1.95
662,1.222,0.0,0.0,0.0,0.0,1.95
663,1.2225,0.5,0.1,0.0,0.0015,1.95
664,1.222,0.0,0.0,0.0,0.0,1.95
665,1.2225,0.5,0.1,0.0,0.0015,1.95
666,1.222,0.0,0.0,0.0,0.0,1.95
667,1.2225,0.5,0.1,0.0,0.0015,1.95
668,1.2225,0.5,0.1,0.0,0.0015,1.95
669,1.222,0.0,0.0,0.0,0.0,1.95
670,1.2225,0.5,0.1,0.0,0.0015,1.95
671,1.222,0.0,0.0,0.0,0.0,1.95
672,1.2225,0.5,0.1,0.0,0.0015,1.95
673,1.222,0.0,0.0,0.0,0.0,1.95
674,1.2225,0.5,0.1,0.0,0.0015,1.95
675,1.2225,0.5,0.1,0.0,0.0015,1.95
676,1.2225,0.5,0.1,0.0,0.0015,1.95
677,1.222,0.0,0.0,0.0,0.0,1.95
678,1.222,0.0,0.0,0.0,0.0,1.95
679,1.2225,0.5,0.1,0.0,0.0015,1.95
680,1.222,0.0,0.0,0.0,0.0,1.95
681,1.2225,0.5,0.1,0.0,0.0015,1.95
682,1.222,0.0,0.0,0.0,0.0,1.95
683,1.2225,0.5,0.1,0.0,0.0015,1.95
684,1.222,0.0,0.0,0.0,0.0,1.95
685,1.2225,0.5,0.1,0.0,0.0015,1.95
686,1.222,0.0,0.0,0.0,0.0,1.95
687,1.222,0.0,0.0,0.0,0.0,1.95
688,1.222,0.0,0.0,0.0,0.0,1.95
689,1.2225,0.5,0.1,0.0,0.0015,1.95
690,1.2225,0.5,0.1,0.0,0.0015,1.95
691,1.222,0.0,0.0,0.0,0.0,1.95
692,1.2225,0.5,0.1,0.0,0.0015,1.95
693,1.222,0.0,0.0,0.0,0.0,1.95
694,1.222,0.0,0.0,0.0,0.0,1.95
695,1.2225,0.5,0.1,0.0,0.0015,1.95
696,1.222,0.0,0.0,0.0,0.0,1.95
697,1.222,0.0,0.0,0.0,0.0,1.95
698,1.2225,0.5,0.1,0.0,0.0015,1.95
699,1.222,0.0,0.0,0.0,0.0,1.95
700,1.2225,0.5,0.1,0.0,0.0015,1.95
701,1.2225,0.5,0.1,0.0,0.0015,1.95
702,1.222,0.0,0.0,0.0,0.0,1.95
703,1.2225,0.5,0.1,0.0,0.0015,1.95
704,1.222,0.0,0.0,0.0,0.0,1.95
705,1.2225,0.5,0.1,0.0,0.0015,1.95
706,1.222,0.0,0.0,0.0,0.0,1.95
707,1.222,0.0,0.0,0.0,0.0,1.95
708,1.2225,0.5,0.1,0.0,0.0015,1.95
709,1.2225,0.5,0.1,0.0,0.0015,1.95
710,1.2225,0.5,0.1,0.0,0.0015,1.95
711,1.222,0.0,0.0,0.0,0.0,1.95
712,1.222,0.0,0.0,0.0,0.0,1.95
713,1.2225,0.5,0.1,0.0,0.0015,1.95
714,1.2225,0.5,0.1,0.0,0.0015,1.95
715,1.2225,0.5,0.1,0.0,0.0015,1.95
716,1.222,0.0,0.0,0.0,0.0,1.95
717,1.222,0.0,0.0,0.0,0.0,1.95
718,1.222,0.0,0.0,0.0,0.0,1.95
719,1.2225,0.5,0.1,0.0,0.0015,1.95
720,1.2225,0.5,0.1,0.0,0.0015,1.95
721,1.222,0.0,0.0,0.0,0.0,1.95
722,1.222,0.0,0.0,0.0,0.0,1.95
723,1.2225,0.5,0.1,0.0,0.0015,1.95
724,1.2225,0.5,0.1,0.0,0.0015,1.95
725,1.2225,0.5,0.1,0.0,0.0015,1.95
726,1.2225,0.5,0.1,0.0,0.0015,1.95
727,1.2225,0.5,0.1,0.0,0.0015,1.95
728,1.222,0.0,0.0,0.0,0.0,1.95
729,1.2225,0.5,0.1,0.0,0.0015,1.95
730,1.2225,0.5,0.1,0.0,0.0015,1.95
731,1.2225,0.5,0.1,0.0,0.0015,1.95
732,1.2225,0.5,0.1,0.0,0.0015,1.95
733,1.2225,0.5,0.1,0.0,0.0015,1.95
734,1.2225,0.5,0.1,0.0,0.0015,1.95
735,1.222,0.0,0.0,0.0,0.0,1.95
736,1.222,0.0,0.0,0.0,0.0,1.95
737,1.222,0.0,0.0,0.0,0.0,1.95
738,1.2225,0.5,0.1,0.0,0.0015,1.95
739,1.222,0.0,0.0,0.0,0.0,1.95
740,1.222,0.0,0.0,0.0,0.0,1.95
741,1.222,0.0,0.0,0.0,0.0,1.95
742,1.2225,0.5,0.1,0.0,0.0015,1.95
743,1.222,0.0,0.0,0.0,0.0,1.95
744,1.222,0.0,0.0,0.0,0.0,1.95
745,1.222,0.0,0.0,0.0,0.0,1.95
746,1.2225,0.5,0.1,0.0,0.0015,1.95
747,1.222,0.0,0.0,0.0,0.0,1.95
748,1.2225,0.5,0.1,0.0,0.0015,1.95
749,1.2225,0.5,0.1,0.0,0.0015,1.95
750,1.222,0.0,0.0,0.0,0.0,1.95
751,1.2225,0.5,0.1,0.0,0.0015,1.95
752,1.2225,0.5,0.1,0.0,0.0015,1.95
753,1.222,0.0,0.0,0.0,0.0,1.95
754,1.222,0.0,0.0,0.0,0.0,1.95
755,1.222,0.0,0.0,0.0,0.0,1.95
756,1.222,0.0,0.0,0.0,0.0,1.95
757,1.222,0.0,0.0,0.0,0.0,1.95
758,1.2225,0.5,0.1,0.0,0.0015,1.95
759,1.222,0.0,0.0,0.0,0.0,1.95
760,1.2225,0.5,0.1,0.0,0.0015,1.95
761,1.222,0.0,0.0,0.0,0.0,1.95
762,1.2225,0.5,0.1,0.0,0.0015,1.95
763,1.2225,0.5,0.1,0.0,0.0015,1.95
764,1.222,0.0,0.0,0.0,0.0,1.95
765,1.2225,0.5,0.1,0.0,0.0015,1.95
766,1.222,0.0,0.0,0.0,0.0,1.95
767,1.2225,0.5,0.1,0.0,0.0015,1.95
768,1.222,0.0,0.0,0.0,0.0,1.95
769,1.2225,0.5,0.1,0.0,0.0015,1.95
770,1.222,0.0,0.0,0.0,0.0,1.95
771,1.222,0.0,0.0,0.0,0.0,1.95
772,1.222,0.0,0.0,0.0,0.0,1.95
773,1.222,0.0,0.0,0.0,0.0,1.95
774,1.222,0.0,0.0,0.0,0.0,1.95
775,1.2225,0.5,0.1,0.0,0.0015,1.95
776,1.2225,0.5,0.1,0.0,0.0015,1.95
777,1.222,0.0,0.0,0.0,0.0,1.95
778,1.2225,0.5,0.1,0.0,0.0015,1.95
779,1.222,0.0,0.0,0.0,0.0,1.95
780,1.2225,0.5,0.1,0.0,0.0015,1.95
781,1.2225,0.5,0.1,0.0,0.0015,1.95
782,1.222,0.0,0.0,0.0,0.0,1.95
783,1.222,0.0,0.0,0.0,0.0,1.95
784,1.2225,0.5,0.1,0.0,0.0015,1.95
785,1.2225,0.5,0.1,0.0,0.0015,1.95
786,1.222,0.0,0.0,0.0,0.0,1.95
787,1.222,0.0,0.0,0.0,0.0,1.95
788,1.2225,0.5,0.1,0.0,0.0015,1.95
789,1.222,0.0,0.0,0.0,0.0,1.95
790,1.2225,0.5,0.1,0.0,0.0015,1.95
791,1.222,0.0,0.0,0.0,0.0,1.95
792,1.222,0.0,0.0,0.0,0.0,1.95
793,1.222,0.0,0.0,0.0,0.0,1.95
794,1.222,0.0,0.0,0.0,0.0,1.95
795,1.222,0.0,0.0,0.0,0.0,1.95
796,1.2225,0.5,0.1,0.0,0.0015,1.95
797,1.222,0.0,0.0,0.0,0.0,1.95
798,1.2225,0.5,0.1,0.0,0.0015,1.95
799,1.222,0.0,0.0,0.0,0.0,1.95
800,1.2225,0.5,0.1,0.0,0.0015,1.95
801,1.222,0.0,0.0,0.0,0.0,1.95
802,1.222,0.0,0.0,0.0,0.0,1.95
803,1.222,0.0,0.0,0.0,0.0,1.95
804,1.2225,0.5,0.1,0.0,0.0015,1.95
805,1.222,0.0,0.0,0.0,0.0,1.95
806,1.2225,0.5,0.1,0.0,0.0015,1.95
807,1.2225,0.5,0.1,0.0,0.0015,1.95
808,1.222,0.0,0.0,0.0,0.0,1.95
809,1.222,0.0,0.0,0.0,0.0,1.95
810,1.222,0.0,0.0,0.0,0.0,1.95
811,1.222,0.0,0.0,0.0,0.0,1.95
812,1.2225,0.5,0.1,0.0,0.0015,1.95
813,1.2225,0.5,0.1,0.0,0.0015,1.95
814,1.2225,0.5,0.1,0.0,0.0015,1.95
815,1.222,0.0,0.0,0.0,0.0,1.95
816,1.2225,0.5,0.1,0.0,0.0015,1.95
817,1.222,0.0,0.0,0.0,0.0,1.95
818,1.2225,0.5,0.1,0.0,0.0015,1.95
819,1.2225,0.5,0.1,0.0,0.0015,1.95
820,1.222,0.0,0.0,0.0,0.0,1.95
821,1.2225,0.5,0.1,0.0,0.0015,1.95
822,1.2225,0.5,0.1,0.0,0.0015,1.95
823,1.2225,0.5,0.1,0.0,0.0015,1.95
824,1.2225,0.5,0.1,0.0,0.0015,1.95
825,1.2225,0.5,0.1,0.0,0.0015,1.95
826,1.222,0.0,0.0,0.0,0.0,1.95
827,1.222,0.0,0.0,0.0,0.0,1.95
828,1.2225,0.5,0.1,0.0,0.0015,1.95
829,1.2225,0.5,0.1,0.0,0.0015,1.95
830,1.222,0.0,0.0,0.0,0.0,1.95
831,1.222,0.0,0.0,0.0,0.0,1.95
832,1.222,0.0,0.0,0.0,0.0,1.95
833,1.222,0.0,0.0,0.0,0.0,1.95
834,1.222,0.0,0.0,0.0,0.0,1.95
835,1.222,0.0,0.0,0.0,0.0,1.95
836,1.2225,0.5,0.1,0.0,0.0015,1.95
837,1.222,0.0,0.0,0.0,0.0,1.95
838,1.2225,0.5,0.1,0.0,0.0015,1.95
839,1.222,0.0,0.0,0.0,0.0,1.95
840,1.222,0.0,0.0,0.0,0.0,1.95
841,1.222,0.0,0.0,0.0,0.0,1.95
842,1.2225,0.5,0.1,0.0,0.0015,1.95
843,1.2225,0.5,0.1,0.0,0.0015,1.95
844,1.2225,0.5,0.1,0.0,0.0015,1.95
845,1.2225,0.5,0.1,0.0,0.0015,1.95
846,1.2225,0.5,0.1,0.0,0.0015,1.95
847,1.2225,0.5,0.1,0.0,0.0015,1.95
848,1.222,0.0,0.0,0.0,0.0,1.95
849,1.222,0.0,0.0,0.0,0.0,1.95
850,1.222,0.0,0.0,0.0,0.0,1.95
851,1.222,0.0,0.0,0.0,0.0,1.95
852,1.2225,0.5,0.1,0.0,0.0015,1.95
853,1.2225,0.5,0.1,0.0,0.0015,1.95
854,1.2225,0.5,0.1,0.0,0.0015,1.95
855,1.2225,0.5,0.1,0.0,0.0015,1.95
856,1.2225,0.5,0.1,0.0,0.0015,1.95
857,1.222,0.0,0.0,0.0,0.0,1.95
858,1.2225,0.5,0.1,0.0,0.0015,1.95
859,1.222,0.0,0.0,0.0,0.0,1.95
860,1.2225,0.5,0.1,0.0,0.0015,1.95
861,1.2225,0.5,0.1,0.0,0.0015,1.95
862,1.222,0.0,0.0,0.0,0.0,1.95
863,1.222,0.0,0.0,0.0,0.0,1.95
864,1.222,0.0,0.0,0.0,0.0,1.95
865,1.2225,0.5,0.1,0.0,0.0015,1.95
866,1.2225,0.5,0.1,0.0,0.0015,1.95
867,1.2225,0.5,0.1,0.0,0.0015,1.95
868,1.2225,0.5,0.1,0.0,0.0015,1.95
869,1.2225,0.5,0.1,0.0,0.0015,1.95
870,1.2225,0.5,0.1,0.0,0.0015,1.95
871,1.2225,0.5,0.1,0.0,0.0015,1.95
872,1.222,0.0,0.0,0.0,0.0,1.95
873,1.2225,0.5,0.1,0.0,0.0015,1.95
874,1.222,0.0,0.0,0.0,0.0,1.95
875,1.2225,0.5,0.1,0.0,0.0015,1.95
876,1.2225,0.5,0.1,0.0,0.0015,1.95
877,1.2225,0.5,0.1,0.0,0.0015,1.95
878,1.222,0.0,0.0,0.0,0.0,1.95
879,1.2225,0.5,0.1,0.0,0.0015,1.95
880,1.222,0.0,0.0,0.0,0.0,1.95
881,1.2225,0.5,0.1,0.0,0.0015,1.95
882,1.222,0.0,0.0,0.0,0.0,1.95
883,1.222,0.0,0.0,0.0,0.0,1.95
884,1.222,0.0,0.0,0.0,0.0,1.95
885,1.2225,0.5,0.1,0.0,0.0015,1.95
886,1.222,0.0,0.0,0.0,0.0,1.95
887,1.222,0.0,0.0,0.0,0.0,1.95
888,1.2225,0.5,0.1,0.0,0.0015,1.95
889,1.222,0.0,0.0,0.0,0.0,1.95
890,1.2225,0.5,0.1,0.0,0.0015,1.95
891,1.222,0.0,0.0,0.0,0.0,1.95
892,1.2225,0.5,0.1,0.0,0.0015,1.95
893,1.2225,0.5,0.1,0.0,0.0015,1.95
894,1.2225,0.5,0.1,0.0,0.0015,1.95
895,1.2225,0.5,0.1,0.0,0.0015,1.95
896,1.2225,0.5,0.1,0.0,0.0015,1.95
897,1.222,0.0,0.0,0.0,0.0,1.95
898,1.222,0.0,0.0,0.0,0.0,1.95
899,1.222,0.0,0.0,0.0,0.0,1.95
900,1.222,0.0,0.0,0.0,0.0,1.95
901,1.222,0.0,0.0,0.0,0.0,1.95
902,1.2225,0.5,0.1,0.0,0.0015,1.95
903,1.222,0.0,0.0,0.0,0.0,1.95
904,1.2225,0.5,0.1,0.0,0.0015,1.95
905,1.222,0.0,0.0,0.0,0.0,1.95
906,1.2225,0.5,0.1,0.0,0.0015,1.95
907,1.222,0.0,0.0,0.0,0.0,1.95
908,1.2225,0.5,0.1,0.0,0.0015,1.95
909,1.222,0.0,0.0,0.0,0.0,1.95
910,1.2225,0.5,0.1,0.0,0.0015,1.95
911,1.2225,0.5,0.1,0.0,0.0015,1.95
912,1.2225,0.5,0.1,0.0,0.0015,1.95
913,1.222,0.0,0.0,0.0,0.0,1.95
914,1.2225,0.5,0.1,0.0,0.0015,1.95
915,1.2225,0.5,0.1,0.0,0.0015,1.95
916,1.2225,0.5,0.1,0.0,0.0015,1.95
917,1.222,0.0,0.0,0.0,0.0,1.95
918,1.2225,0.5,0.1,0.0,0.0015,1.95
919,1.222,0.0,0.0,0.0,0.0,1.95
920,1.222,0.0,0.0,0.0,0.0,1.95
921,1.222,0.0,0.0,0.0,0.0,1.95
922,1.2225,0.5,0.1,0.0,0.0015,1.95
923,1.222,0.0,0.0,0.0,0.0,1.95
924,1.222,0.0,0.0,0.0,0.0,1.95
925,1.2225,0.5,0.1,0.0,0.0015,1.95
926,1.2225,0.5,0.1,0.0,0.0015,1.95
927,1.222,0.0,0.0,0.0,0.0,1.95
928,1.222,0.0,0.0,0.0,0.0,1.95
929,1.222,0.0,0.0,0.0,0.0,1.95
930,1.2225,0.5,0.1,0.0,0.0015,1.95
931,1.222,0.0,0.0,0.0,0.0,1.95
932,1.222,0.0,0.0,0.0,0.0,1.95
933,1.222,0.0,0.0,0.0,0.0,1.95
934,1.2225,0.5,0.1,0.0,0.0015,1.95
935,1.2225,0.5,0.1,0.0,0.0015,1.95
936,1.2225,0.5,0.1,0.0,0.0015,1.95
937,1.2225,0.5,0.1,0.0,0.0015,1.95
938,1.2225,0.5,0.1,0.0,0.0015,1.95
939,1.2225,0.5,0.1,0.0,0.0015,1.95
940,1.222,0.0,0.0,0.0,0.0,1.95
941,1.222,0.0,0.0,0.0,0.0,1.95
942,1.222,0.0,0.0,0.0,0.0,1.95
943,1.2225,0.5,0.1,0.0,0.0015,1.95
944,1.222,0.0,0.0,0.0,0.0,1.95
945,1.222,0.0,0.0,0.0,0.0,1.95
946,1.2225,0.5,0.1,0.0,0.0015,1.95
947,1.222,0.0,0.0,0.0,0.0,1.95
948,1.222,0.0,0.0,0.0,0.0,1.95
949,1.2225,0.5,0.1,0.0,0.0015,1.95
950,1.222,0.0,0.0,0.0,0.0,1.95
951,1.222,0.0,0.0,0.0,0.0,1.95
952,1.222,0.0,0.0,0.0,0.0,1.95
953,1.222,0.0,0.0,0.0,0.0,1.95
954,1.2225,0.5,0.1,0.0,0.0015,1.95
955,1.2225,0.5,0.1,0.0,0.0015,1.95
956,1.2225,0.5,0.1,0.0,0.0015,1.95
957,1.2225,0.5,0.1,0.0,0.0015,1.95
958,1.2225,0.5,0.1,0.0,0.0015,1.95
959,1.222,0.0,0.0,0.0,0.0,1.95
960,1.222,0.0,0.0,0.0,0.0,1.95
961,1.2225,0.5,0.1,0.0,0.0015,1.95
962,1.222,0.0,0.0,0.0,0.0,1.95
963,1.2225,0.5,0.1,0.0,0.0015,1.95
964,1.222,0.0,0.0,0.0,0.0,1.95
965,1.2225,0.5,0.1,0.0,0.0015,1.95
966,1.2225,0.5,0.1,0.0,0.0015,1.95
967,1.2225,0.5,0.1,0.0,0.0015,1.95
968,1.222,0.0,0.0,0.0,0.0,1.95
969,1.222,0.0,0.0,0.0,0.0,1.95
970,1.2225,0.5,0.1,0.0,0.0015,1.95
971,1.2225,0.5,0.1,0.0,0.0015,1.95
972,1.2225,0.5,0.1,0.0,0.0015,1.95
973,1.222,0.0,0.0,0.0,0.0,1.95
974,1.222,0.0,0.0,0.0,0.0,1.95
975,1.222,0.0,0.0,0.0,0.0,1.95
976,1.2225,0.5,0.1,0.0,0.0015,1.95
977,1.222,0.0,0.0,0.0,0.0,1.95
978,1.222,0.0,0.0,0.0,0.0,1.95
979,1.2225,0.5,0.1,0.0,0.0015,1.95
980,1.2225,0.5,0.1,0.0,0.0015,1.95
981,1.222,0.0,0.0,0.0,0.0,1.95
982,1.222,0.0,0.0,0.0,0.0,1.95
983,1.222,0.0,0.0,0.0,0.0,1.95
984,1.222,0.0,0.0,0.0,0.0,1.95
985,1.2225,0.5,0.1,0.0,0.0015,1.95
986,1.222,0.0,0.0,0.0,0.0,1.95
987,1.222,0.0,0.0,0.0,0.0,1.95
988,1.2225,0.5,0.1,0.0,0.0015,1.95
989,1.2225,0.5,0.1,0.0,0.0015,1.95
990,1.2225,0.5,0.1,0.0,0.0015,1.95
991,1.222,0.0,0.0,0.0,0.0,1.95
992,1.2225,0.5,0.1,0.0,0.0015,1.95
993,1.2225,0.5,0.1,0.0,0.0015,1.95
994,1.2225,0.5,0.1,0.0,0.0015,1.95
995,1.2225,0.5,0.1,0.0,0.0015,1.95
996,1.222,0.0,0.0,0.0,0.0,1.95
997,1.222,0.0,0.0,0.0,0.0,1.95
998,1.222,0.0,0.0,0.0,0.0,1.95
999,1.222,0.0,0.0,0.0,0.0,1.95
1000,1.2225,0.5,0.1,0.0,0.0015,1.95
1001,1.222,0.0,0.0,0.0,0.0,1.95
1002,1.222,0.0,0.0,0.0,0.0,1.95
1003,1.222,0.0,0.0,0.0,0.0,1.95
1004,1.222,0.0,0.0,0.0,0.0,1.95
1005,1.222,0.0,0.0,0.0,0.0,1.95
1006,1.222,0.0,0.0,0.0,0.0,1.95
1007,1.222,0.0,0.0,0.0,0.0,1.95
1008,1.222,0.0,0.0,0.0,0.0,1.95
1009,1.2225,0.5,0.1,0.0,0.0015,1.95
1010,1.222,0.0,0.0,0.0,0.0,1.95
1011,1.2225,0.5,0.1,0.0,0.0015,1.95
1012,1.222,0.0,0.0,0.0,0.0,1.95
1013,1.222,0.0,0.0,0.0,0.0,1.95
1014,1.222,0.0,0.0,0.0,0.0,1.95
1015,1.222,0.0,0.0,0.0,0.0,1.95
1016,1.2225,0.5,0.1,0.0,0.0015,1.95
1017,1.2225,0.5,0.1,0.0,0.0015,1.95
1018,1.222,0.0,0.0,0.0,0.0,1.95
1019,1.222,0.0,0.0,0.0,0.0,1.95
1020,1.222,0.0,0.0,0.0,0.0,1.95
1021,1.222,0.0,0.0,0.0,0.0,1.95
1022,1.2225,0.5,0.1,0.0,0.0015,1.95
1023,1.2225,0.5,0.1,0.0,0.0015,1.95
1024,1.222,0.0,0.0,0.0,0.0,1.95
1025,1.222,0.0,0.0,0.0,0.0,1.95
1026,1.2225,0.5,0.1,0.0,0.0015,1.95
1027,1.2225,0.5,0.1,0.0,0.0015,1.95
1028,1.222,0.0,0.0,0.0,0.0,1.95
1029,1.2225,0.5,0.1,0.0,0.0015,1.95
1030,1.222,0.0,0.0,0.0,0.0,1.95
1031,1.222,0.0,0.0,0.0,0.0,1.95
1032,1.2225,0.5,0.1,0.0,0.0015,1.95
1033,1.222,0.0,0.0,0.0,0.0,1.95
1034,1.222,0.0,0.0,0.0,0.0,1.95
1035,1.222,0.0,0.0,0.0,0.0,1.95
1036,1.2225,0.5,0.1,0.0,0.0015,1.95
1037,1.2225,0.5,0.1,0.0,0.0015,1.95
1038,1.2225,0.5,0.1,0.0,0.0015,1.95
1039,1.2225,0.5,0.1,0.0,0.0015,1.95
1040,1.222,0.0,0.0,0.0,0.0,1.95
1041,1.2225,0.5,0.1,0.0,0.0015,1.95
1042,1.2225,0.5,0.1,0.0,0.0015,1.95
1043,1.2225,0.5,0.1,0.0,0.0015,1.95
1044,1.222,0.0,0.0,0.0,0.0,1.95
1045,1.222,0.0,0.0,0.0,0.0,1.95
1046,1.222,0.0,0.0,0.0,0.0,1.95
1047,1.222,0.0,0.0,0.0,0.0,1.95
1048,1.222,0.0,0.0,0.0,0.0,1.95
1049,1.222,0.0,0.0,0.0,0.0,1.95
1050,1.2225,0.5,0.1,0.0,0.0015,1.95
1051,1.2225,0.5,0.1,0.0,0.0015,1.95
1052,1.222,0.0,0.0,0.0,0.0,1.95
1053,1.222,0.0,0.0,0.0,0.0,1.95
1054,1.222,0.0,0.0,0.0,0.0,1.95
1055,1.2225,0.5,0.1,0.0,0.0015,1.95
1056,1.222,0.0,0.0,0.0,0.0,1.95
1057,1.222,0.0,0.0,0.0,0.0,1.95
1058,1.222,0.0,0.0,0.0,0.0,1.95
1059,1.222,0.0,0.0,0.0,0.0,1.95
1060,1.222,0.0,0.0,0.0,0.0,1.95
1061,1.2225,0.5,0.1,0.0,0.0015,1.95
1062,1.222,0.0,0.0,0.0,0.0,1.95
1063,1.2225,0.5,0.1,0.0,0.0015,1.95
1064,1.2225,0.5,0.1,0.0,0.0015,1.95
1065,1.222,0.0,0.0,0.0,0.0,1.95
1066,1.222,0.0,0.0,0.0,0.0,1.95
1067,1.2225,0.5,0.1,0.0,0.0015,1.95
1068,1.222,0.0,0.0,0.0,0.0,1.95
1069,1.2225,0.5,0.1,0.0,0.0015,1.95
1070,1.2225,0.5,0.1,0.0,0.0015,1.95
1071,1.222,0.0,0.0,0.0,0.0,1.95
1072,1.2225,0.5,0.1,0.0,0.0015,1.95
1073,1.222,0.0,0.0,0.0,0.0,1.95
1074,1.2225,0.5,0.1,0.0,0.0015,1.95
1075,1.2225,0.5,0.1,0.0,0.0015,1.95
1076,1.2225,0.5,0.1,0.0,0.0015,1.95
1077,1.222,0.0,0.0,0.0,0.0,1.95
1078,1.222,0.0,0.0,0.0,0.0,1.95
1079,1.2225,0.5,0.1,0.0,0.0015,1.95
1080,1.222,0.0,0.0,0.0,0.0,1.95
1081,1.2225,0.5,0.1,0.0,0.0015,1.95
1082,1.2225,0.5,0.1,0.0,0.0015,1.95
1083,1.222,0.0,0.0,0.0,0.0,1.95
1084,1.2225,0.5,0.1,0.0,0.0015,1.95
1085,1.2225,0.5,0.1,0.0,0.0015,1.95
1086,1.222,0.0,0.0,0.0,0.0,1.95
1087,1.2225,0.5,0.1,0.0,0.0015,1.95
1088,1.222,0.0,0.0,0.0,0.0,1.95
1089,1.2225,0.5,0.1,0.0,0.0015,1.95
1090,1.2225,0.5,0.1,0.0,0.0015,1.95
1091,1.2225,0.5,0.1,0.0,0.0015,1.95
1092,1.222,0.0,0.0,0.0,0.0,1.95
1093,1.2225,0.5,0.1,0.0,0.0015,1.95
1094,1.222,0.0,0.0,0.0,0.0,1.95
1095,1.2225,0.5,0.1,0.0,0.0015,1.95
1096,1.222,0.0,0.0,0.0,0.0,1.95
1097,1.2225,0.5,0.1,0.0,0.0015,1.95
1098,1.2225,0.5,0.1,0.0,0.0015,1.95
1099,1.2225,0.5,0.1,0.0,0.0015,1.95
1100,1.2225,0.5,0.1,0.0,0.0015,1.95
1101,1.2225,0.5,0.1,0.0,0.0015,1.95
1102,1.222,0.0,0.0,0.0,0.0,1.95
1103,1.222,0.0,0.0,0.0,0.0,1.95
1104,1.2225,0.5,0.1,0.0,0.0015,1.95
1105,1.2225,0.5,0.1,0.0,0.0015,1.95
1106,1.222,0.0,0.0,0.0,0.0,1.95
1107,1.2225,0.5,0.1,0.0,0.0015,1.95
1108,1.222,0.0,0.0,0.0,0.0,1.95
1109,1.222,0.0,0.0,0.0,0.0,1.95
1110,1.2225,0.5,0.1,0.0,0.0015,1.95
1111,1.2225,0.5,0.1,0.0,0.0015,1.95
1112,1.2225,0.5,0.1,0.0,0.0015,1.95
1113,1.222,0.0,0.0,0.0,0.0,1.95
1114,1.2225,0.5,0.1,0.0,0.0015,1.95
1115,1.222,0.0,0.0,0.0,0.0,1.95
1116,1.2225,0.5,0.1,0.0,0.0015,1.95
1117,1.2225,0.5,0.1,0.0,0.0015,1.95
1118,1.222,0.0,0.0,0.0,0.0,1.95
1119,1.2225,0.5,0.1,0.0,0.0015,1.95
1120,1.222,0.0,0.0,0.0,0.0,1.95
1121,1.222,0.0,0.0,0.0,0.0,1.95
1122,1.222,0.0,0.0,0.0,0.0,1.95
1123,1.2225,0.5,0.1,0.0,0.0015,1.95
1124,1.222,0.0,0.0,0.0,0.0,1.95
1125,1.2225,0.5,0.1,0.0,0.0015,1.95
1126,1.222,0.0,0.0,0.0,0.0,1.95
1127,1.2225,0.5,0.1,0.0,0.0015,1.95
1128,1.2225,0.5,0.1,0.0,0.0015,1.95
1129,1.2225,0.5,0.1,0.0,0.0015,1.95
1130,1.222,0.0,0.0,0.0,0.0,1.95
1131,1.2225,0.5,0.1,0.0,0.0015,1.95
1132,1.222,0.0,0.0,0.0,0.0,1.95
1133,1.2225,0.5,0.1,0.0,0.0015,1.95
1134,1.222,0.0,0.0,0.0,0.0,1.95
1135,1.222,0.0,0.0,0.0,0.0,1.95
1136,1.2225,0.5,0.1,0.0,0.0015,1.95
1137,1.2225,0.5,0.1,0.0,0.0015,1.95
1138,1.222,0.0,0.0,0.0,0.0,1.95
1139,1.2225,0.5,0.1,0.0,0.0015,1.95
1140,1.222,0.0,0.0,0.0,0.0,1.95
1141,1.2225,0.5,0.1,0.0,0.0015,1.95
1142,1.222,0.0,0.0,0.0,0.0,1.95
1143,1.2225,0.5,0.1,0.0,0.0015,1.95
1144,1.2225,0.5,0.1,0.0,0.0015,1.95
1145,1.2225,0.5,0.1,0.0,0.0015,1.95
1146,1.222,0.0,0.0,0.0,0.0,1.95
1147,1.2225,0.5,0.1,0.0,0.0015,1.95
1148,1.2225,0.5,0.1,0.0,0.0015,1.95
1149,1.2225,0.5,0.1,0.0,0.0015,1.95
1150,1.2225,0.5,0.1,0.0,0.0015,1.95
1151,1.222,0.0,0.0,0.0,0.0,1.95
1152,1.222,0.0,0.0,0.0,0.0,1.95
1153,1.222,0.0,0.0,0.0,0.0,1.95
1154,1.2225,0.5,0.1,0.0,0.0015,1.95
1155,1.2225,0.5,0.1,0.0,0.0015,1.95
1156,1.2225,0.5,0.1,0.0,0.0015,1.95
1157,1.2225,0.5,0.1,0.0,0.0015,1.95
1158,1.222,0.0,0.0,0.0,0.0,1.95
1159,1.222,0.0,0.0,0.0,0.0,1.95
1160,1.2225,0.5,0.1,0.0,0.0015,1.95
1161,1.2225,0.5,0.1,0.0,0.0015,1.95
1162,1.222,0.0,0.0,0.0,0.0,1.95
1163,1.222,0.0,0.0,0.0,0.0,1.95
1164,1.2225,0.5,0.1,0.0,0.0015,1.95
1165,1.222,0.0,0.0,0.0,0.0,1.95
1166,1.2225,0.5,0.1,0.0,0.0015,1.95
1167,1.222,0.0,0.0,0.0,0.0,1.95
1168,1.222,0.0,0.0,0.0,0.0,1.95
1169,1.2225,0.5,0.1,0.0,0.0015,1.95
1170,1.222,0.0,0.0,0.0,0.0,1.95
1171,1.2225,0.5,0.1,0.0,0.0015,1.95
1172,1.222,0.0,0.0,0.0,0.0,1.95
1173,1.2225,0.5,0.1,0.0,0.0015,1.95
1174,1.2225,0.5,0.1,0.0,0.0015,1.95
1175,1.2225,0.5,0.1,0.0,0.0015,1.95
1176,1.2225,0.5,0.1,0.0,0.0015,1.95
1177,1.222,0.0,0.0,0.0,0.0,1.95
1178,1.2225,0.5,0.1,0.0,0.0015,1.95
1179,1.2225,0.5,0.1,0.0,0.0015,1.95
1180,1.222,0.0,0.0,0.0,0.0,1.95
1181,1.2225,0.5,0.1,0.0,0.0015,1.95
1182,1.2225,0.5,0.1,0.0,0.0015,1.95
1183,1.2225,0.5,0.1,0.0,0.0015,1.95
1184,1.2225,0.5,0.1,0.0,0.0015,1.95
1185,1.2225,0.5,0.1,0.0,0.0015,1.95
1186,1.2225,0.5,0.1,0.0,0.0015,1.95
1187,1.2225,0.5,0.1,0.0,0.0015,1.95
1188,1.2225,0.5,0.1,0.0,0.0015,1.95
1189,1.222,0.0,0.0,0.0,0.0,1.95
1190,1.222,0.0,0.0,0.0,0.0,1.95
1191,1.222,0.0,0.0,0.0,0.0,1.95
1192,1.222,0.0,0.0,0.0,0.0,1.95
1193,1.2225,0.5,0.1,0.0,0.0015,1.95
1194,1.2225,0.5,0.1,0.0,0.0015,1.95
1195,1.2225,0.5,0.1,0.0,0.0015,1.95
1196,1.2225,0.5,0.1,0.0,0.0015,1.95
1197,1.222,0.0,0.0,0.0,0.0,1.95
1198,1.2225,0.5,0.1,0.0,0.0015,1.95
1199,1.222,0.0,0.0,0.0,0.0,1.95
1200,1.2225,0.5,0.1,0.0,0.0015,1.95
1201,1.222,0.0,0.0,0.0,0.0,1.95
1202,1.2225,0.5,0.1,0.0,0.0015,1.95
1203,1.2225,0.5,0.1,0.0,0.0015,1.95
1204,1.2225,0.5,0.1,0.0,0.0015,1.95
1205,1.222,0.0,0.0,0.0,0.0,1.95
1206,1.222,0.0,0.0,0.0,0.0,1.95
1207,1.2225,0.5,0.1,0.0,0.0015,1.95
1208,1.222,0.0,0.0,0.0,0.0,1.95
1209,1.222,0.0,0.0,0.0,0.0,1.95
1210,1.2225,0.5,0.1,0.0,0.0015,1.95
1211,1.222,0.0,0.0,0.0,0.0,1.95
1212,1.222,0.0,0.0,0.0,0.0,1.95
1213,1.2225,0.5,0.1,0.0,0.0015,1.95
1214,1.2225,0.5,0.1,0.0,0.0015,1.95
1215,1.222,0.0,0.0,0.0,0.0,1.95
1216,1.2225,0.5,0.1,0.0,0.0015,1.95
1217,1.222,0.0,0.0,0.0,0.0,1.95
1218,1.2225,0.5,0.1,0.0,0.0015,1.95
1219,1.2225,0.5,0.1,0.0,0.0015,1.95
1220,1.222,0.0,0.0,0.0,0.0,1.95
1221,1.222,0.0,0.0,0.0,0.0,1.95
1222,1.2225,0.5,0.1,0.0,0.0015,1.95
1223,1.222,0.0,0.0,0.0,0.0,1.95
1224,1.222,0.0,0.0,0.0,0.0,1.95
1225,1.2225,0.5,0.1,0.0,0.0015,1.95
1226,1.2225,0.5,0.1,0.0,0.0015,1.95
1227,1.222,0.0,0.0,0.0,0.0,1.95
1228,1.222,0.0,0.0,0.0,0.0,1.95
1229,1.2225,0.5,0.1,0.0,0.0015,1.95
1230,1.222,0.0,0.0,0.0,0.0,1.95
1231,1.2225,0.5,0.1,0.0,0.0015,1.95
1232,1.222,0.0,0.0,0.0,0.0,1.95
1233,1.2225,0.5,0.1,0.0,0.0015,1.95
1234,1.222,0.0,0.0,0.0,0.0,1.95
1235,1.2225,0.5,0.1,0.0,0.0015,1.95
1236,1.222,0.0,0.0,0.0,0.0,1.95
1237,1.222,0.0,0.0,0.0,0.0,1.95
1238,1.2225,0.5,0.1,0.0,0.0015,1.95
1239,1.222,0.0,0.0,0.0,0.0,1.95
1240,1.2225,0.5,0.1,0.0,0.0015,1.95
1241,1.222,0.0,0.0,0.0,0.0,1.95
1242,1.2225,0.5,0.1,0.0,0.0015,1.95
1243,1.2225,0.5,0.1,0.0,0.0015,1.95
1244,1.222,0.0,0.0,0.0,0.0,1.95
1245,1.2225,0.5,0.1,0.0,0.0015,1.95
1246,1.222,0.0,0.0,0.0,0.0,1.95
1247,1.2225,0.5,0.1,0.0,0.0015,1.95
1248,1.222,0.0,0.0,0.0,0.0,1.95
1249,1.2225,0.5,0.1,0.0,0.0015,1.95
1250,1.222,0.0,0.0,0.0,0.0,1.95
1251,1.2225,0.5,0.1,0.0,0.0015,1.95
1252,1.2225,0.5,0.1,0.0,0.0015,1.95
1253,1.2225,0.5,0.1,0.0,0.0015,1.95
1254,1.222,0.0,0.0,0.0,0.0,1.95
1255,1.222,0.0,0.0,0.0,0.0,1.95
1256,1.222,0.0,0.0,0.0,0.0,1.95
1257,1.222,0.0,0.0,0.0,0.0,1.95
1258,1.2225,0.5,0.1,0.0,0.0015,1.95
1259,1.222,0.0,0.0,0.0,0.0,1.95
1260,1.222,0.0,0.0,0.0,0.0,1.95
1261,1.2225,0.5,0.1,0.0,0.0015,1.95
1262,1.2225,0.5,0.1,0.0,0.0015,1.95
1263,1.2225,0.5,0.1,0.0,0.0015,1.95
1264,1.2225,0.5,0.1,0.0,0.0015,1.95
1265,1.2225,0.5,0.1,0.0,0.0015,1.95
1266,1.222,0.0,0.0,0.0,0.0,1.95
1267,1.222,0.0,0.0,0.0,0.0,1.95
1268,1.2225,0.5,0.1,0.0,0.0015,1.95
1269,1.2225,0.5,0.1,0.0,0.0015,1.95
1270,1.222,0.0,0.0,0.0,0.0,1.95
1271,1.222,0.0,0.0,0.0,0.0,1.95
1272,1.222,0.0,0.0,0.0,0.0,1.95
1273,1.222,0.0,0.0,0.0,0.0,1.95
1274,1.2225,0.5,0.1,0.0,0.0015,1.95
1275,1.222,0.0,0.0,0.0,0.0,1.95
1276,1.222,0.0,0.0,0.0,0.0,1.95
1277,1.222,0.0,0.0,0.0,0.0,1.95
1278,1.222,0.0,0.0,0.0,0.0,1.95
1279,1.222,0.0,0.0,0.0,0.0,1.95
1280,1.222,0.0,0.0,0.0,0.0,1.95
1281,1.222,0.0,0.0,0.0,0.0,1.95
1282,1.222,0.0,0.0,0.0,0.0,1.95
1283,1.2225,0.5,0.1,0.0,0.0015,1.95
1284,1.2225,0.5,0.1,0.0,0.0015,1.95
1285,1.222,0.0,0.0,0.0,0.0,1.95
1286,1.2225,0.5,0.1,0.0,0.0015,1.95
1287,1.2225,0.5,0.1,0.0,0.0015,1.95
1288,1.222,0.0,0.0,0.0,0.0,1.95
1289,1.2225,0.5,0.1,0.0,0.0015,1.95
1290,1.2225,0.5,0.1,0.0,0.0015,1.95
1291,1.222,0.0,0.0,0.0,0.0,1.95
1292,1.2225,0.5,0.1,0.0,0.0015,1.95
1293,1.2225,0.5,0.1,0.0,0.0015,1.95
1294,1.2225,0.5,0.1,0.0,0.0015,1.95
1295,1.222,0.0,0.0,0.0,0.0,1.95
1296,1.2225,0.5,0.1,0.0,0.0015,1.95
1297,1.222,0.0,0.0,0.0,0.0,1.95
1298,1.222,0.0,0.0,0.0,0.0,1.95
1299,1.2225,0.5,0.1,0.0,0.0015,1.95
1300,1.222,0.0,0.0,0.0,0.0,1.95
1301,1.2225,0.5,0.1,0.0,0.0015,1.95
1302,1.222,0.0,0.0,0.0,0.0,1.95
1303,1.222,0.0,0.0,0.0,0.0,1.95
1304,1.222,0.0,0.0,0.0,0.0,1.95
1305,1.2225,0.5,0.1,0.0,0.0015,1.95
1306,1.222,0.0,0.0,0.0,0.0,1.95
1307,1.2225,0.5,0.1,0.0,0.0015,1.95
1308,1.222,0.0,0.0,0.0,0.0,1.95
1309,1.2225,0.5,0.1,0.0,0.0015,1.95
1310,1.222,0.0,0.0,0.0,0.0,1.95
1311,1.222,0.0,0.0,0.0,0.0,1.95
1312,1.2225,0.5,0.1,0.0,0.0015,1.95
1313,1.2225,0.5,0.1,0.0,0.0015,1.95
1314,1.222,0.0,0.0,0.0,0.0,1.95
1315,1.2225,0.5,0.1,0.0,0.0015,1.95
1316,1.222,0.0,0.0,0.0,0.0,1.95
1317,1.2225,0.5,0.1,0.0,0.0015,1.95
1318,1.222,0.0,0.0,0.0,0.0,1.95
1319,1.2225,0.5,0.1,0.0,0.0015,1.95
1320,1.222,0.0,0.0,0.0,0.0,1.95
1321,1.2225,0.5,0.1,0.0,0.0015,1.95
1322,1.222,0.0,0.0,0.0,0.0,1.95
1323,1.2225,0.5,0.1,0.0,0.0015,1.95
1324,1.2225,0.5,0.1,0.0,0.0015,1.95
1325,1.222,0.0,0.0,0.0,0.0,1.95
1326,1.2225,0.5,0.1,0.0,0.0015,1.95
1327,1.2225,0.5,0.1,0.0,0.0015,1.95
1328,1.222,0.0,0.0,0.0,0.0,1.95
1329,1.222,0.0,0.0,0.0,0.0,1.95
1330,1.2225,0.5,0.1,0.0,0.0015,1.95
1331,1.2225,0.5,0.1,0.0,0.0015,1.95
1332,1.2225,0.5,0.1,0.0,0.0015,1.95
1333,1.222,0.0,0.0,0.0,0.0,1.95
1334,1.222,0.0,0.0,0.0,0.0,1.95
1335,1.2225,0.5,0.1,0.0,0.0015,1.95
1336,1.222,0.0,0.0,0.0,0.0,1.95
1337,1.2225,0.5,0.1,0.0,0.0015,1.95
1338,1.222,0.0,0.0,0.0,0.0,1.95
1339,1.2225,0.5,0.1,0.0,0.0015,1.95
1340,1.222,0.0,0.0,0.0,0.0,1.95
1341,1.222,0.0,0.0,0.0,0.0,1.95
1342,1.222,0.0,0.0,0.0,0.0,1.95
1343,1.222,0.0,0.0,0.0,0.0,1.95
1344,1.222,0.0,0.0,0.0,0.0,1.95
1345,1.222,0.0,0.0,0.0,0.0,1.95
1346,1.2225,0.5,0.1,0.0,0.0015,1.95
1347,1.2225,0.5,0.1,0.0,0.0015,1.95
1348,1.222,0.0,0.0,0.0,0.0,1.95
1349,1.222,0.0,0.0,0.0,0.0,1.95
1350,1.222,0.0,0.0,0.0,0.0,1.95
1351,1.2225,0.5,0.1,0.0,0.0015,1.95
1352,1.222,0.0,0.0,0.0,0.0,1.95
1353,1.222,0.0,0.0,0.0,0.0,1.95
1354,1.2225,0.5,0.1,0.0,0.0015,1.95
1355,1.2225,0.5,0.1,0.0,0.0015,1.95
1356,1.222,0.0,0.0,0.0,0.0,1.95
1357,1.222,0.0,0.0,0.0,0.0,1.95
1358,1.2225,0.5,0.1,0.0,0.0015,1.95
1359,1.2225,0.5,0.1,0.0,0.0015,1.95
1360,1.222,0.0,0.0,0.0,0.0,1.95
1361,1.222,0.0,0.0,0.0,0.0,1.95
1362,1.222,0.0,0.0,0.0,0.0,1.95
1363,1.2225,0.5,0.1,0.0,0.0015,1.95
1364,1.2225,0.5,0.1,0.0,0.0015,1.95
1365,1.2225,0.5,0.1,0.0,0.0015,1.95
1366,1.2225,0.5,0.1,0.0,0.0015,1.95
1367,1.2225,0.5,0.1,0.0,0.0015,1.95
1368,1.222,0.0,0.0,0.0,0.0,1.95
1369,1.222,0.0,0.0,0.0,0.0,1.95
1370,1.2225,0.5,0.1,0.0,0.0015,1.95
1371,1.222,0.0,0.0,0.0,0.0,1.95
1372,1.2225,0.5,0.1,0.0,0.0015,1.95
1373,1.222,0.0,0.0,0.0,0.0,1.95
1374,1.222,0.0,0.0,0.0,0.0,1.95
1375,1.222,0.0,0.0,0.0,0.0,1.95
1376,1.222,0.0,0.0,0.0,0.0,1.95
1377,1.222,0.0,0.0,0.0,0.0,1.95
1378,1.2225,0.5,0.1,0.0,0.0015,1.95
1379,1.222,0.0,0.0,0.0,0.0,1.95
1380,1.2225,0.5,0.1,0.0,0.0015,1.95
1381,1.2225,0.5,0.1,0.0,0.0015,1.95
1382,1.222,0.0,0.0,0.0,0.0,1.95
1383,1.2225,0.5,0.1,0.0,0.0015,1.95
1384,1.222,0.0,0.0,0.0,0.0,1.95
1385,1.2225,0.5,0.1,0.0,0.0015,1.95
1386,1.2225,0.5,0.1,0.0,0.0015,1.95
1387,1.2225,0.5,0.1,0.0,0.0015,1.95
1388,1.2225,0.5,0.1,0.0,0.0015,1.95
1389,1.222,0.0,0.0,0.0,0.0,1.95
1390,1.222,0.0,0.0,0.0,0.0,1.95
1391,1.222,0.0,0.0,0.0,0.0,1.95
1392,1.222,0.0,0.0,0.0,0.0,1.95
1393,1.2225,0.5,0.1,0.0,0.0015,1.95
1394,1.2225,0.5,0.1,0.0,0.0015,1.95
1395,1.2225,0.5,0.1,0.0,0.0015,1.95
1396,1.222,0.0,0.0,0.0,0.0,1.95
1397,1.222,0.0,0.0,0.0,0.0,1.95
1398,1.222,0.0,0.0,0.0,0.0,1.95
1399,1.222,0.0,0.0,0.0,0.0,1.95
1400,1.2225,0.5,0.1,0.0,0.0015,1.95
1401,1.222,0.0,0.0,0.0,0.0,1.95
1402,1.2225,0.5,0.1,0.0,0.0015,1.95
1403,1.222,0.0,0.0,0.0,0.0,1.95
1404,1.2225,0.5,0.1,0.0,0.0015,1.95
1405,1.222,0.0,0.0,0.0,0.0,1.95
1406,1.2225,0.5,0.1,0.0,0.0015,1.95
1407,1.2225,0.5,0.1,0.0,0.0015,1.95
1408,1.2225,0.5,0.1,0.0,0.0015,1.95
1409,1.222,0.0,0.0,0.0,0.0,1.95
1410,1.222,0.0,0.0,0.0,0.0,1.95
1411,1.222,0.0,0.0,0.0,0.0,1.95
1412,1.2225,0.5,0.1,0.0,0.0015,1.95
1413,1.2225,0.5,0.1,0.0,0.0015,1.95
1414,1.2225,0.5,0.1,0.0,0.0015,1.95
1415,1.2225,0.5,0.1,0.0,0.0015,1.95
1416,1.222,0.0,0.0,0.0,0.0,1.95
1417,1.2225,0.5,0.1,0.0,0.0015,1.95
1418,1.2225,0.5,0.1,0.0,0.0015,1.95
1419,1.2225,0.5,0.1,0.0,0.0015,1.95
1420,1.222,0.0,0.0,0.0,0.0,1.95
1421,1.2225,0.5,0.1,0.0,0.0015,1.95
1422,1.222,0.0,0.0,0.0,0.0,1.95
1423,1.222,0.0,0.0,0.0,0.0,1.95
1424,1.222,0.0,0.0,0.0,0.0,1.95
1425,1.2225,0.5,0.1,0.0,0.0015,1.95
1426,1.222,0.0,0.0,0.0,0.0,1.95
1427,1.222,0.0,0.0,0.0,0.0,1.95
1428,1.222,0.0,0.0,0.0,0.0,1.95
1429,1.222,0.0,0.0,0.0,0.0,1.95
1430,1.2225,0.5,0.1,0.0,0.0015,1.95
1431,1.222,0.0,0.0,0.0,0.0,1.95
1432,1.222,0.0,0.0,0.0,0.0,1.95
1433,1.222,0.0,0.0,0.0,0.0,1.95
1434,1.2225,0.5,0.1,0.0,0.0015,1.95
1435,1.222,0.0,0.0,0.0,0.0,1.95
1436,1.222,0.0,0.0,0.0,0.0,1.95
1437,1.2225,0.5,0.1,0.0,0.0015,1.95
1438,1.2225,0.5,0.1,0.0,0.0015,1.95
1439,1.2225,0.5,0.1,0.0,0.0015,1.95
1440,1.2225,0.5,0.1,0.0,0.0015,1.95
1441,1.2225,0.5,0.1,0.0,0.0015,1.95
1442,1.222,0.0,0.0,0.0,0.0,1.95
1443,1.2225,0.5,0.1,0.0,0.0015,1.95
1444,1.222,0.0,0.0,0.0,0.0,1.95
1445,1.2225,0.5,0.1,0.0,0.0015,1.95
1446,1.222,0.0,0.0,0.0,0.0,1.95
1447,1.2225,0.5,0.1,0.0,0.0015,1.95
1448,1.2225,0.5,0.1,0.0,0.0015,1.95
1449,1.222,0.0,0.0,0.0,0.0,1.95
1450,1.222,0.0,0.0,0.0,0.0,1.95
1451,1.2225,0.5,0.1,0.0,0.0015,1.95
1452,1.222,0.0,0.0,0.0,0.0,1.95
1453,1.222,0.0,0.0,0.0,0.0,1.95
1454,1.222,0.0,0.0,0.0,0.0,1.95
1455,1.222,0.0,0.0,0.0,0.0,1.95
1456,1.2225,0.5,0.1,0.0,0.0015,1.95
1457,1.2225,0.5,0.1,0.0,0.0015,1.95
1458,1.222,0.0,0.0,0.0,0.0,1.95
1459,1.222,0.0,0.0,0.0,0.0,1.95
1460,1.2225,0.5,0.1,0.0,0.0015,1.95
1461,1.2225,0.5,0.1,0.0,0.0015,1.95
1462,1.222,0.0,0.0,0.0,0.0,1.95
1463,1.2225,0.5,0.1,0.0,0.0015,1.95
1464,1.2225,0.5,0.1,0.0,0.0015,1.95
1465,1.2225,0.5,0.1,0.0,0.0015,1.95
1466,1.222,0.0,0.0,0.0,0.0,1.95
1467,1.222,0.0,0.0,0.0,0.0,1.95
1468,1.2225,0.5,0.1,0.0,0.0015,1.95
1469,1.222,0.0,0.0,0.0,0.0,1.95
1470,1.222,0.0,0.0,0.0,0.0,1.95
1471,1.222,0.0,0.0,0.0,0.0,1.95
1472,1.222,0.0,0.0,0.0,0.0,1.95
1473,1.2225,0.5,0.1,0.0,0.0015,1.95
1474,1.2225,0.5,0.1,0.0,0.0015,1.95
1475,1.2225,0.5,0.1,0.0,0.0015,1.95
1476,1.2225,0.5,0.1,0.0,0.0015,1.95
1477,1.222,0.0,0.0,0.0,0.0,1.95
1478,1.222,0.0,0.0,0.0,0.0,1.95
1479,1.222,0.0,0.0,0.0,0.0,1.95
1480,1.222,0.0,0.0,0.0,0.0,1.95
1481,1.222,0.0,0.0,0.0,0.0,1.95
1482,1.222,0.0,0.0,0.0,0.0,1.95
1483,1.222,0.0,0.0,0.0,0.0,1.95
1484,1.2225,0.5,0.1,0.0,0.0015,1.95
1485,1.222,0.0,0.0,0.0,0.0,1.95
1486,1.2225,0.5,0.1,0.0,0.0015,1.95
1487,1.2225,0.5,0.1,0.0,0.0015,1.95
1488,1.222,0.0,0.0,0.0,0.0,1.95
1489,1.222,0.0,0.0,0.0,0.0,1.95
1490,1.222,0.0,0.0,0.0,0.0,1.95
1491,1.222,0.0,0.0,0.0,0.0,1.95
1492,1.222,0.0,0.0,0.0,0.0,1.95
1493,1.2225,0.5,0.1,0.0,0.0015,1.95
1494,1.222,0.0,0.0,0.0,0.0,1.95
1495,1.2225,0.5,0.1,0.0,0.0015,1.95
1496,1.2225,0.5,0.1,0.0,0.0015,1.95
1497,1.2225,0.5,0.1,0.0,0.0015,1.95
1498,1.222,0.0,0.0,0.0,0.0,1.95
1499,1.222,0.0,0.0,0.0,0.0,1.95
1500,1.2225,0.5,0.1,0.0,0.0015,1.95
1501,1.2225,0.5,0.1,0.0,0.0015,1.95
1502,1.2225,0.5,0.1,0.0,0.0015,1.95
1503,1.222,0.0,0.0,0.0,0.0,1.95
1504,1.222,0.0,0.0,0.0,0.0,1.95
1505,1.222,0.0,0.0,0.0,0.0,1.95
1506,1.222,0.0,0.0,0.0,0.0,1.95
1507,1.222,0.0,0.0,0.0,0.0,1.95
1508,1.2225,0.5,0.1,0.0,0.0015,1.95
1509,1.2225,0.5,0.1,0.0,0.0015,1.95
1510,1.2225,0.5,0.1,0.0,0.0015,1.95
1511,1.2225,0.5,0.1,0.0,0.0015,1.95
1512,1.222,0.0,0.0,0.0,0.0,1.95
1513,1.222,0.0,0.0,0.0,0.0,1.95
1514,1.2225,0.5,0.1,0.0,0.0015,1.95
1515,1.2225,0.5,0.1,0.0,0.0015,1.95
1516,1.222,0.0,0.0,0.0,0.0,1.95
1517,1.222,0.0,0.0,0.0,0.0,1.95
1518,1.222,0.0,0.0,0.0,0.0,1.95
1519,1.2225,0.5,0.1,0.0,0.0015,1.95
1520,1.2225,0.5,0.1,0.0,0.0015,1.95
1521,1.222,0.0,0.0,0.0,0.0,1.95
1522,1.2225,0.5,0.1,0.0,0.0015,1.95
1523,1.2225,0.5,0.1,0.0,0.0015,1.95
1524,1.222,0.0,0.0,0.0,0.0,1.95
1525,1.222,0.0,0.0,0.0,0.0,1.95
1526,1.222,0.0,0.0,0.0,0.0,1.95
1527,1.2225,0.5,0.1,0.0,0.0015,1.95
1528,1.222,0.0,0.0,0.0,0.0,1.95
1529,1.2225,0.5,0.1,0.0,0.0015,1.95
1530,1.222,0.0,0.0,0.0,0.0,1.95
1531,1.222,0.0,0.0,0.0,0.0,1.95
1532,1.222,0.0,0.0,0.0,0.0,1.95
1533,1.222,0.0,0.0,0.0,0.0,1.95
1534,1.222,0.0,0.0,0.0,0.0,1.95
1535,1.2225,0.5,0.1,0.0,0.0015,1.95
1536,1.2225,0.5,0.1,0.0,0.0015,1.95
1537,1.2225,0.5,0.1,0.0,0.0015,1.95
1538,1.222,0.0,0.0,0.0,0.0,1.95
1539,1.2225,0.5,0.1,0.0,0.0015,1.95
1540,1.2225,0.5,0.1,0.0,0.0015,1.95
1541,1.222,0.0,0.0,0.0,0.0,1.95
1542,1.2225,0.5,0.1,0.0,0.0015,1.95
1543,1.222,0.0,0.0,0.0,0.0,1.95
1544,1.2225,0.5,0.1,0.0,0.0015,1.95
1545,1.2225,0.5,0.1,0.0,0.0015,1.95
1546,1.222,0.0,0.0,0.0,0.0,1.95
1547,1.2225,0.5,0.1,0.0,0.0015,1.95
1548,1.2225,0.5,0.1,0.0,0.0015,1.95
1549,1.2225,0.5,0.1,0.0,0.0015,1.95
1550,1.222,0.0,0.0,0.0,0.0,1.95
1551,1.2225,0.5,0.1,0.0,0.0015,1.95
1552,1.222,0.0,0.0,0.0,0.0,1.95
1553,1.222,0.0,0.0,0.0,0.0,1.95
1554,1.2225,0.5,0.1,0.0,0.0015,1.95
1555,1.222,0.0,0.0,0.0,0.0,1.95
1556,1.2225,0.5,0.1,0.0,0.0015,1.95
1557,1.2225,0.5,0.1,0.0,0.0015,1.95
1558,1.222,0.0,0.0,0.0,0.0,1.95
1559,1.2225,0.5,0.1,0.0,0.0015,1.95
1560,1.2225,0.5,0.1,0.0,0.0015,1.95
1561,1.222,0.0,0.0,0.0,0.0,1.95
1562,1.2225,0.5,0.1,0.0,0.0015,1.95
1563,1.2225,0.5,0.1,0.0,0.0015,1.95
1564,1.2225,0.5,0.1,0.0,0.0015,1.95
1565,1.2225,0.5,0.1,0.0,0.0015,1.95
1566,1.2225,0.5,0.1,0.0,0.0015,1.95
1567,1.222,0.0,0.0,0.0,0.0,1.95
1568,1.222,0.0,0.0,0.0,0.0,1.95
1569,1.2225,0.5,0.1,0.0,0.0015,1.95
1570,1.2225,0.5,0.1,0.0,0.0015,1.95
1571,1.222,0.0,0.0,0.0,0.0,1.95
1572,1.2225,0.5,0.1,0.0,0.0015,1.95
1573,1.222,0.0,0.0,0.0,0.0,1.95
1574,1.2225,0.5,0.1,0.0,0.0015,1.95
1575,1.2225,0.5,0.1,0.0,0.0015,1.95
1576,1.222,0.0,0.0,0.0,0.0,1.95
1577,1.2225,0.5,0.1,0.0,0.0015,1.95
1578,1.2225,0.5,0.1,0.0,0.0015,1.95
1579,1.222,0.0,0.0,0.0,0.0,1.95
1580,1.222,0.0,0.0,0.0,0.0,1.95
1581,1.222,0.0,0.0,0.0,0.0,1.95
1582,1.222,0.0,0.0,0.0,0.0,1.95
1583,1.222,0.0,0.0,0.0,0.0,1.95
1584,1.2225,0.5,0.1,0.0,0.0015,1.95
1585,1.222,0.0,0.0,0.0,0.0,1.95
1586,1.222,0.0,0.0,0.0,0.0,1.95
1587,1.2225,0.5,0.1,0.0,0.0015,1.95
1588,1.2225,0.5,0.1,0.0,0.0015,1.95
1589,1.2225,0.5,0.1,0.0,0.0015,1.95
1590,1.222,0.0,0.0,0.0,0.0,1.95
1591,1.222,0.0,0.0,0.0,0.0,1.95
1592,1.2225,0.5,0.1,0.0,0.0015,1.95
1593,1.222,0.0,0.0,0.0,0.0,1.95
1594,1.2225,0.5,0.1,0.0,0.0015,1.95
1595,1.2225,0.5,0.1,0.0,0.0015,1.95
1596,1.222,0.0,0.0,0.0,0.0,1.95
1597,1.222,0.0,0.0,0.0,0.0,1.95
1598,1.222,0.0,0.0,0.0,0.0,1.95
1599,1.2225,0.5,0.1,0.0,0.0015,1.95
1600,1.2225,0.5,0.1,0.0,0.0015,1.95
1601,1.222,0.0,0.0,0.0,0.0,1.95
1602,1.222,0.0,0.0,0.0,0.0,1.95
1603,1.222,0.0,0.0,0.0,0.0,1.95
1604,1.222,0.0,0.0,0.0,0.0,1.95
1605,1.2225,0.5,0.1,0.0,0.0015,1.95
1606,1.2225,0.5,0.1,0.0,0.0015,1.95
1607,1.2225,0.5,0.1,0.0,0.0015,1.95
1608,1.2225,0.5,0.1,0.0,0.0015,1.95
1609,1.222,0.0,0.0,0.0,0.0,1.95
1610,1.2225,0.5,0.1,0.0,0.0015,1.95
1611,1.2225,0.5,0.1,0.0,0.0015,1.95
1612,1.222,0.0,0.0,0.0,0.0,1.95
1613,1.222,0.0,0.0,0.0,0.0,1.95
1614,1.2225,0.5,0.1,0.0,0.0015,1.95
1615,1.2225,0.5,0.1,0.0,0.0015,1.95
1616,1.222,0.0,0.0,0.0,0.0,1.95
1617,1.222,0.0,0.0,0.0,0.0,1.95
1618,1.2225,0.5,0.1,0.0,0.0015,1.95
1619,1.222,0.0,0.0,0.0,0.0,1.95
1620,1.2225,0.5,0.1,0.0,0.0015,1.95
1621,1.222,0.0,0.0,0.0,0.0,1.95
1622,1.222,0.0,0.0,0.0,0.0,1.95
1623,1.2225,0.5,0.1,0.0,0.0015,1.95
1624,1.2225,0.5,0.1,0.0,0.0015,1.95
1625,1.222,0.0,0.0,0.0,0.0,1.95
1626,1.222,0.0,0.0,0.0,0.0,1.95
1627,1.222,0.0,0.0,0.0,0.0,1.95
1628,1.2225,0.5,0.1,0.0,0.0015,1.95
1629,1.222,0.0,0.0,0.0,0.0,1.95
1630,1.222,0.0,0.0,0.0,0.0,1.95
1631,1.2225,0.5,0.1,0.0,0.0015,1.95
1632,1.2225,0.5,0.1,0.0,0.0015,1.95
1633,1.222,0.0,0.0,0.0,0.0,1.95
1634,1.222,0.0,0.0,0.0,0.0,1.95
1635,1.222,0.0,0.0,0.0,0.0,1.95
1636,1.222,0.0,0.0,0.0,0.0,1.95
1637,1.2225,0.5,0.1,0.0,0.0015,1.95
1638,1.222,0.0,0.0,0.0,0.0,1.95
1639,1.2225,0.5,0.1,0.0,0.0015,1.95
1640,1.222,0.0,0.0,0.0,0.0,1.95
1641,1.222,0.0,0.0,0.0,0.0,1.95
1642,1.2225,0.5,0.1,0.0,0.0015,1.95
1643,1.222,0.0,0.0,0.0,0.0,1.95
1644,1.2225,0.5,0.1,0.0,0.0015,1.95
1645,1.222,0.0,0.0,0.0,0.0,1.95
1646,1.222,0.0,0.0,0.0,0.0,1.95
1647,1.2225,0.5,0.1,0.0,0.0015,1.95
1648,1.222,0.0,0.0,0.0,0.0,1.95
1649,1.2225,0.5,0.1,0.0,0.0015,1.95
1650,1.2225,0.5,0.1,0.0,0.0015,1.95
1651,1.2225,0.5,0.1,0.0,0.0015,1.95
1652,1.2225,0.5,0.1,0.0,0.0015,1.95
1653,1.2225,0.5,0.1,0.0,0.0015,1.95
1654,1.2225,0.5,0.1,0.0,0.0015,1.95
1655,1.2225,0.5,0.1,0.0,0.0015,1.95
1656,1.222,0.0,0.0,0.0,0.0,1.95
1657,1.2225,0.5,0.1,0.0,0.0015,1.95
1658,1.2225,0.5,0.1,0.0,0.0015,1.95
1659,1.2225,0.5,0.1,0.0,0.0015,1.95
1660,1.2225,0.5,0.1,0.0,0.0015,1.95
1661,1.222,0.0,0.0,0.0,0.0,1.95
1662,1.222,0.0,0.0,0.0,0.0,1.95
1663,1.2225,0.5,0.1,0.0,0.0015,1.95
1664,1.222,0.0,0.0,0.0,0.0,1.95
1665,1.222,0.0,0.0,0.0,0.0,1.95
1666,1.222,0.0,0.0,0.0,0.0,1.95
1667,1.2225,0.5,0.1,0.0,0.0015,1.95
1668,1.2225,0.5,0.1,0.0,0.0015,1.95
1669,1.222,0.0,0.0,0.0,0.0,1.95
1670,1.222,0.0,0.0,0.0,0.0,1.95
1671,1.2225,0.5,0.1,0.0,0.0015,1.95
1672,1.2225,0.5,0.1,0.0,0.0015,1.95
1673,1.222,0.0,0.0,0.0,0.0,1.95
1674,1.222,0.0,0.0,0.0,0.0,1.95
1675,1.222,0.0,0.0,0.0,0.0,1.95
1676,1.222,0.0,0.0,0.0,0.0,1.95
1677,1.222,0.0,0.0,0.0,0.0,1.95
1678,1.2225,0.5,0.1,0.0,0.0015,1.95
1679,1.222,0.0,0.0,0.0,0.0,1.95
1680,1.222,0.0,0.0,0.0,0.0,1.95
1681,1.222,0.0,0.0,0.0,0.0,1.95
1682,1.222,0.0,0.0,0.0,0.0,1.95
1683,1.2225,0.5,0.1,0.0,0.0015,1.95
1684,1.2225,0.5,0.1,0.0,0.0015,1.95
1685,1.2225,0.5,0.1,0.0,0.0015,1.95
1686,1.222,0.0,0.0,0.0,0.0,1.95
1687,1.222,0.0,0.0,0.0,0.0,1.95
1688,1.222,0.0,0.0,0.0,0.0,1.95
1689,1.222,0.0,0.0,0.0,0.0,1.95
1690,1.222,0.0,0.0,0.0,0.0,1.95
1691,1.2225,0.5,0.1,0.0,0.0015,1.95
1692,1.2225,0.5,0.1,0.0,0.0015,1.95
1693,1.2225,0.5,0.1,0.0,0.0015,1.95
1694,1.2225,0.5,0.1,0.0,0.0015,1.95
1695,1.222,0.0,0.0,0.0,0.0,1.95
1696,1.2225,0.5,0.1,0.0,0.0015,1.95
1697,1.2225,0.5,0.1,0.0,0.0015,1.95
1698,1.2225,0.5,0.1,0.0,0.0015,1.95
1699,1.222,0.0,0.0,0.0,0.0,1.95
1700,1.222,0.0,0.0,0.0,0.0,1.95
1701,1.2225,0.5,0.1,0.0,0.0015,1.95
1702,1.222,0.0,0.0,0.0,0.0,1.95
1703,1.222,0.0,0.0,0.0,0.0,1.95
1704,1.2225,0.5,0.1,0.0,0.0015,1.95
1705,1.2225,0.5,0.1,0.0,0.0015,1.95
1706,1.2225,0.5,0.1,0.0,0.0015,1.95
1707,1.2225,0.5,0.1,0.0,0.0015,1.95
1708,1.222,0.0,0.0,0.0,0.0,1.95
1709,1.222,0.0,0.0,0.0,0.0,1.95
1710,1.222,0.0,0.0,0.0,0.0,1.95
1711,1.2225,0.5,0.1,0.0,0.0015,1.95
1712,1.222,0.0,0.0,0.0,0.0,1.95
1713,1.2225,0.5,0.1,0.0,0.0015,1.95
1714,1.222,0.0,0.0,0.0,0.0,1.95
1715,1.222,0.0,0.0,0.0,0.0,1.95
1716,1.2225,0.5,0.1,0.0,0.0015,1.95
1717,1.2225,0.5,0.1,0.0,0.0015,1.95
1718,1.2225,0.5,0.1,0.0,0.0015,1.95
1719,1.2225,0.5,0.1,0.0,0.0015,1.95
1720,1.2225,0.5,0.1,0.0,0.0015,1.95
1721,1.222,0.0,0.0,0.0,0.0,1.95
1722,1.222,0.0,0.0,0.0,0.0,1.95
1723,1.2225,0.5,0.1,0.0,0.0015,1.95
1724,1.2225,0.5,0.1,0.0,0.0015,1.95
1725,1.222,0.0,0.0,0.0,0.0,1.95
1726,1.222,0.0,0.0,0.0,0.0,1.95
1727,1.2225,0.5,0.1,0.0,0.0015,1.95
1728,1.222,0.0,0.0,0.0,0.0,1.95
1729,1.222,0.0,0.0,0.0,0.0,1.95
1730,1.2225,0.5,0.1,0.0,0.0015,1.95
1731,1.222,0.0,0.0,0.0,0.0,1.95
1732,1.2225,0.5,0.1,0.0,0.0015,1.95
1733,1.222,0.0,0.0,0.0,0.0,1.95
1734,1.222,0.0,0.0,0.0,0.0,1.95
1735,1.222,0.0,0.0,0.0,0.0,1.95
1736,1.222,0.0,0.0,0.0,0.0,1.95
1737,1.2225,0.5,0.1,0.0,0.0015,1.95
1738,1.222,0.0,0.0,0.0,0.0,1.95
1739,1.222,0.0,0.0,0.0,0.0,1.95
1740,1.222,0.0,0.0,0.0,0.0,1.95
1741,1.222,0.0,0.0,0.0,0.0,1.95
1742,1.2225,0.5,0.1,0.0,0.0015,1.95
1743,1.2225,0.5,0.1,0.0,0.0015,1.95
1744,1.222,0.0,0.0,0.0,0.0,1.95
1745,1.222,0.0,0.0,0.0,0.0,1.95
1746,1.222,0.0,0.0,0.0,0.0,1.95
1747,1.222,0.0,0.0,0.0,0.0,1.95
1748,1.2225,0.5,0.1,0.0,0.0015,1.95
1749,1.222,0.0,0.0,0.0,0.0,1.95
1750,1.2225,0.5,0.1,0.0,0.0015,1.95
1751,1.2225,0.5,0.1,0.0,0.0015,1.95
1752,1.222,0.0,0.0,0.0,0.0,1.95
1753,1.2225,0.5,0.1,0.0,0.0015,1.95
1754,1.222,0.0,0.0,0.0,0.0,1.95
1755,1.2225,0.5,0.1,0.0,0.0015,1.95
1756,1.2225,0.5,0.1,0.0,0.0015,1.95
1757,1.222,0.0,0.0,0.0,0.0,1.95
1758,1.2225,0.5,0.1,0.0,0.0015,1.95
1759,1.222,0.0,0.0,0.0,0.0,1.95
1760,1.222,0.0,0.0,0.0,0.0,1.95
1761,1.222,0.0,0.0,0.0,0.0,1.95
1762,1.222,0.0,0.0,0.0,0.0,1.95
1763,1.2225,0.5,0.1,0.0,0.0015,1.95
1764,1.2225,0.5,0.1,0.0,0.0015,1.95
1765,1.222,0.0,0.0,0.0,0.0,1.95
1766,1.222,0.0,0.0,0.0,0.0,1.95
1767,1.222,0.0,0.0,0.0,0.0,1.95
1768,1.2225,0.5,0.1,0.0,0.0015,1.95
1769,1.222,0.0,0.0,0.0,0.0,1.95
1770,1.2225,0.5,0.1,0.0,0.0015,1.95
1771,1.222,0.0,0.0,0.0,0.0,1.95
1772,1.222,0.0,0.0,0.0,0.0,1.95
1773,1.2225,0.5,0.1,0.0,0.0015,1.95
1774,1.222,0.0,0.0,0.0,0.0,1.95
1775,1.222,0.0,0.0,0.0,0.0,1.95
1776,1.2225,0.5,0.1,0.0,0.0015,1.95
1777,1.222,0.0,0.0,0.0,0.0,1.95
1778,1.222,0.0,0.0,0.0,0.0,1.95
1779,1.222,0.0,0.0,0.0,0.0,1.95
1780,1.222,0.0,0.0,0.0,0.0,1.95
1781,1.2225,0.5,0.1,0.0,0.0015,1.95
1782,1.2225,0.5,0.1,0.0,0.0015,1.95
1783,1.222,0.0,0.0,0.0,0.0,1.95
1784,1.222,0.0,0.0,0.0,0.0,1.95
1785,1.222,0.0,0.0,0.0,0.0,1.95
1786,1.2225,0.5,0.1,0.0,0.0015,1.95
1787,1.2225,0.5,0.1,0.0,0.0015,1.95
1788,1.222,0.0,0.0,0.0,0.0,1.95
1789,1.222,0.0,0.0,0.0,0.0,1.95
1790,1.222,0.0,0.0,0.0,0.0,1.95
1791,1.222,0.0,0.0,0.0,0.0,1.95
1792,1.222,0.0,0.0,0.0,0.0,1.95
1793,1.2225,0.5,0.1,0.0,0.0015,1.95
1794,1.222,0.0,0.0,0.0,0.0,1.95
1795,1.222,0.0,0.0,0.0,0.0,1.95
1796,1.2225,0.5,0.1,0.0,0.0015,1.95
1797,1.2225,0.5,0.1,0.0,0.0015,1.95
1798,1.2225,0.5,0.1,0.0,0.0015,1.95
1799,1.2225,0.5,0.1,0.0,0.0015,1.95
1800,1.2225,0.5,0.1,0.0,0.0015,1.95
1801,1.2225,0.5,0.1,0.0,0.0015,1.95
1802,1.2225,0.5,0.1,0.0,0.0015,1.95
1803,1.2225,0.5,0.1,0.0,0.0015,1.95
1804,1.222,0.0,0.0,0.0,0.0,1.95
1805,1.2225,0.5,0.1,0.0,0.0015,1.95
1806,1.2225,0.5,0.1,0.0,0.0015,1.95
1807,1.222,0.0,0.0,0.0,0.0,1.95
1808,1.222,0.0,0.0,0.0,0.0,1.95
1809,1.2225,0.5,0.1,0.0,0.0015,1.95
1810,1.222,0.0,0.0,0.0,0.0,1.95
1811,1.2225,0.5,0.1,0.0,0.0015,1.95
1812,1.2225,0.5,0.1,0.0,0.0015,1.95
1813,1.222,0.0,0.0,0.0,0.0,1.95
1814,1.2225,0.5,0.1,0.0,0.0015,1.95
1815,1.222,0.0,0.0,0.0,0.0,1.95
1816,1.222,0.0,0.0,0.0,0.0,1.95
1817,1.2225,0.5,0.1,0.0,0.0015,1.95
1818,1.222,0.0,0.0,0.0,0.0,1.95
1819,1.222,0.0,0.0,0.0,0.0,1.95
1820,1.222,0.0,0.0,0.0,0.0,1.95
1821,1.222,0.0,0.0,0.0,0.0,1.95
1822,1.222,0.0,0.0,0.0,0.0,1.95
1823,1.222,0.0,0.0,0.0,0.0,1.95
1824,1.222,0.0,0.0,0.0,0.0,1.95
1825,1.222,0.0,0.0,0.0,0.0,1.95
1826,1.222,0.0,0.0,0.0,0.0,1.95
1827,1.222,0.0,0.0,0.0,0.0,1.95
1828,1.222,0.0,0.0,0.0,0.0,1.95
1829,1.222,0.0,0.0,0.0,0.0,1.95
1830,1.2225,0.5,0.1,0.0,0.0015,1.95
1831,1.2225,0.5,0.1,0.0,0.0015,1.95
1832,1.222,0.0,0.0,0.0,0.0,1.95
1833,1.2225,0.5,0.1,0.0,0.0015,1.95
1834,1.2225,0.5,0.1,0.0,0.0015,1.95
1835,1.2225,0.5,0.1,0.0,0.0015,1.95
1836,1.2225,0.5,0.1,0.0,0.0015,1.95
1837,1.222,0.0,0.0,0.0,0.0,1.95
1838,1.222,0.0,0.0,0.0,0.0,1.95
1839,1.222,0.0,0.0,0.0,0.0,1.95
1840,1.2225,0.5,0.1,0.0,0.0015,1.95
1841,1.2225,0.5,0.1,0.0,0.0015,1.95
1842,1.222,0.0,0.0,0.0,0.0,1.95
1843,1.222,0.0,0.0,0.0,0.0,1.95
1844,1.2225,0.5,0.1,0.0,0.0015,1.95
1845,1.222,0.0,0.0,0.0,0.0,1.95
1846,1.2225,0.5,0.1,0.0,0.0015,1.95
1847,1.2225,0.5,0.1,0.0,0.0015,1.95
1848,1.222,0.0,0.0,0.0,0.0,1.95
1849,1.222,0.0,0.0,0.0,0.0,1.95
1850,1.222,0.0,0.0,0.0,0.0,1.95
1851,1.222,0.0,0.0,0.0,0.0,1.95
1852,1.222,0.0,0.0,0.0,0.0,1.95
1853,1.2225,0.5,0.1,0.0,0.0015,1.95
1854,1.222,0.0,0.0,0.0,0.0,1.95
1855,1.222,0.0,0.0,0.0,0.0,1.95
1856,1.222,0.0,0.0,0.0,0.0,1.95
1857,1.222,0.0,0.0,0.0,0.0,1.95
1858,1.222,0.0,0.0,0.0,0.0,1.95
1859,1.222,0.0,0.0,0.0,0.0,1.95
1860,1.2225,0.5,0.1,0.0,0.0015,1.95
1861,1.2225,0.5,0.1,0.0,0.0015,1.95
1862,1.2225,0.5,0.1,0.0,0.0015,1.95
1863,1.222,0.0,0.0,0.0,0.0,1.95
1864,1.2225,0.5,0.1,0.0,0.0015,1.95
1865,1.2225,0.5,0.1,0.0,0.0015,1.95
1866,1.222,0.0,0.0,0.0,0.0,1.95
1867,1.2225,0.5,0.1,0.0,0.0015,1.95
1868,1.2225,0.5,0.1,0.0,0.0015,1.95
1869,1.2225,0.5,0.1,0.0,0.0015,1.95
1870,1.2225,0.5,0.1,0.0,0.0015,1.95
1871,1.222,0.0,0.0,0.0,0.0,1.95
1872,1.222,0.0,0.0,0.0,0.0,1.95
1873,1.222,0.0,0.0,0.0,0.0,1.95
1874,1.2225,0.5,0.1,0.0,0.0015,1.95
1875,1.2225,0.5,0.1,0.0,0.0015,1.95
1876,1.2225,0.5,0.1,0.0,0.0015,1.95
1877,1.222,0.0,0.0,0.0,0.0,1.95
1878,1.222,0.0,0.0,0.0,0.0,1.95
1879,1.222,0.0,0.0,0.0,0.0,1.95
1880,1.222,0.0,0.0,0.0,0.0,1.95
1881,1.222,0.0,0.0,0.0,0.0,1.95
1882,1.222,0.0,0.0,0.0,0.0,1.95
1883,1.2225,0.5,0.1,0.0,0.0015,1.95
1884,1.2225,0.5,0.1,0.0,0.0015,1.95
1885,1.2225,0.5,0.1,0.0,0.0015,1.95
1886,1.2225,0.5,0.1,0.0,0.0015,1.95
1887,1.2225,0.5,0.1,0.0,0.0015,1.95
1888,1.2225,0.5,0.1,0.0,0.0015,1.95
1889,1.2225,0.5,0.1,0.0,0.0015,1.95
1890,1.2225,0.5,0.1,0.0,0.0015,1.95
1891,1.222,0.0,0.0,0.0,0.0,1.95
1892,1.222,0.0,0.0,0.0,0.0,1.95
1893,1.222,0.0,0.0,0.0,0.0,1.95
1894,1.2225,0.5,0.1,0.0,0.0015,1.95
1895,1.222,0.0,0.0,0.0,0.0,1.95
1896,1.2225,0.5,0.1,0.0,0.0015,1.95
1897,1.2225,0.5,0.1,0.0,0.0015,1.95
1898,1.2225,0.5,0.1,0.0,0.0015,1.95
1899,1.222,0.0,0.0,0.0,0.0,1.95
1900,1.2225,0.5,0.1,0.0,0.0015,1.95
1901,1.222,0.0,0.0,0.0,0.0,1.95
1902,1.2225,0.5,0.1,0.0,0.0015,1.95
1903,1.2225,0.5,0.1,0.0,0.0015,1.95
1904,1.222,0.0,0.0,0.0,0.0,1.95
1905,1.222,0.0,0.0,0.0,0.0,1.95
1906,1.222,0.0,0.0,0.0,0.0,1.95
1907,1.2225,0.5,0.1,0.0,0.0015,1.95
1908,1.2225,0.5,0.1,0.0,0.0015,1.95
1909,1.222,0.0,0.0,0.0,0.0,1.95
1910,1.2225,0.5,0.1,0.0,0.0015,1.95
1911,1.222,0.0,0.0,0.0,0.0,1.95
1912,1.222,0.0,0.0,0.0,0.0,1.95
1913,1.2225,0.5,0.1,0.0,0.0015,1.95
1914,1.2225,0.5,0.1,0.0,0.0015,1.95
1915,1.222,0.0,0.0,0.0,0.0,1.95
1916,1.222,0.0,0.0,0.0,0.0,1.95
1917,1.222,0.0,0.0,0.0,0.0,1.95
1918,1.2225,0.5,0.1,0.0,0.0015,1.95
1919,1.222,0.0,0.0,0.0,0.0,1.95
1920,1.2225,0.5,0.1,0.0,0.0015,1.95
1921,1.222,0.0,0.0,0.0,0.0,1.95
1922,1.222,0.0,0.0,0.0,0.0,1.95
1923,1.2225,0.5,0.1,0.0,0.0015,1.95
1924,1.222,0.0,0.0,0.0,0.0,1.95
1925,1.2225,0.5,0.1,0.0,0.0015,1.95
1926,1.222,0.0,0.0,0.0,0.0,1.95
1927,1.222,0.0,0.0,0.0,0.0,1.95
1928,1.2225,0.5,0.1,0.0,0.0015,1.95
1929,1.2225,0.5,0.1,0.0,0.0015,1.95
1930,1.2225,0.5,0.1,0.0,0.0015,1.95
1931,1.222,0.0,0.0,0.0,0.0,1.95
1932,1.2225,0.5,0.1,0.0,0.0015,1.95
1933,1.222,0.0,0.0,0.0,0.0,1.95
1934,1.2225,0.5,0.1,0.0,0.0015,1.95
1935,1.222,0.0,0.0,0.0,0.0,1.95
1936,1.222,0.0,0.0,0.0,0.0,1.95
1937,1.2225,0.5,0.1,0.0,0.0015,1.95
1938,1.2225,0.5,0.1,0.0,0.0015,1.95
1939,1.222,0.0,0.0,0.0,0.0,1.95
1940,1.222,0.0,0.0,0.0,0.0,1.95
1941,1.222,0.0,0.0,0.0,0.0,1.95
1942,1.222,0.0,0.0,0.0,0.0,1.95
1943,1.222,0.0,0.0,0.0,0.0,1.95
1944,1.222,0.0,0.0,0.0,0.0,1.95
1945,1.2225,0.5,0.1,0.0,0.0015,1.95
1946,1.2225,0.5,0.1,0.0,0.0015,1.95
1947,1.222,0.0,0.0,0.0,0.0,1.95
1948,1.2225,0.5,0.1,0.0,0.0015,1.95
1949,1.222,0.0,0.0,0.0,0.0,1.95
1950,1.222,0.0,0.0,0.0,0.0,1.95
1951,1.2225,0.5,0.1,0.0,0.0015,1.95
1952,1.2225,0.5,0.1,0.0,0.0015,1.95
1953,1.2225,0.5,0.1,0.0,0.0015,1.95
1954,1.222,0.0,0.0,0.0,0.0,1.95
1955,1.222,0.0,0.0,0.0,0.0,1.95
1956,1.222,0.0,0.0,0.0,0.0,1.95
1957,1.2225,0.5,0.1,0.0,0.0015,1.95
1958,1.222,0.0,0.0,0.0,0.0,1.95
1959,1.2225,0.5,0.1,0.0,0.0015,1.95
1960,1.2225,0.5,0.1,0.0,0.0015,1.95
1961,1.222,0.0,0.0,0.0,0.0,1.95
1962,1.2225,0.5,0.1,0.0,0.0015,1.95
1963,1.222,0.0,0.0,0.0,0.0,1.95
1964,1.222,0.0,0.0,0.0,0.0,1.95
1965,1.2225,0.5,0.1,0.0,0.0015,1.95
1966,1.2225,0.5,0.1,0.0,0.0015,1.95
1967,1.2225,0.5,0.1,0.0,0.0015,1.95
1968,1.222,0.0,0.0,0.0,0.0,1.95
1969,1.222,0.0,0.0,0.0,0.0,1.95
1970,1.222,0.0,0.0,0.0,0.0,1.95
1971,1.222,0.0,0.0,0.0,0.0,1.95
1972,1.2225,0.5,0.1,0.0,0.0015,1.95
1973,1.222,0.0,0.0,0.0,0.0,1.95
1974,1.2225,0.5,0.1,0.0,0.0015,1.95
1975,1.2225,0.5,0.1,0.0,0.0015,1.95
1976,1.222,0.0,0.0,0.0,0.0,1.95
1977,1.222,0.0,0.0,0.0,0.0,1.95
1978,1.222,0.0,0.0,0.0,0.0,1.95
1979,1.222,0.0,0.0,0.0,0.0,1.95
1980,1.2225,0.5,0.1,0.0,0.0015,1.95
1981,1.222,0.0,0.0,0.0,0.0,1.95
1982,1.2225,0.5,0.1,0.0,0.0015,1.95
1983,1.222,0.0,0.0,0.0,0.0,1.95
1984,1.2225,0.5,0.1,0.0,0.0015,1.95
1985,1.222,0.0,0.0,0.0,0.0,1.95
1986,1.2225,0.5,0.1,0.0,0.0015,1.95
1987,1.2225,0.5,0.1,0.0,0.0015,1.95
1988,1.222,0.0,0.0,0.0,0.0,1.95
1989,1.2225,0.5,0.1,0.0,0.0015,1.95
1990,1.2225,0.5,0.1,0.0,0.0015,1.95
1991,1.2225,0.5,0.1,0.0,0.0015,1.95
1992,1.222,0.0,0.0,0.0,0.0,1.95
1993,1.2225,0.5,0.1,0.0,0.0015,1.95
1994,1.222,0.0,0.0,0.0,0.0,1.95
1995,1.2225,0.5,0.1,0.0,0.0015,1.95
1996,1.222,0.0,0.0,0.0,0.0,1.95
1997,1.222,0.0,0.0,0.0,0.0,1.95
1998,1.222,0.0,0.0,0.0,0.0,1.95
1999,1.222,0.0,0.0,0.0,0.0,1.95
2000,1.2225,0.5,0.1,0.0,0.0015,1.95
2001,1.222,0.0,0.0,0.0,0.0,1.95
2002,1.2225,0.5,0.1,0.0,0.0015,1.95
2003,1.2225,0.5,0.1,0.0,0.0015,1.95
2004,1.2225,0.5,0.1,0.0,0.0015,1.95
2005,1.222,0.0,0.0,0.0,0.0,1.95
2006,1.222,0.0,0.0,0.0,0.0,1.95
2007,1.222,0.0,0.0,0.0,0.0,1.95
2008,1.2225,0.5,0.1,0.0,0.0015,1.95
2009,1.2225,0.5,0.1,0.0,0.0015,1.95
2010,1.2225,0.5,0.1,0.0,0.0015,1.95
2011,1.2225,0.5,0.1,0.0,0.0015,1.95
2012,1.2225,0.5,0.1,0.0,0.0015,1.95
2013,1.2225,0.5,0.1,0.0,0.0015,1.95
2014,1.2225,0.5,0.1,0.0,0.0015,1.95
2015,1.2225,0.5,0.1,0.0,0.0015,1.95
2016,1.222,0.0,0.0,0.0,0.0,1.95
2017,1.2225,0.5,0.1,0.0,0.0015,1.95
2018,1.2225,0.5,0.1,0.0,0.0015,1.95
2019,1.2225,0.5,0.1,0.0,0.0015,1.95
2020,1.2225,0.5,0.1,0.0,0.0015,1.95
2021,1.2225,0.5,0.1,0.0,0.0015,1.95
2022,1.2225,0.5,0.1,0.0,0.0015,1.95
2023,1.2225,0.5,0.1,0.0,0.0015,1.95
2024,1.222,0.0,0.0,0.0,0.0,1.95
2025,1.2225,0.5,0.1,0.0,0.0015,1.95
2026,1.222,0.0,0.0,0.0,0.0,1.95
2027,1.2225,0.5,0.1,0.0,0.0015,1.95
2028,1.222,0.0,0.0,0.0,0.0,1.95
2029,1.222,0.0,0.0,0.0,0.0,1.95
2030,1.2225,0.5,0.1,0.0,0.0015,1.95
2031,1.222,0.0,0.0,0.0,0.0,1.95
2032,1.2225,0.5,0.1,0.0,0.0015,1.95
2033,1.2225,0.5,0.1,0.0,0.0015,1.95
2034,1.2225,0.5,0.1,0.0,0.0015,1.95
2035,1.2225,0.5,0.1,0.0,0.0015,1.95
2036,1.222,0.0,0.0,0.0,0.0,1.95
2037,1.2225,0.5,0.1,0.0,0.0015,1.95
2038,1.222,0.0,0.0,0.0,0.0,1.95
2039,1.222,0.0,0.0,0.0,0.0,1.95
2040,1.222,0.0,0.0,0.0,0.0,1.95
2041,1.222,0.0,0.0,0.0,0.0,1.95
2042,1.2225,0.5,0.1,0.0,0.0015,1.95
2043,1.2225,0.5,0.1,0.0,0.0015,1.95
2044,1.2225,0.5,0.1,0.0,0.0015,1.95
2045,1.222,0.0,0.0,0.0,0.0,1.95
2046,1.222,0.0,0.0,0.0,0.0,1.95
2047,1.2225,0.5,0.1,0.0,0.0015,1.95
2048,1.2225,0.5,0.1,0.0,0.0015,1.95
2049,1.2225,0.5,0.1,0.0,0.0015,1.95
2050,1.222,0.0,0.0,0.0,0.0,1.95
2051,1.2225,0.5,0.1,0.0,0.0015,1.95
2052,1.2225,0.5,0.1,0.0,0.0015,1.95
2053,1.222,0.0,0.0,0.0,0.0,1.95
2054,1.222,0.0,0.0,0.0,0.0,1.95
2055,1.222,0.0,0.0,0.0,0.0,1.95
2056,1.2225,0.5,0.1,0.0,0.0015,1.95
2057,1.2225,0.5,0.1,0.0,0.0015,1.95
2058,1.222,0.0,0.0,0.0,0.0,1.95
2059,1.222,0.0,0.0,0.0,0.0,1.95
2060,1.2225,0.5,0.1,0.0,0.0015,1.95
2061,1.2225,0.5,0.1,0.0,0.0015,1.95
2062,1.222,0.0,0.0,0.0,0.0,1.95
2063,1.222,0.0,0.0,0.0,0.0,1.95
2064,1.222,0.0,0.0,0.0,0.0,1.95
2065,1.222,0.0,0.0,0.0,0.0,1.95
2066,1.222,0.0,0.0,0.0,0.0,1.95
2067,1.222,0.0,0.0,0.0,0.0,1.95
2068,1.2225,0.5,0.1,0.0,0.0015,1.95
2069,1.222,0.0,0.0,0.0,0.0,1.95
2070,1.222,0.0,0.0,0.0,0.0,1.95
2071,1.2225,0.5,0.1,0.0,0.0015,1.95
2072,1.2225,0.5,0.1,0.0,0.0015,1.95
2073,1.222,0.0,0.0,0.0,0.0,1.95
2074,1.2225,0.5,0.1,0.0,0.0015,1.95
2075,1.222,0.0,0.0,0.0,0.0,1.95
2076,1.222,0.0,0.0,0.0,0.0,1.95
2077,1.2225,0.5,0.1,0.0,0.0015,1.95
2078,1.2225,0.5,0.1,0.0,0.0015,1.95
2079,1.222,0.0,0.0,0.0,0.0,1.95
2080,1.2225,0.5,0.1,0.0,0.0015,1.95
2081,1.222,0.0,0.0,0.0,0.0,1.95
2082,1.2225,0.5,0.1,0.0,0.0015,1.95
2083,1.2225,0.5,0.1,0.0,0.0015,1.95
2084,1.222,0.0,0.0,0.0,0.0,1.95
2085,1.222,0.0,0.0,0.0,0.0,1.95
2086,1.222,0.0,0.0,0.0,0.0,1.95
2087,1.222,0.0,0.0,0.0,0.0,1.95
2088,1.2225,0.5,0.1,0.0,0.0015,1.95
2089,1.222,0.0,0.0,0.0,0.0,1.95
2090,1.2225,0.5,0.1,0.0,0.0015,1.95
2091,1.222,0.0,0.0,0.0,0.0,1.95
2092,1.2225,0.5,0.1,0.0,0.0015,1.95
2093,1.2225,0.5,0.1,0.0,0.0015,1.95
2094,1.2225,0.5,0.1,0.0,0.0015,1.95
2095,1.222,0.0,0.0,0.0,0.0,1.95
2096,1.222,0.0,0.0,0.0,0.0,1.95
2097,1.222,0.0,0.0,0.0,0.0,1.95
2098,1.2225,0.5,0.1,0.0,0.0015,1.95
2099,1.222,0.0,0.0,0.0,0.0,1.95
2100,1.222,0.0,0.0,0.0,0.0,1.95
2101,1.2225,0.5,0.1,0.0,0.0015,1.95
2102,1.2225,0.5,0.1,0.0,0.0015,1.95
2103,1.222,0.0,0.0,0.0,0.0,1.95
2104,1.2225,0.5,0.1,0.0,0.0015,1.95
2105,1.222,0.0,0.0,0.0,0.0,1.95
2106,1.222,0.0,0.0,0.0,0.0,1.95
2107,1.2225,0.5,0.1,0.0,0.0015,1.95
2108,1.2225,0.5,0.1,0.0,0.0015,1.95
2109,1.2225,0.5,0.1,0.0,0.0015,1.95
2110,1.222,0.0,0.0,0.0,0.0,1.95
2111,1.222,0.0,0.0,0.0,0.0,1.95
2112,1.222,0.0,0.0,0.0,0.0,1.95
2113,1.2225,0.5,0.1,0.0,0.0015,1.95
2114,1.2225,0.5,0.1,0.0,0.0015,1.95
2115,1.222,0.0,0.0,0.0,0.0,1.95
2116,1.222,0.0,0.0,0.0,0.0,1.95
2117,1.2225,0.5,0.1,0.0,0.0015,1.95
2118,1.2225,0.5,0.1,0.0,0.0015,1.95
2119,1.222,0.0,0.0,0.0,0.0,1.95
2120,1.222,0.0,0.0,0.0,0.0,1.95
2121,1.2225,0.5,0.1,0.0,0.0015,1.95
2122,1.2225,0.5,0.1,0.0,0.0015,1.95
2123,1.222,0.0,0.0,0.0,0.0,1.95
2124,1.2225,0.5,0.1,0.0,0.0015,1.95
2125,1.222,0.0,0.0,0.0,0.0,1.95
2126,1.222,0.0,0.0,0.0,0.0,1.95
2127,1.2225,0.5,0.1,0.0,0.0015,1.95
2128,1.2225,0.5,0.1,0.0,0.0015,1.95
2129,1.2225,0.5,0.1,0.0,0.0015,1.95
2130,1.222,0.0,0.0,0.0,0.0,1.95
2131,1.222,0.0,0.0,0.0,0.0,1.95
2132,1.222,0.0,0.0,0.0,0.0,1.95
2133,1.2225,0.5,0.1,0.0,0.0015,1.95
2134,1.222,0.0,0.0,0.0,0.0,1.95
2135,1.222,0.0,0.0,0.0,0.0,1.95
2136,1.2225,0.5,0.1,0.0,0.0015,1.95
2137,1.222,0.0,0.0,0.0,0.0,1.95
2138,1.2225,0.5,0.1,0.0,0.0015,1.95
2139,1.2225,0.5,0.1,0.0,0.0015,1.95
2140,1.222,0.0,0.0,0.0,0.0,1.95
2141,1.2225,0.5,0.1,0.0,0.0015,1.95
2142,1.222,0.0,0.0,0.0,0.0,1.95
2143,1.2225,0.5,0.1,0.0,0.0015,1.95
2144,1.2225,0.5,0.1,0.0,0.0015,1.95
2145,1.2225,0.5,0.1,0.0,0.0015,1.95
2146,1.222,0.0,0.0,0.0,0.0,1.95
2147,1.222,0.0,0.0,0.0,0.0,1.95
2148,1.2225,0.5,0.1,0.0,0.0015,1.95
2149,1.222,0.0,0.0,0.0,0.0,1.95
2150,1.222,0.0,0.0,0.0,0.0,1.95
2151,1.2225,0.5,0.1,0.0,0.0015,1.95
2152,1.2225,0.5,0.1,0.0,0.0015,1.95
2153,1.2225,0.5,0.1,0.0,0.0015,1.95
2154,1.2225,0.5,0.1,0.0,0.0015,1.95
2155,1.2225,0.5,0.1,0.0,0.0015,1.95
2156,1.2225,0.5,0.1,0.0,0.0015,1.95
2157,1.2225,0.5,0.1,0.0,0.0015,1.95
2158,1.222,0.0,0.0,0.0,0.0,1.95
2159,1.2225,0.5,0.1,0.0,0.0015,1.95
2160,1.222,0.0,0.0,0.0,0.0,1.95
2161,1.222,0.0,0.0,0.0,0.0,1.95
2162,1.222,0.0,0.0,0.0,0.0,1.95
2163,1.222,0.0,0.0,0.0,0.0,1.95
2164,1.222,0.0,0.0,0.0,0.0,1.95
2165,1.222,0.0,0.0,0.0,0.0,1.95
2166,1.222,0.0,0.0,0.0,0.0,1.95
2167,1.2225,0.5,0.1,0.0,0.0015,1.95
2168,1.222,0.0,0.0,0.0,0.0,1.95
2169,1.2225,0.5,0.1,0.0,0.0015,1.95
2170,1.2225,0.5,0.1,0.0,0.0015,1.95
2171,1.2225,0.5,0.1,0.0,0.0015,1.95
2172,1.2225,0.5,0.1,0.0,0.0015,1.95
2173,1.222,0.0,0.0,0.0,0.0,1.95
2174,1.2225,0.5,0.1,0.0,0.0015,1.95
2175,1.2225,0.5,0.1,0.0,0.0015,1.95
2176,1.222,0.0,0.0,0.0,0.0,1.95
2177,1.2225,0.5,0.1,0.0,0.0015,1.95
2178,1.2225,0.5,0.1,0.0,0.0015,1.95
2179,1.222,0.0,0.0,0.0,0.0,1.95
2180,1.2225,0.5,0.1,0.0,0.0015,1.95
2181,1.222,0.0,0.0,0.0,0.0,1.95
2182,1.222,0.0,0.0,0.0,0.0,1.95
2183,1.2225,0.5,0.1,0.0,0.0015,1.95
2184,1.2225,0.5,0.1,0.0,0.0015,1.95
2185,1.222,0.0,0.0,0.0,0.0,1.95
2186,1.2225,0.5,0.1,0.0,0.0015,1.95
2187,1.2225,0.5,0.1,0.0,0.0015,1.95
2188,1.2225,0.5,0.1,0.0,0.0015,1.95
2189,1.222,0.0,0.0,0.0,0.0,1.95
2190,1.222,0.0,0.0,0.0,0.0,1.95
2191,1.222,0.0,0.0,0.0,0.0,1.95
2192,1.2225,0.5,0.1,0.0,0.0015,1.95
2193,1.222,0.0,0.0,0.0,0.0,1.95
2194,1.222,0.0,0.0,0.0,0.0,1.95
2195,1.2225,0.5,0.1,0.0,0.0015,1.95
2196,1.2225,0.5,0.1,0.0,0.0015,1.95
2197,1.2225,0.5,0.1,0.0,0.0015,1.95
2198,1.222,0.0,0.0,0.0,0.0,1.95
2199,1.2225,0.5,0.1,0.0,0.0015,1.95
2200,1.2225,0.5,0.1,0.0,0.0015,1.95
2201,1.2225,0.5,0.1,0.0,0.0015,1.95
2202,1.222,0.0,0.0,0.0,0.0,1.95
2203,1.2225,0.5,0.1,0.0,0.0015,1.95
2204,1.222,0.0,0.0,0.0,0.0,1.95
2205,1.2225,0.5,0.1,0.0,0.0015,1.95
2206,1.222,0.0,0.0,0.0,0.0,1.95
2207,1.2225,0.5,0.1,0.0,0.0015,1.95
2208,1.2225,0.5,0.1,0.0,0.0015,1.95
2209,1.2225,0.5,0.1,0.0,0.0015,1.95
2210,1.2225,0.5,0.1,0.0,0.0015,1.95
2211,1.222,0.0,0.0,0.0,0.0,1.95
2212,1.222,0.0,0.0,0.0,0.0,1.95
2213,1.222,0.0,0.0,0.0,0.0,1.95
2214,1.2225,0.5,0.1,0.0,0.0015,1.95
2215,1.2225,0.5,0.1,0.0,0.0015,1.95
2216,1.2225,0.5,0.1,0.0,0.0015,1.95
2217,1.2225,0.5,0.1,0.0,0.0015,1.95
2218,1.222,0.0,0.0,0.0,0.0,1.95
2219,1.222,0.0,0.0,0.0,0.0,1.95
2220,1.2225,0.5,0.1,0.0,0.0015,1.95
2221,1.2225,0.5,0.1,0.0,0.0015,1.95
2222,1.222,0.0,0.0,0.0,0.0,1.95
2223,1.222,0.0,0.0,0.0,0.0,1.95
2224,1.2225,0.5,0.1,0.0,0.0015,1.95
2225,1.222,0.0,0.0,0.0,0.0,1.95
2226,1.2225,0.5,0.1,0.0,0.0015,1.95
2227,1.2225,0.5,0.1,0.0,0.0015,1.95
2228,1.2225,0.5,0.1,0.0,0.0015,1.95
2229,1.2225,0.5,0.1,0.0,0.0015,1.95
2230,1.222,0.0,0.0,0.0,0.0,1.95
2231,1.222,0.0,0.0,0.0,0.0,1.95
2232,1.222,0.0,0.0,0.0,0.0,1.95
2233,1.222,0.0,0.0,0.0,0.0,1.95
2234,1.2225,0.5,0.1,0.0,0.0015,1.95
2235,1.222,0.0,0.0,0.0,0.0,1.95
2236,1.222,0.0,0.0,0.0,0.0,1.95
2237,1.2225,0.5,0.1,0.0,0.0015,1.95
2238,1.2225,0.5,0.1,0.0,0.0015,1.95
2239,1.222,0.0,0.0,0.0,0.0,1.95
2240,1.2225,0.5,0.1,0.0,0.0015,1.95
2241,1.2225,0.5,0.1,0.0,0.0015,1.95
2242,1.222,0.0,0.0,0.0,0.0,1.95
2243,1.222,0.0,0.0,0.0,0.0,1.95
2244,1.2225,0.5,0.1,0.0,0.0015,1.95
2245,1.222,0.0,0.0,0.0,0.0,1.95
2246,1.2225,0.5,0.1,0.0,0.0015,1.95
2247,1.2225,0.5,0.1,0.0,0.0015,1.95
2248,1.222,0.0,0.0,0.0,0.0,1.95
2249,1.222,0.0,0.0,0.0,0.0,1.95
2250,1.2225,0.5,0.1,0.0,0.0015,1.95
2251,1.2225,0.5,0.1,0.0,0.0015,1.95
2252,1.222,0.0,0.0,0.0,0.0,1.95
2253,1.222,0.0,0.0,0.0,0.0,1.95
2254,1.222,0.0,0.0,0.0,0.0,1.95
2255,1.2225,0.5,0.1,0.0,0.0015,1.95
2256,1.222,0.0,0.0,0.0,0.0,1.95
2257,1.2225,0.5,0.1,0.0,0.0015,1.95
2258,1.2225,0.5,0.1,0.0,0.0015,1.95
2259,1.222,0.0,0.0,0.0,0.0,1.95
2260,1.2225,0.5,0.1,0.0,0.0015,1.95
2261,1.2225,0.5,0.1,0.0,0.0015,1.95
2262,1.2225,0.5,0.1,0.0,0.0015,1.95
2263,1.2225,0.5,0.1,0.0,0.0015,1.95
2264,1.222,0.0,0.0,0.0,0.0,1.95
2265,1.222,0.0,0.0,0.0,0.0,1.95
2266,1.2225,0.5,0.1,0.0,0.0015,1.95
2267,1.222,0.0,0.0,0.0,0.0,1.95
2268,1.222,0.0,0.0,0.0,0.0,1.95
2269,1.222,0.0,0.0,0.0,0.0,1.95
2270,1.2225,0.5,0.1,0.0,0.0015,1.95
2271,1.2225,0.5,0.1,0.0,0.0015,1.95
2272,1.2225,0.5,0.1,0.0,0.0015,1.95
2273,1.222,0.0,0.0,0.0,0.0,1.95
2274,1.2225,0.5,0.1,0.0,0.0015,1.95
2275,1.222,0.0,0.0,0.0,0.0,1.95
2276,1.222,0.0,0.0,0.0,0.0,1.95
2277,1.2225,0.5,0.1,0.0,0.0015,1.95
2278,1.2225,0.5,0.1,0.0,0.0015,1.95
2279,1.222,0.0,0.0,0.0,0.0,1.95
2280,1.2225,0.5,0.1,0.0,0.0015,1.95
2281,1.222,0.0,0.0,0.0,0.0,1.95
2282,1.222,0.0,0.0,0.0,0.0,1.95
2283,1.222,0.0,0.0,0.0,0.0,1.95
2284,1.222,0.0,0.0,0.0,0.0,1.95
2285,1.222,0.0,0.0,0.0,0.0,1.95
2286,1.2225,0.5,0.1,0.0,0.0015,1.95
2287,1.2225,0.5,0.1,0.0,0.0015,1.95
2288,1.2225,0.5,0.1,0.0,0.0015,1.95
2289,1.2225,0.5,0.1,0.0,0.0015,1.95
2290,1.222,0.0,0.0,0.0,0.0,1.95
2291,1.2225,0.5,0.1,0.0,0.0015,1.95
2292,1.222,0.0,0.0,0.0,0.0,1.95
2293,1.2225,0.5,0.1,0.0,0.0015,1.95
2294,1.2225,0.5,0.1,0.0,0.0015,1.95
2295,1.222,0.0,0.0,0.0,0.0,1.95
2296,1.2225,0.5,0.1,0.0,0.0015,1.95
2297,1.2225,0.5,0.1,0.0,0.0015,1.95
2298,1.2225,0.5,0.1,0.0,0.0015,1.95
2299,1.222,0.0,0.0,0.0,0.0,1.95
2300,1.222,0.0,0.0,0.0,0.0,1.95
2301,1.2225,0.5,0.1,0.0,0.0015,1.95
2302,1.222,0.0,0.0,0.0,0.0,1.95
2303,1.2225,0.5,0.1,0.0,0.0015,1.95
2304,1.2225,0.5,0.1,0.0,0.0015,1.95
2305,1.222,0.0,0.0,0.0,0.0,1.95
2306,1.2225,0.5,0.1,0.0,0.0015,1.95
2307,1.2225,0.5,0.1,0.0,0.0015,1.95
2308,1.222,0.0,0.0,0.0,0.0,1.95
2309,1.2225,0.5,0.1,0.0,0.0015,1.95
2310,1.2225,0.5,0.1,0.0,0.0015,1.95
2311,1.222,0.0,0.0,0.0,0.0,1.95
2312,1.222,0.0,0.0,0.0,0.0,1.95
2313,1.2225,0.5,0.1,0.0,0.0015,1.95
2314,1.222,0.0,0.0,0.0,0.0,1.95
2315,1.2225,0.5,0.1,0.0,0.0015,1.95
2316,1.2225,0.5,0.1,0.0,0.0015,1.95
2317,1.222,0.0,0.0,0.0,0.0,1.95
2318,1.2225,0.5,0.1,0.0,0.0015,1.95
2319,1.222,0.0,0.0,0.0,0.0,1.95
2320,1.222,0.0,0.0,0.0,0.0,1.95
2321,1.222,0.0,0.0,0.0,0.0,1.95
2322,1.2225,0.5,0.1,0.0,0.0015,1.95
2323,1.222,0.0,0.0,0.0,0.0,1.95
2324,1.2225,0.5,0.1,0.0,0.0015,1.95
2325,1.222,0.0,0.0,0.0,0.0,1.95
2326,1.222,0.0,0.0,0.0,0.0,1.95
2327,1.222,0.0,0.0,0.0,0.0,1.95
2328,1.222,0.0,0.0,0.0,0.0,1.95
2329,1.222,0.0,0.0,0.0,0.0,1.95
2330,1.222,0.0,0.0,0.0,0.0,1.95
2331,1.222,0.0,0.0,0.0,0.0,1.95
2332,1.2225,0.5,0.1,0.0,0.0015,1.95
2333,1.2225,0.5,0.1,0.0,0.0015,1.95
2334,1.222,0.0,0.0,0.0,0.0,1.95
2335,1.2225,0.5,0.1,0.0,0.0015,1.95
2336,1.2225,0.5,0.1,0.0,0.0015,1.95
2337,1.2225,0.5,0.1,0.0,0.0015,1.95
2338,1.2225,0.5,0.1,0.0,0.0015,1.95
2339,1.222,0.0,0.0,0.0,0.0,1.95
2340,1.222,0.0,0.0,0.0,0.0,1.95
2341,1.2225,0.5,0.1,0.0,0.0015,1.95
2342,1.222,0.0,0.0,0.0,0.0,1.95
2343,1.222,0.0,0.0,0.0,0.0,1.95
2344,1.2225,0.5,0.1,0.0,0.0015,1.95
2345,1.222,0.0,0.0,0.0,0.0,1.95
2346,1.2225,0.5,0.1,0.0,0.0015,1.95
2347,1.2225,0.5,0.1,0.0,0.0015,1.95
2348,1.2225,0.5,0.1,0.0,0.0015,1.95
2349,1.2225,0.5,0.1,0.0,0.0015,1.95
2350,1.222,0.0,0.0,0.0,0.0,1.95
2351,1.222,0.0,0.0,0.0,0.0,1.95
2352,1.2225,0.5,0.1,0.0,0.0015,1.95
2353,1.222,0.0,0.0,0.0,0.0,1.95
2354,1.222,0.0,0.0,0.0,0.0,1.95
2355,1.222,0.0,0.0,0.0,0.0,1.95
2356,1.2225,0.5,0.1,0.0,0.0015,1.95
2357,1.2225,0.5,0.1,0.0,0.0015,1.95
2358,1.2225,0.5,0.1,0.0,0.0015,1.95
2359,1.222,0.0,0.0,0.0,0.0,1.95
2360,1.222,0.0,0.0,0.0,0.0,1.95
2361,1.222,0.0,0.0,0.0,0.0,1.95
2362,1.222,0.0,0.0,0.0,0.0,1.95
2363,1.222,0.0,0.0,0.0,0.0,1.95
2364,1.2225,0.5,0.1,0.0,0.0015,1.95
2365,1.2225,0.5,0.1,0.0,0.0015,1.95
2366,1.2225,0.5,0.1,0.0,0.0015,1.95
2367,1.222,0.0,0.0,0.0,0.0,1.95
2368,1.2225,0.5,0.1,0.0,0.0015,1.95
2369,1.222,0.0,0.0,0.0,0.0,1.95
2370,1.2225,0.5,0.1,0.0,0.0015,1.95
2371,1.222,0.0,0.0,0.0,0.0,1.95
2372,1.2225,0.5,0.1,0.0,0.0015,1.95
2373,1.222,0.0,0.0,0.0,0.0,1.95
2374,1.2225,0.5,0.1,0.0,0.0015,1.95
2375,1.2225,0.5,0.1,0.0,0.0015,1.95
2376,1.222,0.0,0.0,0.0,0.0,1.95
2377,1.222,0.0,0.0,0.0,0.0,1.95
2378,1.222,0.0,0.0,0.0,0.0,1.95
2379,1.222,0.0,0.0,0.0,0.0,1.95
2380,1.2225,0.5,0.1,0.0,0.0015,1.95
2381,1.2225,0.5,0.1,0.0,0.0015,1.95
2382,1.222,0.0,0.0,0.0,0.0,1.95
2383,1.2225,0.5,0.1,0.0,0.0015,1.95
2384,1.222,0.0,0.0,0.0,0.0,1.95
2385,1.2225,0.5,0.1,0.0,0.0015,1.95
2386,1.2225,0.5,0.1,0.0,0.0015,1.95
2387,1.2225,0.5,0.1,0.0,0.0015,1.95
2388,1.2225,0.5,0.1,0.0,0.0015,1.95
2389,1.222,0.0,0.0,0.0,0.0,1.95
2390,1.222,0.0,0.0,0.0,0.0,1.95
2391,1.222,0.0,0.0,0.0,0.0,1.95
2392,1.222,0.0,0.0,0.0,0.0,1.95
2393,1.2225,0.5,0.1,0.0,0.0015,1.95
2394,1.2225,0.5,0.1,0.0,0.0015,1.95
2395,1.2225,0.5,0.1,0.0,0.0015,1.95
2396,1.222,0.0,0.0,0.0,0.0,1.95
2397,1.222,0.0,0.0,0.0,0.0,1.95
2398,1.2225,0.5,0.1,0.0,0.0015,1.95
2399,1.222,0.0,0.0,0.0,0.0,1.95
2400,1.222,0.0,0.0,0.0,0.0,1.95
2401,1.2225,0.5,0.1,0.0,0.0015,1.95
2402,1.2225,0.5,0.1,0.0,0.0015,1.95
2403,1.222,0.0,0.0,0.0,0.0,1.95
2404,1.2225,0.5,0.1,0.0,0.0015,1.95
2405,1.2225,0.5,0.1,0.0,0.0015,1.95
2406,1.222,0.0,0.0,0.0,0.0,1.95
2407,1.222,0.0,0.0,0.0,0.0,1.95
2408,1.2225,0.5,0.1,0.0,0.0015,1.95
2409,1.2225,0.5,0.1,0.0,0.0015,1.95
2410,1.222,0.0,0.0,0.0,0.0,1.95
2411,1.2225,0.5,0.1,0.0,0.0015,1.95
2412,1.2225,0.5,0.1,0.0,0.0015,1.95
2413,1.2225,0.5,0.1,0.0,0.0015,1.95
2414,1.222,0.0,0.0,0.0,0.0,1.95
2415,1.2225,0.5,0.1,0.0,0.0015,1.95
2416,1.2225,0.5,0.1,0.0,0.0015,1.95
2417,1.2225,0.5,0.1,0.0,0.0015,1.95
2418,1.2225,0.5,0.1,0.0,0.0015,1.95
2419,1.222,0.0,0.0,0.0,0.0,1.95
2420,1.222,0.0,0.0,0.0,0.0,1.95
2421,1.222,0.0,0.0,0.0,0.0,1.95
2422,1.222,0.0,0.0,0.0,0.0,1.95
2423,1.222,0.0,0.0,0.0,0.0,1.95
2424,1.222,0.0,0.0,0.0,0.0,1.95
2425,1.2225,0.5,0.1,0.0,0.0015,1.95
2426,1.2225,0.5,0.1,0.0,0.0015,1.95
2427,1.222,0.0,0.0,0.0,0.0,1.95
2428,1.2225,0.5,0.1,0.0,0.0015,1.95
2429,1.222,0.0,0.0,0.0,0.0,1.95
2430,1.222,0.0,0.0,0.0,0.0,1.95
2431,1.222,0.0,0.0,0.0,0.0,1.95
2432,1.2225,0.5,0.1,0.0,0.0015,1.95
2433,1.2225,0.5,0.1,0.0,0.0015,1.95
2434,1.2225,0.5,0.1,0.0,0.0015,1.95
2435,1.222,0.0,0.0,0.0,0.0,1.95
2436,1.2225,0.5,0.1,0.0,0.0015,1.95
2437,1.2225,0.5,0.1,0.0,0.0015,1.95
2438,1.2225,0.5,0.1,0.0,0.0015,1.95
2439,1.222,0.0,0.0,0.0,0.0,1.95
2440,1.2225,0.5,0.1,0.0,0.0015,1.95
2441,1.2225,0.5,0.1,0.0,0.0015,1.95
2442,1.2225,0.5,0.1,0.0,0.0015,1.95
2443,1.2225,0.5,0.1,0.0,0.0015,1.95
2444,1.2225,0.5,0.1,0.0,0.0015,1.95
2445,1.2225,0.5,0.1,0.0,0.0015,1.95
2446,1.2225,0.5,0.1,0.0,0.0015,1.95
2447,1.2225,0.5,0.1,0.0,0.0015,1.95
2448,1.222,0.0,0.0,0.0,0.0,1.95
2449,1.2225,0.5,0.1,0.0,0.0015,1.95
2450,1.222,0.0,0.0,0.0,0.0,1.95
2451,1.222,0.0,0.0,0.0,0.0,1.95
2452,1.2225,0.5,0.1,0.0,0.0015,1.95
2453,1.2225,0.5,0.1,0.0,0.0015,1.95
2454,1.222,0.0,0.0,0.0,0.0,1.95
2455,1.2225,0.5,0.1,0.0,0.0015,1.95
2456,1.222,0.0,0.0,0.0,0.0,1.95
2457,1.2225,0.5,0.1,0.0,0.0015,1.95
2458,1.2225,0.5,0.1,0.0,0.0015,1.95
2459,1.222,0.0,0.0,0.0,0.0,1.95
2460,1.222,0.0,0.0,0.0,0.0,1.95
2461,1.222,0.0,0.0,0.0,0.0,1.95
2462,1.2225,0.5,0.1,0.0,0.0015,1.95
2463,1.222,0.0,0.0,0.0,0.0,1.95
2464,1.222,0.0,0.0,0.0,0.0,1.95
2465,1.2225,0.5,0.1,0.0,0.0015,1.95
2466,1.2225,0.5,0.1,0.0,0.0015,1.95
2467,1.222,0.0,0.0,0.0,0.0,1.95
2468,1.222,0.0,0.0,0.0,0.0,1.95
2469,1.222,0.0,0.0,0.0,0.0,1.95
2470,1.2225,0.5,0.1,0.0,0.0015,1.95
2471,1.2225,0.5,0.1,0.0,0.0015,1.95
2472,1.222,0.0,0.0,0.0,0.0,1.95
2473,1.2225,0.5,0.1,0.0,0.0015,1.95
2474,1.222,0.0,0.0,0.0,0.0,1.95
2475,1.2225,0.5,0.1,0.0,0.0015,1.95
2476,1.2225,0.5,0.1,0.0,0.0015,1.95
2477,1.222,0.0,0.0,0.0,0.0,1.95
2478,1.222,0.0,0.0,0.0,0.0,1.95
2479,1.222,0.0,0.0,0.0,0.0,1.95
2480,1.2225,0.5,0.1,0.0,0.0015,1.95
2481,1.2225,0.5,0.1,0.0,0.0015,1.95
2482,1.2225,0.5,0.1,0.0,0.0015,1.95
2483,1.222,0.0,0.0,0.0,0.0,1.95
2484,1.2225,0.5,0.1,0.0,0.0015,1.95
2485,1.2225,0.5,0.1,0.0,0.0015,1.95
2486,1.222,0.0,0.0,0.0,0.0,1.95
2487,1.222,0.0,0.0,0.0,0.0,1.95
2488,1.222,0.0,0.0,0.0,0.0,1.95
2489,1.2225,0.5,0.1,0.0,0.0015,1.95
2490,1.222,0.0,0.0,0.0,0.0,1.95
2491,1.222,0.0,0.0,0.0,0.0,1.95
2492,1.2225,0.5,0.1,0.0,0.0015,1.95
2493,1.2225,0.5,0.1,0.0,0.0015,1.95
2494,1.2225,0.5,0.1,0.0,0.0015,1.95
2495,1.222,0.0,0.0,0.0,0.0,1.95
2496,1.2225,0.5,0.1,0.0,0.0015,1.95
2497,1.222,0.0,0.0,0.0,0.0,1.95
2498,1.222,0.0,0.0,0.0,0.0,1.95
2499,1.222,0.0,0.0,0.0,0.0,1.95
2500,1.222,0.0,0.0,0.0,0.0,1.95
2501,1.2225,0.5,0.1,0.0,0.0015,1.95
2502,1.2225,0.5,0.1,0.0,0.0015,1.95
2503,1.222,0.0,0.0,0.0,0.0,1.95
2504,1.222,0.0,0.0,0.0,0.0,1.95
2505,1.2225,0.5,0.1,0.0,0.0015,1.95
2506,1.2225,0.5,0.1,0.0,0.0015,1.95
2507,1.2225,0.5,0.1,0.0,0.0015,1.95
2508,1.2225,0.5,0.1,0.0,0.0015,1.95
2509,1.222,0.0,0.0,0.0,0.0,1.95
2510,1.222,0.0,0.0,0.0,0.0,1.95
2511,1.222,0.0,0.0,0.0,0.0,1.95
2512,1.222,0.0,0.0,0.0,0.0,1.95
2513,1.2225,0.5,0.1,0.0,0.0015,1.95
2514,1.222,0.0,0.0,0.0,0.0,1.95
2515,1.222,0.0,0.0,0.0,0.0,1.95
2516,1.222,0.0,0.0,0.0,0.0,1.95
2517,1.222,0.0,0.0,0.0,0.0,1.95
2518,1.2225,0.5,0.1,0.0,0.0015,1.95
2519,1.222,0.0,0.0,0.0,0.0,1.95
2520,1.2225,0.5,0.1,0.0,0.0015,1.95
2521,1.222,0.0,0.0,0.0,0.0,1.95
2522,1.222,0.0,0.0,0.0,0.0,1.95
2523,1.222,0.0,0.0,0.0,0.0,1.95
2524,1.222,0.0,0.0,0.0,0.0,1.95
2525,1.222,0.0,0.0,0.0,0.0,1.95
2526,1.222,0.0,0.0,0.0,0.0,1.95
2527,1.2225,0.5,0.1,0.0,0.0015,1.95
2528,1.2225,0.5,0.1,0.0,0.0015,1.95
2529,1.222,0.0,0.0,0.0,0.0,1.95
2530,1.222,0.0,0.0,0.0,0.0,1.95
2531,1.222,0.0,0.0,0.0,0.0,1.95
2532,1.2225,0.5,0.1,0.0,0.0015,1.95
2533,1.222,0.0,0.0,0.0,0.0,1.95
2534,1.222,0.0,0.0,0.0,0.0,1.95
2535,1.222,0.0,0.0,0.0,0.0,1.95
2536,1.2225,0.5,0.1,0.0,0.0015,1.95
2537,1.222,0.0,0.0,0.0,0.0,1.95
2538,1.2225,0.5,0.1,0.0,0.0015,1.95
2539,1.2225,0.5,0.1,0.0,0.0015,1.95
2540,1.222,0.0,0.0,0.0,0.0,1.95
2541,1.222,0.0,0.0,0.0,0.0,1.95
2542,1.2225,0.5,0.1,0.0,0.0015,1.95
2543,1.222,0.0,0.0,0.0,0.0,1.95
2544,1.2225,0.5,0.1,0.0,0.0015,1.95
2545,1.2225,0.5,0.1,0.0,0.0015,1.95
2546,1.2225,0.5,0.1,0.0,0.0015,1.95
2547,1.222,0.0,0.0,0.0,0.0,1.95
2548,1.2225,0.5,0.1,0.0,0.0015,1.95
2549,1.2225,0.5,0.1,0.0,0.0015,1.95
2550,1.2225,0.5,0.1,0.0,0.0015,1.95
2551,1.222,0.0,0.0,0.0,0.0,1.95
2552,1.222,0.0,0.0,0.0,0.0,1.95
2553,1.2225,0.5,0.1,0.0,0.0015,1.95
2554,1.222,0.0,0.0,0.0,0.0,1.95
2555,1.222,0.0,0.0,0.0,0.0,1.95
2556,1.2225,0.5,0.1,0.0,0.0015,1.95
2557,1.222,0.0,0.0,0.0,0.0,1.95
2558,1.222,0.0,0.0,0.0,0.0,1.95
2559,1.222,0.0,0.0,0.0,0.0,1.95
2560,1.222,0.0,0.0,0.0,0.0,1.95
2561,1.222,0.0,0.0,0.0,0.0,1.95
2562,1.222,0.0,0.0,0.0,0.0,1.95
2563,1.222,0.0,0.0,0.0,0.0,1.95
2564,1.222,0.0,0.0,0.0,0.0,1.95
2565,1.222,0.0,0.0,0.0,0.0,1.95
2566,1.222,0.0,0.0,0.0,0.0,1.95
2567,1.222,0.0,0.0,0.0,0.0,1.95
2568,1.2225,0.5,0.1,0.0,0.0015,1.95
2569,1.222,0.0,0.0,0.0,0.0,1.95
2570,1.222,0.0,0.0,0.0,0.0,1.95
2571,1.2225,0.5,0.1,0.0,0.0015,1.95
2572,1.2225,0.5,0.1,0.0,0.0015,1.95
2573,1.2225,0.5,0.1,0.0,0.0015,1.95
2574,1.222,0.0,0.0,0.0,0.0,1.95
2575,1.2225,0.5,0.1,0.0,0.0015,1.95
2576,1.2225,0.5,0.1,0.0,0.0015,1.95
2577,1.2225,0.5,0.1,0.0,0.0015,1.95
2578,1.222,0.0,0.0,0.0,0.0,1.95
2579,1.2225,0.5,0.1,0.0,0.0015,1.95
2580,1.2225,0.5,0.1,0.0,0.0015,1.95
2581,1.222,0.0,0.0,0.0,0.0,1.95
2582,1.2225,0.5,0.1,0.0,0.0015,1.95
2583,1.222,0.0,0.0,0.0,0.0,1.95
2584,1.222,0.0,0.0,0.0,0.0,1.95
2585,1.222,0.0,0.0,0.0,0.0,1.95
2586,1.2225,0.5,0.1,0.0,0.0015,1.95
2587,1.2225,0.5,0.1,0.0,0.0015,1.95
2588,1.2225,0.5,0.1,0.0,0.0015,1.95
2589,1.222,0.0,0.0,0.0,0.0,1.95
2590,1.2225,0.5,0.1,0.0,0.0015,1.95
2591,1.222,0.0,0.0,0.0,0.0,1.95
2592,1.222,0.0,0.0,0.0,0.0,1.95
2593,1.222,0.0,0.0,0.0,0.0,1.95
2594,1.2225,0.5,0.1,0.0,0.0015,1.95
2595,1.2225,0.5,0.1,0.0,0.0015,1.95
2596,1.222,0.0,0.0,0.0,0.0,1.95
2597,1.222,0.0,0.0,0.0,0.0,1.95
2598,1.2225,0.5,0.1,0.0,0.0015,1.95
2599,1.2225,0.5,0.1,0.0,0.0015,1.95
2600,1.222,0.0,0.0,0.0,0.0,1.95
2601,1.2225,0.5,0.1,0.0,0.0015,1.95
2602,1.222,0.0,0.0,0.0,0.0,1.95
2603,1.222,0.0,0.0,0.0,0.0,1.95
2604,1.2225,0.5,0.1,0.0,0.0015,1.95
2605,1.2225,0.5,0.1,0.0,0.0015,1.95
2606,1.2225,0.5,0.1,0.0,0.0015,1.95
2607,1.222,0.0,0.0,0.0,0.0,1.95
2608,1.222,0.0,0.0,0.0,0.0,1.95
2609,1.222,0.0,0.0,0.0,0.0,1.95
2610,1.222,0.0,0.0,0.0,0.0,1.95
2611,1.2225,0.5,0.1,0.0,0.0015,1.95
2612,1.222,0.0,0.0,0.0,0.0,1.95
2613,1.222,0.0,0.0,0.0,0.0,1.95
2614,1.2225,0.5,0.1,0.0,0.0015,1.95
2615,1.2225,0.5,0.1,0.0,0.0015,1.95
2616,1.2225,0.5,0.1,0.0,0.0015,1.95
2617,1.222,0.0,0.0,0.0,0.0,1.95
2618,1.222,0.0,0.0,0.0,0.0,1.95
2619,1.222,0.0,0.0,0.0,0.0,1.95
2620,1.222,0.0,0.0,0.0,0.0,1.95
2621,1.222,0.0,0.0,0.0,0.0,1.95
2622,1.2225,0.5,0.1,0.0,0.0015,1.95
2623,1.222,0.0,0.0,0.0,0.0,1.95
2624,1.2225,0.5,0.1,0.0,0.0015,1.95
2625,1.222,0.0,0.0,0.0,0.0,1.95
2626,1.2225,0.5,0.1,0.0,0.0015,1.95
2627,1.222,0.0,0.0,0.0,0.0,1.95
2628,1.222,0.0,0.0,0.0,0.0,1.95
2629,1.2225,0.5,0.1,0.0,0.0015,1.95
2630,1.2225,0.5,0.1,0.0,0.0015,1.95
2631,1.2225,0.5,0.1,0.0,0.0015,1.95
2632,1.222,0.0,0.0,0.0,0.0,1.95
2633,1.222,0.0,0.0,0.0,0.0,1.95
2634,1.2225,0.5,0.1,0.0,0.0015,1.95
2635,1.222,0.0,0.0,0.0,0.0,1.95
2636,1.2225,0.5,0.1,0.0,0.0015,1.95
2637,1.2225,0.5,0.1,0.0,0.0015,1.95
2638,1.2225,0.5,0.1,0.0,0.0015,1.95
2639,1.222,0.0,0.0,0.0,0.0,1.95
2640,1.222,0.0,0.0,0.0,0.0,1.95
2641,1.222,0.0,0.0,0.0,0.0,1.95
2642,1.2225,0.5,0.1,0.0,0.0015,1.95
2643,1.222,0.0,0.0,0.0,0.0,1.95
2644,1.222,0.0,0.0,0.0,0.0,1.95
2645,1.2225,0.5,0.1,0.0,0.0015,1.95
2646,1.2225,0.5,0.1,0.0,0.0015,1.95
2647,1.222,0.0,0.0,0.0,0.0,1.95
2648,1.2225,0.5,0.1,0.0,0.0015,1.95
2649,1.222,0.0,0.0,0.0,0.0,1.95
2650,1.222,0.0,0.0,0.0,0.0,1.95
2651,1.2225,0.5,0.1,0.0,0.0015,1.95
2652,1.2225,0.5,0.1,0.0,0.0015,1.95
2653,1.222,0.0,0.0,0.0,0.0,1.95
2654,1.222,0.0,0.0,0.0,0.0,1.95
2655,1.222,0.0,0.0,0.0,0.0,1.95
2656,1.2225,0.5,0.1,0.0,0.0015,1.95
2657,1.222,0.0,0.0,0.0,0.0,1.95
2658,1.2225,0.5,0.1,0.0,0.0015,1.95
2659,1.2225,0.5,0.1,0.0,0.0015,1.95
2660,1.222,0.0,0.0,0.0,0.0,1.95
2661,1.222,0.0,0.0,0.0,0.0,1.95
2662,1.222,0.0,0.0,0.0,0.0,1.95
2663,1.2225,0.5,0.1,0.0,0.0015,1.95
2664,1.2225,0.5,0.1,0.0,0.0015,1.95
2665,1.2225,0.5,0.1,0.0,0.0015,1.95
2666,1.2225,0.5,0.1,0.0,0.0015,1.95
2667,1.222,0.0,0.0,0.0,0.0,1.95
2668,1.222,0.0,0.0,0.0,0.0,1.95
2669,1.2225,0.5,0.1,0.0,0.0015,1.95
2670,1.2225,0.5,0.1,0.0,0.0015,1.95
2671,1.2225,0.5,0.1,0.0,0.0015,1.95
2672,1.222,0.0,0.0,0.0,0.0,1.95
2673,1.2225,0.5,0.1,0.0,0.0015,1.95
2674,1.2225,0.5,0.1,0.0,0.0015,1.95
2675,1.2225,0.5,0.1,0.0,0.0015,1.95
2676,1.2225,0.5,0.1,0.0,0.0015,1.95
2677,1.222,0.0,0.0,0.0,0.0,1.95
2678,1.2225,0.5,0.1,0.0,0.0015,1.95
2679,1.222,0.0,0.0,0.0,0.0,1.95
2680,1.222,0.0,0.0,0.0,0.0,1.95
2681,1.222,0.0,0.0,0.0,0.0,1.95
2682,1.222,0.0,0.0,0.0,0.0,1.95
2683,1.222,0.0,0.0,0.0,0.0,1.95
2684,1.2225,0.5,0.1,0.0,0.0015,1.95
2685,1.222,0.0,0.0,0.0,0.0,1.95
2686,1.222,0.0,0.0,0.0,0.0,1.95
2687,1.222,0.0,0.0,0.0,0.0,1.95
2688,1.2225,0.5,0.1,0.0,0.0015,1.95
2689,1.2225,0.5,0.1,0.0,0.0015,1.95
2690,1.2225,0.5,0.1,0.0,0.0015,1.95
2691,1.222,0.0,0.0,0.0,0.0,1.95
2692,1.2225,0.5,0.1,0.0,0.0015,1.95
2693,1.2225,0.5,0.1,0.0,0.0015,1.95
2694,1.222,0.0,0.0,0.0,0.0,1.95
2695,1.2225,0.5,0.1,0.0,0.0015,1.95
2696,1.222,0.0,0.0,0.0,0.0,1.95
2697,1.222,0.0,0.0,0.0,0.0,1.95
2698,1.222,0.0,0.0,0.0,0.0,1.95
2699,1.2225,0.5,0.1,0.0,0.0015,1.95
2700,1.2225,0.5,0.1,0.0,0.0015,1.95
2701,1.2225,0.5,0.1,0.0,0.0015,1.95
2702,1.222,0.0,0.0,0.0,0.0,1.95
2703,1.2225,0.5,0.1,0.0,0.0015,1.95
2704,1.222,0.0,0.0,0.0,0.0,1.95
2705,1.222,0.0,0.0,0.0,0.0,1.95
2706,1.222,0.0,0.0,0.0,0.0,1.95
2707,1.222,0.0,0.0,0.0,0.0,1.95
2708,1.222,0.0,0.0,0.0,0.0,1.95
2709,1.2225,0.5,0.1,0.0,0.0015,1.95
2710,1.222,0.0,0.0,0.0,0.0,1.95
2711,1.222,0.0,0.0,0.0,0.0,1.95
2712,1.2225,0.5,0.1,0.0,0.0015,1.95
2713,1.222,0.0,0.0,0.0,0.0,1.95
2714,1.222,0.0,0.0,0.0,0.0,1.95
2715,1.222,0.0,0.0,0.0,0.0,1.95
2716,1.2225,0.5,0.1,0.0,0.0015,1.95
2717,1.222,0.0,0.0,0.0,0.0,1.95
2718,1.222,0.0,0.0,0.0,0.0,1.95
2719,1.222,0.0,0.0,0.0,0.0,1.95
2720,1.2225,0.5,0.1,0.0,0.0015,1.95
2721,1.2225,0.5,0.1,0.0,0.0015,1.95
2722,1.222,0.0,0.0,0.0,0.0,1.95
2723,1.2225,0.5,0.1,0.0,0.0015,1.95
2724,1.2225,0.5,0.1,0.0,0.0015,1.95
2725,1.222,0.0,0.0,0.0,0.0,1.95
2726,1.2225,0.5,0.1,0.0,0.0015,1.95
2727,1.222,0.0,0.0,0.0,0.0,1.95
2728,1.222,0.0,0.0,0.0,0.0,1.95
2729,1.222,0.0,0.0,0.0,0.0,1.95
2730,1.2225,0.5,0.1,0.0,0.0015,1.95
2731,1.2225,0.5,0.1,0.0,0.0015,1.95
2732,1.222,0.0,0.0,0.0,0.0,1.95
2733,1.222,0.0,0.0,0.0,0.0,1.95
2734,1.222,0.0,0.0,0.0,0.0,1.95
2735,1.222,0.0,0.0,0.0,0.0,1.95
2736,1.2225,0.5,0.1,0.0,0.0015,1.95
2737,1.222,0.0,0.0,0.0,0.0,1.95
2738,1.222,0.0,0.0,0.0,0.0,1.95
2739,1.2225,0.5,0.1,0.0,0.0015,1.95
2740,1.222,0.0,0.0,0.0,0.0,1.95
2741,1.2225,0.5,0.1,0.0,0.0015,1.95
2742,1.2225,0.5,0.1,0.0,0.0015,1.95
2743,1.2225,0.5,0.1,0.0,0.0015,1.95
2744,1.222,0.0,0.0,0.0,0.0,1.95
2745,1.222,0.0,0.0,0.0,0.0,1.95
2746,1.2225,0.5,0.1,0.0,0.0015,1.95
2747,1.2225,0.5,0.1,0.0,0.0015,1.95
2748,1.222,0.0,0.0,0.0,0.0,1.95
2749,1.2225,0.5,0.1,0.0,0.0015,1.95
2750,1.2225,0.5,0.1,0.0,0.0015,1.95
2751,1.222,0.0,0.0,0.0,0.0,1.95
2752,1.2225,0.5,0.1,0.0,0.0015,1.95
2753,1.2225,0.5,0.1,0.0,0.0015,1.95
2754,1.222,0.0,0.0,0.0,0.0,1.95
2755,1.222,0.0,0.0,0.0,0.0,1.95
2756,1.2225,0.5,0.1,0.0,0.0015,1.95
2757,1.222,0.0,0.0,0.0,0.0,1.95
2758,1.2225,0.5,0.1,0.0,0.0015,1.95
2759,1.2225,0.5,0.1,0.0,0.0015,1.95
2760,1.222,0.0,0.0,0.0,0.0,1.95
2761,1.222,0.0,0.0,0.0,0.0,1.95
2762,1.222,0.0,0.0,0.0,0.0,1.95
2763,1.2225,0.5,0.1,0.0,0.0015,1.95
2764,1.222,0.0,0.0,0.0,0.0,1.95
2765,1.2225,0.5,0.1,0.0,0.0015,1.95
2766,1.222,0.0,0.0,0.0,0.0,1.95
2767,1.2225,0.5,0.1,0.0,0.0015,1.95
2768,1.2225,0.5,0.1,0.0,0.0015,1.95
2769,1.2225,0.5,0.1,0.0,0.0015,1.95
2770,1.2225,0.5,0.1,0.0,0.0015,1.95
2771,1.222,0.0,0.0,0.0,0.0,1.95
2772,1.2225,0.5,0.1,0.0,0.0015,1.95
2773,1.222,0.0,0.0,0.0,0.0,1.95
2774,1.2225,0.5,0.1,0.0,0.0015,1.95
2775,1.2225,0.5,0.1,0.0,0.0015,1.95
2776,1.222,0.0,0.0,0.0,0.0,1.95
2777,1.222,0.0,0.0,0.0,0.0,1.95
2778,1.2225,0.5,0.1,0.0,0.0015,1.95
2779,1.222,0.0,0.0,0.0,0.0,1.95
2780,1.222,0.0,0.0,0.0,0.0,1.95
2781,1.2225,0.5,0.1,0.0,0.0015,1.95
2782,1.2225,0.5,0.1,0.0,0.0015,1.95
2783,1.222,0.0,0.0,0.0,0.0,1.95
2784,1.2225,0.5,0.1,0.0,0.0015,1.95
2785,1.2225,0.5,0.1,0.0,0.0015,1.95
2786,1.2225,0.5,0.1,0.0,0.0015,1.95
2787,1.2225,0.5,0.1,0.0,0.0015,1.95
2788,1.2225,0.5,0.1,0.0,0.0015,1.95
2789,1.2225,0.5,0.1,0.0,0.0015,1.95
2790,1.2225,0.5,0.1,0.0,0.0015,1.95
2791,1.2225,0.5,0.1,0.0,0.0015,1.95
2792,1.222,0.0,0.0,0.0,0.0,1.95
2793,1.222,0.0,0.0,0.0,0.0,1.95
2794,1.222,0.0,0.0,0.0,0.0,1.95
2795,1.2225,0.5,0.1,0.0,0.0015,1.95
2796,1.2225,0.5,0.1,0.0,0.0015,1.95
2797,1.2225,0.5,0.1,0.0,0.0015,1.95
2798,1.2225,0.5,0.1,0.0,0.0015,1.95
2799,1.2225,0.5,0.1,0.0,0.0015,1.95
2800,1.2225,0.5,0.1,0.0,0.0015,1.95
2801,1.222,0.0,0.0,0.0,0.0,1.95
2802,1.222,0.0,0.0,0.0,0.0,1.95
2803,1.2225,0.5,0.1,0.0,0.0015,1.95
2804,1.2225,0.5,0.1,0.0,0.0015,1.95
2805,1.2225,0.5,0.1,0.0,0.0015,1.95
2806,1.2225,0.5,0.1,0.0,0.0015,1.95
2807,1.222,0.0,0.0,0.0,0.0,1.95
2808,1.2225,0.5,0.1,0.0,0.0015,1.95
2809,1.222,0.0,0.0,0.0,0.0,1.95
2810,1.2225,0.5,0.1,0.0,0.0015,1.95
2811,1.2225,0.5,0.1,0.0,0.0015,1.95
2812,1.2225,0.5,0.1,0.0,0.0015,1.95
2813,1.2225,0.5,0.1,0.0,0.0015,1.95
2814,1.222,0.0,0.0,0.0,0.0,1.95
2815,1.222,0.0,0.0,0.0,0.0,1.95
2816,1.2225,0.5,0.1,0.0,0.0015,1.95
2817,1.222,0.0,0.0,0.0,0.0,1.95
2818,1.2225,0.5,0.1,0.0,0.0015,1.95
2819,1.222,0.0,0.0,0.0,0.0,1.95
2820,1.2225,0.5,0.1,0.0,0.0015,1.95
2821,1.2225,0.5,0.1,0.0,0.0015,1.95
2822,1.222,0.0,0.0,0.0,0.0,1.95
2823,1.2225,0.5,0.1,0.0,0.0015,1.95
2824,1.222,0.0,0.0,0.0,0.0,1.95
2825,1.2225,0.5,0.1,0.0,0.0015,1.95
2826,1.222,0.0,0.0,0.0,0.0,1.95
2827,1.2225,0.5,0.1,0.0,0.0015,1.95
2828,1.2225,0.5,0.1,0.0,0.0015,1.95
2829,1.2225,0.5,0.1,0.0,0.0015,1.95
2830,1.2225,0.5,0.1,0.0,0.0015,1.95
2831,1.222,0.0,0.0,0.0,0.0,1.95
2832,1.222,0.0,0.0,0.0,0.0,1.95
2833,1.2225,0.5,0.1,0.0,0.0015,1.95
2834,1.2225,0.5,0.1,0.0,0.0015,1.95
2835,1.2225,0.5,0.1,0.0,0.0015,1.95
2836,1.222,0.0,0.0,0.0,0.0,1.95
2837,1.222,0.0,0.0,0.0,0.0,1.95
2838,1.222,0.0,0.0,0.0,0.0,1.95
2839,1.222,0.0,0.0,0.0,0.0,1.95
2840,1.2225,0.5,0.1,0.0,0.0015,1.95
2841,1.2225,0.5,0.1,0.0,0.0015,1.95
2842,1.222,0.0,0.0,0.0,0.0,1.95
2843,1.222,0.0,0.0,0.0,0.0,1.95
2844,1.2225,0.5,0.1,0.0,0.0015,1.95
2845,1.2225,0.5,0.1,0.0,0.0015,1.95
2846,1.222,0.0,0.0,0.0,0.0,1.95
2847,1.222,0.0,0.0,0.0,0.0,1.95
2848,1.222,0.0,0.0,0.0,0.0,1.95
2849,1.222,0.0,0.0,0.0,0.0,1.95
2850,1.222,0.0,0.0,0.0,0.0,1.95
2851,1.222,0.0,0.0,0.0,0.0,1.95
2852,1.222,0.0,0.0,0.0,0.0,1.95
2853,1.2225,0.5,0.1,0.0,0.0015,1.95
2854,1.2225,0.5,0.1,0.0,0.0015,1.95
2855,1.2225,0.5,0.1,0.0,0.0015,1.95
2856,1.222,0.0,0.0,0.0,0.0,1.95
2857,1.222,0.0,0.0,0.0,0.0,1.95
2858,1.222,0.0,0.0,0.0,0.0,1.95
2859,1.222,0.0,0.0,0.0,0.0,1.95
2860,1.2225,0.5,0.1,0.0,0.0015,1.95
2861,1.222,0.0,0.0,0.0,0.0,1.95
2862,1.2225,0.5,0.1,0.0,0.0015,1.95
2863,1.222,0.0,0.0,0.0,0.0,1.95
2864,1.222,0.0,0.0,0.0,0.0,1.95
2865,1.2225,0.5,0.1,0.0,0.0015,1.95
2866,1.222,0.0,0.0,0.0,0.0,1.95
2867,1.222,0.0,0.0,0.0,0.0,1.95
2868,1.222,0.0,0.0,0.0,0.0,1.95
2869,1.222,0.0,0.0,0.0,0.0,1.95
2870,1.222,0.0,0.0,0.0,0.0,1.95
2871,1.2225,0.5,0.1,0.0,0.0015,1.95
2872,1.222,0.0,0.0,0.0,0.0,1.95
2873,1.2225,0.5,0.1,0.0,0.0015,1.95
2874,1.2225,0.5,0.1,0.0,0.0015,1.95
2875,1.222,0.0,0.0,0.0,0.0,1.95
2876,1.222,0.0,0.0,0.0,0.0,1.95
2877,1.222,0.0,0.0,0.0,0.0,1.95
2878,1.222,0.0,0.0,0.0,0.0,1.95
2879,1.2225,0.5,0.1,0.0,0.0015,1.95
2880,1.2225,0.5,0.1,0.0,0.0015,1.95
2881,1.2225,0.5,0.1,0.0,0.0015,1.95
2882,1.2225,0.5,0.1,0.0,0.0015,1.95
2883,1.222,0.0,0.0,0.0,0.0,1.95
2884,1.222,0.0,0.0,0.0,0.0,1.95
2885,1.2225,0.5,0.1,0.0,0.0015,1.95
2886,1.222,0.0,0.0,0.0,0.0,1.95
2887,1.222,0.0,0.0,0.0,0.0,1.95
2888,1.2225,0.5,0.1,0.0,0.0015,1.95
2889,1.222,0.0,0.0,0.0,0.0,1.95
2890,1.222,0.0,0.0,0.0,0.0,1.95
2891,1.222,0.0,0.0,0.0,0.0,1.95
2892,1.222,0.0,0.0,0.0,0.0,1.95
2893,1.222,0.0,0.0,0.0,0.0,1.95
2894,1.222,0.0,0.0,0.0,0.0,1.95
2895,1.222,0.0,0.0,0.0,0.0,1.95
2896,1.2225,0.5,0.1,0.0,0.0015,1.95
2897,1.222,0.0,0.0,0.0,0.0,1.95
2898,1.222,0.0,0.0,0.0,0.0,1.95
2899,1.222,0.0,0.0,0.0,0.0,1.95
2900,1.222,0.0,0.0,0.0,0.0,1.95
2901,1.2225,0.5,0.1,0.0,0.0015,1.95
2902,1.222,0.0,0.0,0.0,0.0,1.95
2903,1.222,0.0,0.0,0.0,0.0,1.95
2904,1.2225,0.5,0.1,0.0,0.0015,1.95
2905,1.2225,0.5,0.1,0.0,0.0015,1.95
2906,1.2225,0.5,0.1,0.0,0.0015,1.95
2907,1.222,0.0,0.0,0.0,0.0,1.95
2908,1.2225,0.5,0.1,0.0,0.0015,1.95
2909,1.222,0.0,0.0,0.0,0.0,1.95
2910,1.222,0.0,0.0,0.0,0.0,1.95
2911,1.2225,0.5,0.1,0.0,0.0015,1.95
2912,1.222,0.0,0.0,0.0,0.0,1.95
2913,1.2225,0.5,0.1,0.0,0.0015,1.95
2914,1.222,0.0,0.0,0.0,0.0,1.95
2915,1.222,0.0,0.0,0.0,0.0,1.95
2916,1.222,0.0,0.0,0.0,0.0,1.95
2917,1.222,0.0,0.0,0.0,0.0,1.95
2918,1.222,0.0,0.0,0.0,0.0,1.95
2919,1.2225,0.5,0.1,0.0,0.0015,1.95
2920,1.2225,0.5,0.1,0.0,0.0015,1.95
2921,1.222,0.0,0.0,0.0,0.0,1.95
2922,1.2225,0.5,0.1,0.0,0.0015,1.95
2923,1.222,0.0,0.0,0.0,0.0,1.95
2924,1.222,0.0,0.0,0.0,0.0,1.95
2925,1.2225,0.5,0.1,0.0,0.0015,1.95
2926,1.2225,0.5,0.1,0.0,0.0015,1.95
2927,1.2225,0.5,0.1,0.0,0.0015,1.95
2928,1.222,0.0,0.0,0.0,0.0,1.95
2929,1.2225,0.5,0.1,0.0,0.0015,1.95
2930,1.222,0.0,0.0,0.0,0.0,1.95
2931,1.2225,0.5,0.1,0.0,0.0015,1.95
2932,1.222,0.0,0.0,0.0,0.0,1.95
2933,1.222,0.0,0.0,0.0,0.0,1.95
2934,1.222,0.0,0.0,0.0,0.0,1.95
2935,1.222,0.0,0.0,0.0,0.0,1.95
2936,1.222,0.0,0.0,0.0,0.0,1.95
2937,1.2225,0.5,0.1,0.0,0.0015,1.95
2938,1.2225,0.5,0.1,0.0,0.0015,1.95
2939,1.2225,0.5,0.1,0.0,0.0015,1.95
2940,1.2225,0.5,0.1,0.0,0.0015,1.95
2941,1.222,0.0,0.0,0.0,0.0,1.95
2942,1.222,0.0,0.0,0.0,0.0,1.95
2943,1.222,0.0,0.0,0.0,0.0,1.95
2944,1.2225,0.5,0.1,0.0,0.0015,1.95
2945,1.2225,0.5,0.1,0.0,0.0015,1.95
2946,1.222,0.0,0.0,0.0,0.0,1.95
2947,1.222,0.0,0.0,0.0,0.0,1.95
2948,1.2225,0.5,0.1,0.0,0.0015,1.95
2949,1.222,0.0,0.0,0.0,0.0,1.95
2950,1.222,0.0,0.0,0.0,0.0,1.95
2951,1.222,0.0,0.0,0.0,0.0,1.95
2952,1.2225,0.5,0.1,0.0,0.0015,1.95
2953,1.2225,0.5,0.1,0.0,0.0015,1.95
2954,1.2225,0.5,0.1,0.0,0.0015,1.95
2955,1.222,0.0,0.0,0.0,0.0,1.95
2956,1.2225,0.5,0.1,0.0,0.0015,1.95
2957,1.2225,0.5,0.1,0.0,0.0015,1.95
2958,1.222,0.0,0.0,0.0,0.0,1.95
2959,1.222,0.0,0.0,0.0,0.0,1.95
2960,1.2225,0.5,0.1,0.0,0.0015,1.95
2961,1.2225,0.5,0.1,0.0,0.0015,1.95
2962,1.2225,0.5,0.1,0.0,0.0015,1.95
2963,1.2225,0.5,0.1,0.0,0.0015,1.95
2964,1.222,0.0,0.0,0.0,0.0,1.95
2965,1.222,0.0,0.0,0.0,0.0,1.95
2966,1.2225,0.5,0.1,0.0,0.0015,1.95
2967,1.2225,0.5,0.1,0.0,0.0015,1.95
2968,1.222,0.0,0.0,0.0,0.0,1.95
2969,1.222,0.0,0.0,0.0,0.0,1.95
2970,1.222,0.0,0.0,0.0,0.0,1.95
2971,1.2225,0.5,0.1,0.0,0.0015,1.95
2972,1.2225,0.5,0.1,0.0,0.0015,1.95
2973,1.222,0.0,0.0,0.0,0.0,1.95
2974,1.2225,0.5,0.1,0.0,0.0015,1.95
2975,1.222,0.0,0.0,0.0,0.0,1.95
2976,1.222,0.0,0.0,0.0,0.0,1.95
2977,1.222,0.0,0.0,0.0,0.0,1.95
2978,1.222,0.0,0.0,0.0,0.0,1.95
2979,1.222,0.0,0.0,0.0,0.0,1.95
2980,1.222,0.0,0.0,0.0,0.0,1.95
2981,1.222,0.0,0.0,0.0,0.0,1.95
2982,1.2225,0.5,0.1,0.0,0.0015,1.95
2983,1.222,0.0,0.0,0.0,0.0,1.95
2984,1.222,0.0,0.0,0.0,0.0,1.95
2985,1.222,0.0,0.0,0.0,0.0,1.95
2986,1.2225,0.5,0.1,0.0,0.0015,1.95
2987,1.222,0.0,0.0,0.0,0.0,1.95
2988,1.2225,0.5,0.1,0.0,0.0015,1.95
2989,1.222,0.0,0.0,0.0,0.0,1.95
2990,1.2225,0.5,0.1,0.0,0.0015,1.95
2991,1.222,0.0,0.0,0.0,0.0,1.95
2992,1.222,0.0,0.0,0.0,0.0,1.95
2993,1.2225,0.5,0.1,0.0,0.0015,1.95
2994,1.2225,0.5,0.1,0.0,0.0015,1.95
2995,1.2225,0.5,0.1,0.0,0.0015,1.95
2996,1.2225,0.5,0.1,0.0,0.0015,1.95
2997,1.222,0.0,0.0,0.0,0.0,1.95
2998,1.2225,0.5,0.1,0.0,0.0015,1.95
2999,1.2225,0.5,0.1,0.0,0.0015,1.95
3000,1.2225,0.5,0.1,0.0,0.0015,1.95
3001,1.222,0.0,0.0,0.0,0.0,1.95
3002,1.2225,0.5,0.1,0.0,0.0015,1.95
3003,1.2225,0.5,0.1,0.0,0.0015,1.95
3004,1.2225,0.5,0.1,0.0,0.0015,1.95
3005,1.2225,0.5,0.1,0.0,0.0015,1.95
3006,1.222,0.0,0.0,0.0,0.0,1.95
3007,1.2225,0.5,0.1,0.0,0.0015,1.95
3008,1.2225,0.5,0.1,0.0,0.0015,1.95
3009,1.222,0.0,0.0,0.0,0.0,1.95
3010,1.222,0.0,0.0,0.0,0.0,1.95
3011,1.2225,0.5,0.1,0.0,0.0015,1.95
3012,1.222,0.0,0.0,0.0,0.0,1.95
3013,1.2225,0.5,0.1,0.0,0.0015,1.95
3014,1.2225,0.5,0.1,0.0,0.0015,1.95
3015,1.2225,0.5,0.1,0.0,0.0015,1.95
3016,1.222,0.0,0.0,0.0,0.0,1.95
3017,1.222,0.0,0.0,0.0,0.0,1.95
3018,1.2225,0.5,0.1,0.0,0.0015,1.95
3019,1.2225,0.5,0.1,0.0,0.0015,1.95
3020,1.222,0.0,0.0,0.0,0.0,1.95
3021,1.2225,0.5,0.1,0.0,0.0015,1.95
3022,1.222,0.0,0.0,0.0,0.0,1.95
3023,1.2225,0.5,0.1,0.0,0.0015,1.95
3024,1.222,0.0,0.0,0.0,0.0,1.95
3025,1.222,0.0,0.0,0.0,0.0,1.95
3026,1.222,0.0,0.0,0.0,0.0,1.95
3027,1.222,0.0,0.0,0.0,0.0,1.95
3028,1.2225,0.5,0.1,0.0,0.0015,1.95
3029,1.2225,0.5,0.1,0.0,0.0015,1.95
3030,1.2225,0.5,0.1,0.0,0.0015,1.95
3031,1.2225,0.5,0.1,0.0,0.0015,1.95
3032,1.2225,0.5,0.1,0.0,0.0015,1.95
3033,1.222,0.0,0.0,0.0,0.0,1.95
3034,1.222,0.0,0.0,0.0,0.0,1.95
3035,1.2225,0.5,0.1,0.0,0.0015,1.95
3036,1.2225,0.5,0.1,0.0,0.0015,1.95
3037,1.2225,0.5,0.1,0.0,0.0015,1.95
3038,1.222,0.0,0.0,0.0,0.0,1.95
3039,1.2225,0.5,0.1,0.0,0.0015,1.95
3040,1.222,0.0,0.0,0.0,0.0,1.95
3041,1.222,0.0,0.0,0.0,0.0,1.95
3042,1.2225,0.5,0.1,0.0,0.0015,1.95
3043,1.2225,0.5,0.1,0.0,0.0015,1.95
3044,1.2225,0.5,0.1,0.0,0.0015,1.95
3045,1.2225,0.5,0.1,0.0,0.0015,1.95
3046,1.222,0.0,0.0,0.0,0.0,1.95
3047,1.2225,0.5,0.1,0.0,0.0015,1.95
3048,1.2225,0.5,0.1,0.0,0.0015,1.95
3049,1.2225,0.5,0.1,0.0,0.0015,1.95
3050,1.222,0.0,0.0,0.0,0.0,1.95
3051,1.2225,0.5,0.1,0.0,0.0015,1.95
3052,1.2225,0.5,0.1,0.0,0.0015,1.95
3053,1.2225,0.5,0.1,0.0,0.0015,1.95
3054,1.2225,0.5,0.1,0.0,0.0015,1.95
3055,1.222,0.0,0.0,0.0,0.0,1.95
3056,1.2225,0.5,0.1,0.0,0.0015,1.95
3057,1.2225,0.5,0.1,0.0,0.0015,1.95
3058,1.2225,0.5,0.1,0.0,0.0015,1.95
3059,1.222,0.0,0.0,0.0,0.0,1.95
3060,1.222,0.0,0.0,0.0,0.0,1.95
3061,1.222,0.0,0.0,0.0,0.0,1.95
3062,1.2225,0.5,0.1,0.0,0.0015,1.95
3063,1.2225,0.5,0.1,0.0,0.0015,1.95
3064,1.2225,0.5,0.1,0.0,0.0015,1.95
3065,1.222,0.0,0.0,0.0,0.0,1.95
3066,1.222,0.0,0.0,0.0,0.0,1.95
3067,1.2225,0.5,0.1,0.0,0.0015,1.95
3068,1.2225,0.5,0.1,0.0,0.0015,1.95
3069,1.222,0.0,0.0,0.0,0.0,1.95
3070,1.222,0.0,0.0,0.0,0.0,1.95
3071,1.222,0.0,0.0,0.0,0.0,1.95
3072,1.2225,0.5,0.1,0.0,0.0015,1.95
3073,1.222,0.0,0.0,0.0,0.0,1.95
3074,1.222,0.0,0.0,0.0,0.0,1.95
3075,1.222,0.0,0.0,0.0,0.0,1.95
3076,1.2225,0.5,0.1,0.0,0.0015,1.95
3077,1.2225,0.5,0.1,0.0,0.0015,1.95
3078,1.222,0.0,0.0,0.0,0.0,1.95
3079,1.222,0.0,0.0,0.0,0.0,1.95
3080,1.2225,0.5,0.1,0.0,0.0015,1.95
3081,1.222,0.0,0.0,0.0,0.0,1.95
3082,1.2225,0.5,0.1,0.0,0.0015,1.95
3083,1.2225,0.5,0.1,0.0,0.0015,1.95
3084,1.2225,0.5,0.1,0.0,0.0015,1.95
3085,1.2225,0.5,0.1,0.0,0.0015,1.95
3086,1.2225,0.5,0.1,0.0,0.0015,1.95
3087,1.222,0.0,0.0,0.0,0.0,1.95
3088,1.2225,0.5,0.1,0.0,0.0015,1.95
3089,1.2225,0.5,0.1,0.0,0.0015,1.95
3090,1.2225,0.5,0.1,0.0,0.0015,1.95
3091,1.2225,0.5,0.1,0.0,0.0015,1.95
3092,1.222,0.0,0.0,0.0,0.0,1.95
3093,1.222,0.0,0.0,0.0,0.0,1.95
3094,1.2225,0.5,0.1,0.0,0.0015,1.95
3095,1.2225,0.5,0.1,0.0,0.0015,1.95
3096,1.2225,0.5,0.1,0.0,0.0015,1.95
3097,1.222,0.0,0.0,0.0,0.0,1.95
3098,1.2225,0.5,0.1,0.0,0.0015,1.95
3099,1.222,0.0,0.0,0.0,0.0,1.95
3100,1.2225,0.5,0.1,0.0,0.0015,1.95
3101,1.222,0.0,0.0,0.0,0.0,1.95
3102,1.222,0.0,0.0,0.0,0.0,1.95
3103,1.222,0.0,0.0,0.0,0.0,1.95
3104,1.2225,0.5,0.1,0.0,0.0015,1.95
3105,1.222,0.0,0.0,0.0,0.0,1.95
3106,1.2225,0.5,0.1,0.0,0.0015,1.95
3107,1.222,0.0,0.0,0.0,0.0,1.95
3108,1.222,0.0,0.0,0.0,0.0,1.95
3109,1.222,0.0,0.0,0.0,0.0,1.95
3110,1.2225,0.5,0.1,0.0,0.0015,1.95
3111,1.222,0.0,0.0,0.0,0.0,1.95
3112,1.222,0.0,0.0,0.0,0.0,1.95
3113,1.222,0.0,0.0,0.0,0.0,1.95
3114,1.2225,0.5,0.1,0.0,0.0015,1.95
3115,1.222,0.0,0.0,0.0,0.0,1.95
3116,1.222,0.0,0.0,0.0,0.0,1.95
3117,1.2225,0.5,0.1,0.0,0.0015,1.95
3118,1.2225,0.5,0.1,0.0,0.0015,1.95
3119,1.2225,0.5,0.1,0.0,0.0015,1.95
3120,1.2225,0.5,0.1,0.0,0.0015,1.95
3121,1.2225,0.5,0.1,0.0,0.0015,1.95
3122,1.2225,0.5,0.1,0.0,0.0015,1.95
3123,1.222,0.0,0.0,0.0,0.0,1.95
3124,1.2225,0.5,0.1,0.0,0.0015,1.95
3125,1.222,0.0,0.0,0.0,0.0,1.95
3126,1.2225,0.5,0.1,0.0,0.0015,1.95
3127,1.222,0.0,0.0,0.0,0.0,1.95
3128,1.2225,0.5,0.1,0.0,0.0015,1.95
3129,1.222,0.0,0.0,0.0,0.0,1.95
3130,1.222,0.0,0.0,0.0,0.0,1.95
3131,1.2225,0.5,0.1,0.0,0.0015,1.95
3132,1.222,0.0,0.0,0.0,0.0,1.95
3133,1.222,0.0,0.0,0.0,0.0,1.95
3134,1.222,0.0,0.0,0.0,0.0,1.95
3135,1.222,0.0,0.0,0.0,0.0,1.95
3136,1.2225,0.5,0.1,0.0,0.0015,1.95
3137,1.222,0.0,0.0,0.0,0.0,1.95
3138,1.2225,0.5,0.1,0.0,0.0015,1.95
3139,1.2225,0.5,0.1,0.0,0.0015,1.95
3140,1.2225,0.5,0.1,0.0,0.0015,1.95
3141,1.222,0.0,0.0,0.0,0.0,1.95
3142,1.2225,0.5,0.1,0.0,0.0015,1.95
3143,1.222,0.0,0.0,0.0,0.0,1.95
3144,1.2225,0.5,0.1,0.0,0.0015,1.95
3145,1.2225,0.5,0.1,0.0,0.0015,1.95
3146,1.222,0.0,0.0,0.0,0.0,1.95
3147,1.222,0.0,0.0,0.0,0.0,1.95
3148,1.2225,0.5,0.1,0.0,0.0015,1.95
3149,1.222,0.0,0.0,0.0,0.0,1.95
3150,1.2225,0.5,0.1,0.0,0.0015,1.95
3151,1.2225,0.5,0.1,0.0,0.0015,1.95
3152,1.222,0.0,0.0,0.0,0.0,1.95
3153,1.2225,0.5,0.1,0.0,0.0015,1.95
3154,1.2225,0.5,0.1,0.0,0.0015,1.95
3155,1.2225,0.5,0.1,0.0,0.0015,1.95
3156,1.2225,0.5,0.1,0.0,0.0015,1.95
3157,1.2225,0.5,0.1,0.0,0.0015,1.95
3158,1.2225,0.5,0.1,0.0,0.0015,1.95
3159,1.2225,0.5,0.1,0.0,0.0015,1.95
3160,1.2225,0.5,0.1,0.0,0.0015,1.95
3161,1.222,0.0,0.0,0.0,0.0,1.95
3162,1.2225,0.5,0.1,0.0,0.0015,1.95
3163,1.2225,0.5,0.1,0.0,0.0015,1.95
3164,1.2225,0.5,0.1,0.0,0.0015,1.95
3165,1.222,0.0,0.0,0.0,0.0,1.95
3166,1.222,0.0,0.0,0.0,0.0,1.95
3167,1.222,0.0,0.0,0.0,0.0,1.95
3168,1.2225,0.5,0.1,0.0,0.0015,1.95
3169,1.2225,0.5,0.1,0.0,0.0015,1.95
3170,1.2225,0.5,0.1,0.0,0.0015,1.95
3171,1.222,0.0,0.0,0.0,0.0,1.95
3172,1.222,0.0,0.0,0.0,0.0,1.95
3173,1.222,0.0,0.0,0.0,0.0,1.95
3174,1.222,0.0,0.0,0.0,0.0,1.95
3175,1.222,0.0,0.0,0.0,0.0,1.95
3176,1.2225,0.5,0.1,0.0,0.0015,1.95
3177,1.2225,0.5,0.1,0.0,0.0015,1.95
3178,1.222,0.0,0.0,0.0,0.0,1.95
3179,1.2225,0.5,0.1,0.0,0.0015,1.95
3180,1.222,0.0,0.0,0.0,0.0,1.95
3181,1.2225,0.5,0.1,0.0,0.0015,1.95
3182,1.2225,0.5,0.1,0.0,0.0015,1.95
3183,1.2225,0.5,0.1,0.0,0.0015,1.95
3184,1.2225,0.5,0.1,0.0,0.0015,1.95
3185,1.2225,0.5,0.1,0.0,0.0015,1.95
3186,1.222,0.0,0.0,0.0,0.0,1.95
3187,1.222,0.0,0.0,0.0,0.0,1.95
3188,1.2225,0.5,0.1,0.0,0.0015,1.95
3189,1.2225,0.5,0.1,0.0,0.0015,1.95
3190,1.2225,0.5,0.1,0.0,0.0015,1.95
3191,1.2225,0.5,0.1,0.0,0.0015,1.95
3192,1.2225,0.5,0.1,0.0,0.0015,1.95
3193,1.222,0.0,0.0,0.0,0.0,1.95
3194,1.2225,0.5,0.1,0.0,0.0015,1.95
3195,1.222,0.0,0.0,0.0,0.0,1.95
3196,1.2225,0.5,0.1,0.0,0.0015,1.95
3197,1.222,0.0,0.0,0.0,0.0,1.95
3198,1.2225,0.5,0.1,0.0,0.0015,1.95
3199,1.2225,0.5,0.1,0.0,0.0015,1.95
3200,1.222,0.0,0.0,0.0,0.0,1.95
3201,1.222,0.0,0.0,0.0,0.0,1.95
3202,1.222,0.0,0.0,0.0,0.0,1.95
3203,1.2225,0.5,0.1,0.0,0.0015,1.95
3204,1.222,0.0,0.0,0.0,0.0,1.95
3205,1.2225,0.5,0.1,0.0,0.0015,1.95
3206,1.222,0.0,0.0,0.0,0.0,1.95
3207,1.222,0.0,0.0,0.0,0.0,1.95
3208,1.222,0.0,0.0,0.0,0.0,1.95
3209,1.222,0.0,0.0,0.0,0.0,1.95
3210,1.2225,0.5,0.1,0.0,0.0015,1.95
3211,1.2225,0.5,0.1,0.0,0.0015,1.95
3212,1.222,0.0,0.0,0.0,0.0,1.95
3213,1.222,0.0,0.0,0.0,0.0,1.95
3214,1.222,0.0,0.0,0.0,0.0,1.95
3215,1.222,0.0,0.0,0.0,0.0,1.95
3216,1.222,0.0,0.0,0.0,0.0,1.95
3217,1.222,0.0,0.0,0.0,0.0,1.95
3218,1.2225,0.5,0.1,0.0,0.0015,1.95
3219,1.2225,0.5,0.1,0.0,0.0015,1.95
3220,1.222,0.0,0.0,0.0,0.0,1.95
3221,1.222,0.0,0.0,0.0,0.0,1.95
3222,1.2225,0.5,0.1,0.0,0.0015,1.95
3223,1.2225,0.5,0.1,0.0,0.0015,1.95
3224,1.222,0.0,0.0,0.0,0.0,1.95
3225,1.2225,0.5,0.1,0.0,0.0015,1.95
3226,1.222,0.0,0.0,0.0,0.0,1.95
3227,1.222,0.0,0.0,0.0,0.0,1.95
3228,1.222,0.0,0.0,0.0,0.0,1.95
3229,1.2225,0.5,0.1,0.0,0.0015,1.95
3230,1.2225,0.5,0.1,0.0,0.0015,1.95
3231,1.2225,0.5,0.1,0.0,0.0015,1.95
3232,1.2225,0.5,0.1,0.0,0.0015,1.95
3233,1.2225,0.5,0.1,0.0,0.0015,1.95
3234,1.2225,0.5,0.1,0.0,0.0015,1.95
3235,1.222,0.0,0.0,0.0,0.0,1.95
3236,1.222,0.0,0.0,0.0,0.0,1.95
3237,1.2225,0.5,0.1,0.0,0.0015,1.95
3238,1.2225,0.5,0.1,0.0,0.0015,1.95
3239,1.2225,0.5,0.1,0.0,0.0015,1.95
3240,1.222,0.0,0.0,0.0,0.0,1.95
3241,1.2225,0.5,0.1,0.0,0.0015,1.95
3242,1.222,0.0,0.0,0.0,0.0,1.95
3243,1.222,0.0,0.0,0.0,0.0,1.95
3244,1.2225,0.5,0.1,0.0,0.0015,1.95
3245,1.2225,0.5,0.1,0.0,0.0015,1.95
3246,1.222,0.0,0.0,0.0,0.0,1.95
3247,1.222,0.0,0.0,0.0,0.0,1.95
3248,1.2225,0.5,0.1,0.0,0.0015,1.95
3249,1.2225,0.5,0.1,0.0,0.0015,1.95
3250,1.222,0.0,0.0,0.0,0.0,1.95
3251,1.222,0.0,0.0,0.0,0.0,1.95
3252,1.2225,0.5,0.1,0.0,0.0015,1.95
3253,1.2225,0.5,0.1,0.0,0.0015,1.95
3254,1.2225,0.5,0.1,0.0,0.0015,1.95
3255,1.222,0.0,0.0,0.0,0.0,1.95
3256,1.222,0.0,0.0,0.0,0.0,1.95
3257,1.222,0.0,0.0,0.0,0.0,1.95
3258,1.222,0.0,0.0,0.0,0.0,1.95
3259,1.2225,0.5,0.1,0.0,0.0015,1.95
3260,1.2225,0.5,0.1,0.0,0.0015,1.95
3261,1.222,0.0,0.0,0.0,0.0,1.95
3262,1.2225,0.5,0.1,0.0,0.0015,1.95
3263,1.222,0.0,0.0,0.0,0.0,1.95
3264,1.222,0.0,0.0,0.0,0.0,1.95
3265,1.2225,0.5,0.1,0.0,0.0015,1.95
3266,1.222,0.0,0.0,0.0,0.0,1.95
3267,1.222,0.0,0.0,0.0,0.0,1.95
3268,1.222,0.0,0.0,0.0,0.0,1.95
3269,1.2225,0.5,0.1,0.0,0.0015,1.95
3270,1.222,0.0,0.0,0.0,0.0,1.95
3271,1.222,0.0,0.0,0.0,0.0,1.95
3272,1.2225,0.5,0.1,0.0,0.0015,1.95
3273,1.222,0.0,0.0,0.0,0.0,1.95
3274,1.2225,0.5,0.1,0.0,0.0015,1.95
3275,1.2225,0.5,0.1,0.0,0.0015,1.95
3276,1.222,0.0,0.0,0.0,0.0,1.95
3277,1.2225,0.5,0.1,0.0,0.0015,1.95
3278,1.222,0.0,0.0,0.0,0.0,1.95
3279,1.222,0.0,0.0,0.0,0.0,1.95
3280,1.2225,0.5,0.1,0.0,0.0015,1.95
3281,1.2225,0.5,0.1,0.0,0.0015,1.95
3282,1.222,0.0,0.0,0.0,0.0,1.95
3283,1.2225,0.5,0.1,0.0,0.0015,1.95
3284,1.2225,0.5,0.1,0.0,0.0015,1.95
3285,1.222,0.0,0.0,0.0,0.0,1.95
3286,1.222,0.0,0.0,0.0,0.0,1.95
3287,1.2225,0.5,0.1,0.0,0.0015,1.95
3288,1.2225,0.5,0.1,0.0,0.0015,1.95
3289,1.2225,0.5,0.1,0.0,0.0015,1.95
3290,1.222,0.0,0.0,0.0,0.0,1.95
3291,1.222,0.0,0.0,0.0,0.0,1.95
3292,1.2225,0.5,0.1,0.0,0.0015,1.95
3293,1.222,0.0,0.0,0.0,0.0,1.95
3294,1.222,0.0,0.0,0.0,0.0,1.95
3295,1.222,0.0,0.0,0.0,0.0,1.95
3296,1.222,0.0,0.0,0.0,0.0,1.95
3297,1.222,0.0,0.0,0.0,0.0,1.95
3298,1.222,0.0,0.0,0.0,0.0,1.95
3299,1.222,0.0,0.0,0.0,0.0,1.95
3300,1.222,0.0,0.0,0.0,0.0,1.95
3301,1.2225,0.5,0.1,0.0,0.0015,1.95
3302,1.222,0.0,0.0,0.0,0.0,1.95
3303,1.222,0.0,0.0,0.0,0.0,1.95
3304,1.222,0.0,0.0,0.0,0.0,1.95
3305,1.222,0.0,0.0,0.0,0.0,1.95
3306,1.2225,0.5,0.1,0.0,0.0015,1.95
3307,1.2225,0.5,0.1,0.0,0.0015,1.95
3308,1.222,0.0,0.0,0.0,0.0,1.95
3309,1.2225,0.5,0.1,0.0,0.0015,1.95
3310,1.2225,0.5,0.1,0.0,0.0015,1.95
3311,1.222,0.0,0.0,0.0,0.0,1.95
3312,1.2225,0.5,0.1,0.0,0.0015,1.95
3313,1.2225,0.5,0.1,0.0,0.0015,1.95
3314,1.2225,0.5,0.1,0.0,0.0015,1.95
3315,1.222,0.0,0.0,0.0,0.0,1.95
3316,1.2225,0.5,0.1,0.0,0.0015,1.95
3317,1.2225,0.5,0.1,0.0,0.0015,1.95
3318,1.2225,0.5,0.1,0.0,0.0015,1.95
3319,1.2225,0.5,0.1,0.0,0.0015,1.95
3320,1.222,0.0,0.0,0.0,0.0,1.95
3321,1.222,0.0,0.0,0.0,0.0,1.95
3322,1.2225,0.5,0.1,0.0,0.0015,1.95
3323,1.222,0.0,0.0,0.0,0.0,1.95
3324,1.2225,0.5,0.1,0.0,0.0015,1.95
3325,1.222,0.0,0.0,0.0,0.0,1.95
3326,1.222,0.0,0.0,0.0,0.0,1.95
3327,1.222,0.0,0.0,0.0,0.0,1.95
3328,1.2225,0.5,0.1,0.0,0.0015,1.95
3329,1.2225,0.5,0.1,0.0,0.0015,1.95
3330,1.2225,0.5,0.1,0.0,0.0015,1.95
3331,1.2225,0.5,0.1,0.0,0.0015,1.95
3332,1.2225,0.5,0.1,0.0,0.0015,1.95
3333,1.2225,0.5,0.1,0.0,0.0015,1.95
3334,1.222,0.0,0.0,0.0,0.0,1.95
3335,1.222,0.0,0.0,0.0,0.0,1.95
3336,1.222,0.0,0.0,0.0,0.0,1.95
3337,1.2225,0.5,0.1,0.0,0.0015,1.95
3338,1.222,0.0,0.0,0.0,0.0,1.95
3339,1.222,0.0,0.0,0.0,0.0,1.95
3340,1.222,0.0,0.0,0.0,0.0,1.95
3341,1.222,0.0,0.0,0.0,0.0,1.95
3342,1.2225,0.5,0.1,0.0,0.0015,1.95
3343,1.2225,0.5,0.1,0.0,0.0015,1.95
3344,1.222,0.0,0.0,0.0,0.0,1.95
3345,1.222,0.0,0.0,0.0,0.0,1.95
3346,1.2225,0.5,0.1,0.0,0.0015,1.95
3347,1.222,0.0,0.0,0.0,0.0,1.95
3348,1.2225,0.5,0.1,0.0,0.0015,1.95
3349,1.2225,0.5,0.1,0.0,0.0015,1.95
3350,1.2225,0.5,0.1,0.0,0.0015,1.95
3351,1.222,0.0,0.0,0.0,0.0,1.95
3352,1.222,0.0,0.0,0.0,0.0,1.95
3353,1.2225,0.5,0.1,0.0,0.0015,1.95
3354,1.222,0.0,0.0,0.0,0.0,1.95
3355,1.222,0.0,0.0,0.0,0.0,1.95
3356,1.2225,0.5,0.1,0.0,0.0015,1.95
3357,1.2225,0.5,0.1,0.0,0.0015,1.95
3358,1.222,0.0,0.0,0.0,0.0,1.95
3359,1.2225,0.5,0.1,0.0,0.0015,1.95
3360,1.222,0.0,0.0,0.0,0.0,1.95
3361,1.222,0.0,0.0,0.0,0.0,1.95
3362,1.2225,0.5,0.1,0.0,0.0015,1.95
3363,1.2225,0.5,0.1,0.0,0.0015,1.95
3364,1.222,0.0,0.0,0.0,0.0,1.95
3365,1.2225,0.5,0.1,0.0,0.0015,1.95
3366,1.222,0.0,0.0,0.0,0.0,1.95
3367,1.222,0.0,0.0,0.0,0.0,1.95
3368,1.2225,0.5,0.1,0.0,0.0015,1.95
3369,1.222,0.0,0.0,0.0,0.0,1.95
3370,1.2225,0.5,0.1,0.0,0.0015,1.95
3371,1.222,0.0,0.0,0.0,0.0,1.95
3372,1.222,0.0,0.0,0.0,0.0,1.95
3373,1.2225,0.5,0.1,0.0,0.0015,1.95
3374,1.2225,0.5,0.1,0.0,0.0015,1.95
3375,1.222,0.0,0.0,0.0,0.0,1.95
3376,1.222,0.0,0.0,0.0,0.0,1.95
3377,1.2225,0.5,0.1,0.0,0.0015,1.95
3378,1.2225,0.5,0.1,0.0,0.0015,1.95
3379,1.2225,0.5,0.1,0.0,0.0015,1.95
3380,1.222,0.0,0.0,0.0,0.0,1.95
3381,1.222,0.0,0.0,0.0,0.0,1.95
3382,1.2225,0.5,0.1,0.0,0.0015,1.95
3383,1.222,0.0,0.0,0.0,0.0,1.95
3384,1.2225,0.5,0.1,0.0,0.0015,1.95
3385,1.2225,0.5,0.1,0.0,0.0015,1.95
3386,1.222,0.0,0.0,0.0,0.0,1.95
3387,1.222,0.0,0.0,0.0,0.0,1.95
3388,1.2225,0.5,0.1,0.0,0.0015,1.95
3389,1.222,0.0,0.0,0.0,0.0,1.95
3390,1.222,0.0,0.0,0.0,0.0,1.95
3391,1.2225,0.5,0.1,0.0,0.0015,1.95
3392,1.222,0.0,0.0,0.0,0.0,1.95
3393,1.222,0.0,0.0,0.0,0.0,1.95
3394,1.222,0.0,0.0,0.0,0.0,1.95
3395,1.2225,0.5,0.1,0.0,0.0015,1.95
3396,1.2225,0.5,0.1,0.0,0.0015,1.95
3397,1.2225,0.5,0.1,0.0,0.0015,1.95
3398,1.222,0.0,0.0,0.0,0.0,1.95
3399,1.222,0.0,0.0,0.0,0.0,1.95
3400,1.2225,0.5,0.1,0.0,0.0015,1.95
3401,1.2225,0.5,0.1,0.0,0.0015,1.95
3402,1.2225,0.5,0.1,0.0,0.0015,1.95
3403,1.2225,0.5,0.1,0.0,0.0015,1.95
3404,1.222,0.0,0.0,0.0,0.0,1.95
3405,1.222,0.0,0.0,0.0,0.0,1.95
3406,1.2225,0.5,0.1,0.0,0.0015,1.95
3407,1.222,0.0,0.0,0.0,0.0,1.95
3408,1.222,0.0,0.0,0.0,0.0,1.95
3409,1.2225,0.5,0.1,0.0,0.0015,1.95
3410,1.2225,0.5,0.1,0.0,0.0015,1.95
3411,1.2225,0.5,0.1,0.0,0.0015,1.95
3412,1.2225,0.5,0.1,0.0,0.0015,1.95
3413,1.2225,0.5,0.1,0.0,0.0015,1.95
3414,1.2225,0.5,0.1,0.0,0.0015,1.95
3415,1.222,0.0,0.0,0.0,0.0,1.95
3416,1.222,0.0,0.0,0.0,0.0,1.95
3417,1.2225,0.5,0.1,0.0,0.0015,1.95
3418,1.222,0.0,0.0,0.0,0.0,1.95
3419,1.222,0.0,0.0,0.0,0.0,1.95
3420,1.2225,0.5,0.1,0.0,0.0015,1.95
3421,1.222,0.0,0.0,0.0,0.0,1.95
3422,1.2225,0.5,0.1,0.0,0.0015,1.95
3423,1.2225,0.5,0.1,0.0,0.0015,1.95
3424,1.222,0.0,0.0,0.0,0.0,1.95
3425,1.2225,0.5,0.1,0.0,0.0015,1.95
3426,1.2225,0.5,0.1,0.0,0.0015,1.95
3427,1.2225,0.5,0.1,0.0,0.0015,1.95
3428,1.222,0.0,0.0,0.0,0.0,1.95
3429,1.222,0.0,0.0,0.0,0.0,1.95
3430,1.222,0.0,0.0,0.0,0.0,1.95
3431,1.222,0.0,0.0,0.0,0.0,1.95
3432,1.2225,0.5,0.1,0.0,0.0015,1.95
3433,1.222,0.0,0.0,0.0,0.0,1.95
3434,1.2225,0.5,0.1,0.0,0.0015,1.95
3435,1.222,0.0,0.0,0.0,0.0,1.95
3436,1.222,0.0,0.0,0.0,0.0,1.95
3437,1.222,0.0,0.0,0.0,0.0,1.95
3438,1.222,0.0,0.0,0.0,0.0,1.95
3439,1.222,0.0,0.0,0.0,0.0,1.95
3440,1.222,0.0,0.0,0.0,0.0,1.95
3441,1.2225,0.5,0.1,0.0,0.0015,1.95
3442,1.2225,0.5,0.1,0.0,0.0015,1.95
3443,1.2225,0.5,0.1,0.0,0.0015,1.95
3444,1.2225,0.5,0.1,0.0,0.0015,1.95
3445,1.2225,0.5,0.1,0.0,0.0015,1.95
3446,1.222,0.0,0.0,0.0,0.0,1.95
3447,1.222,0.0,0.0,0.0,0.0,1.95
3448,1.222,0.0,0.0,0.0,0.0,1.95
3449,1.2225,0.5,0.1,0.0,0.0015,1.95
3450,1.2225,0.5,0.1,0.0,0.0015,1.95
3451,1.2225,0.5,0.1,0.0,0.0015,1.95
3452,1.222,0.0,0.0,0.0,0.0,1.95
3453,1.2225,0.5,0.1,0.0,0.0015,1.95
3454,1.2225,0.5,0.1,0.0,0.0015,1.95
3455,1.222,0.0,0.0,0.0,0.0,1.95
3456,1.222,0.0,0.0,0.0,0.0,1.95
3457,1.2225,0.5,0.1,0.0,0.0015,1.95
3458,1.222,0.0,0.0,0.0,0.0,1.95
3459,1.2225,0.5,0.1,0.0,0.0015,1.95
3460,1.2225,0.5,0.1,0.0,0.0015,1.95
3461,1.222,0.0,0.0,0.0,0.0,1.95
3462,1.2225,0.5,0.1,0.0,0.0015,1.95
3463,1.222,0.0,0.0,0.0,0.0,1.95
3464,1.222,0.0,0.0,0.0,0.0,1.95
3465,1.2225,0.5,0.1,0.0,0.0015,1.95
3466,1.2225,0.5,0.1,0.0,0.0015,1.95
3467,1.222,0.0,0.0,0.0,0.0,1.95
3468,1.222,0.0,0.0,0.0,0.0,1.95
3469,1.222,0.0,0.0,0.0,0.0,1.95
3470,1.222,0.0,0.0,0.0,0.0,1.95
3471,1.2225,0.5,0.1,0.0,0.0015,1.95
3472,1.222,0.0,0.0,0.0,0.0,1.95
3473,1.222,0.0,0.0,0.0,0.0,1.95
3474,1.222,0.0,0.0,0.0,0.0,1.95
3475,1.222,0.0,0.0,0.0,0.0,1.95
3476,1.222,0.0,0.0,0.0,0.0,1.95
3477,1.2225,0.5,0.1,0.0,0.0015,1.95
3478,1.2225,0.5,0.1,0.0,0.0015,1.95
3479,1.2225,0.5,0.1,0.0,0.0015,1.95
3480,1.2225,0.5,0.1,0.0,0.0015,1.95
3481,1.2225,0.5,0.1,0.0,0.0015,1.95
3482,1.222,0.0,0.0,0.0,0.0,1.95
3483,1.222,0.0,0.0,0.0,0.0,1.95
3484,1.222,0.0,0.0,0.0,0.0,1.95
3485,1.222,0.0,0.0,0.0,0.0,1.95
3486,1.222,0.0,0.0,0.0,0.0,1.95
3487,1.222,0.0,0.0,0.0,0.0,1.95
3488,1.2225,0.5,0.1,0.0,0.0015,1.95
3489,1.2225,0.5,0.1,0.0,0.0015,1.95
3490,1.2225,0.5,0.1,0.0,0.0015,1.95
3491,1.2225,0.5,0.1,0.0,0.0015,1.95
3492,1.222,0.0,0.0,0.0,0.0,1.95
3493,1.222,0.0,0.0,0.0,0.0,1.95
3494,1.222,0.0,0.0,0.0,0.0,1.95
3495,1.2225,0.5,0.1,0.0,0.0015,1.95
3496,1.2225,0.5,0.1,0.0,0.0015,1.95
3497,1.2225,0.5,0.1,0.0,0.0015,1.95
3498,1.222,0.0,0.0,0.0,0.0,1.95
3499,1.222,0.0,0.0,0.0,0.0,1.95
3500,1.2225,0.5,0.1,0.0,0.0015,1.95
3501,1.2225,0.5,0.1,0.0,0.0015,1.95
3502,1.2225,0.5,0.1,0.0,0.0015,1.95
3503,1.222,0.0,0.0,0.0,0.0,1.95
3504,1.222,0.0,0.0,0.0,0.0,1.95
3505,1.2225,0.5,0.1,0.0,0.0015,1.95
3506,1.222,0.0,0.0,0.0,0.0,1.95
3507,1.2225,0.5,0.1,0.0,0.0015,1.95
3508,1.2225,0.5,0.1,0.0,0.0015,1.95
3509,1.222,0.0,0.0,0.0,0.0,1.95
3510,1.222,0.0,0.0,0.0,0.0,1.95
3511,1.2225,0.5,0.1,0.0,0.0015,1.95
3512,1.222,0.0,0.0,0.0,0.0,1.95
3513,1.2225,0.5,0.1,0.0,0.0015,1.95
3514,1.222,0.0,0.0,0.0,0.0,1.95
3515,1.2225,0.5,0.1,0.0,0.0015,1.95
3516,1.2225,0.5,0.1,0.0,0.0015,1.95
3517,1.222,0.0,0.0,0.0,0.0,1.95
3518,1.222,0.0,0.0,0.0,0.0,1.95
3519,1.2225,0.5,0.1,0.0,0.0015,1.95
3520,1.2225,0.5,0.1,0.0,0.0015,1.95
3521,1.222,0.0,0.0,0.0,0.0,1.95
3522,1.222,0.0,0.0,0.0,0.0,1.95
3523,1.2225,0.5,0.1,0.0,0.0015,1.95
3524,1.222,0.0,0.0,0.0,0.0,1.95
3525,1.222,0.0,0.0,0.0,0.0,1.95
3526,1.222,0.0,0.0,0.0,0.0,1.95
3527,1.222,0.0,0.0,0.0,0.0,1.95
3528,1.222,0.0,0.0,0.0,0.0,1.95
3529,1.2225,0.5,0.1,0.0,0.0015,1.95
3530,1.222,0.0,0.0,0.0,0.0,1.95
3531,1.222,0.0,0.0,0.0,0.0,1.95
3532,1.2225,0.5,0.1,0.0,0.0015,1.95
3533,1.222,0.0,0.0,0.0,0.0,1.95
3534,1.222,0.0,0.0,0.0,0.0,1.95
3535,1.2225,0.5,0.1,0.0,0.0015,1.95
3536,1.222,0.0,0.0,0.0,0.0,1.95
3537,1.2225,0.5,0.1,0.0,0.0015,1.95
3538,1.2225,0.5,0.1,0.0,0.0015,1.95
3539,1.2225,0.5,0.1,0.0,0.0015,1.95
3540,1.222,0.0,0.0,0.0,0.0,1.95
3541,1.2225,0.5,0.1,0.0,0.0015,1.95
3542,1.222,0.0,0.0,0.0,0.0,1.95
3543,1.2225,0.5,0.1,0.0,0.0015,1.95
3544,1.222,0.0,0.0,0.0,0.0,1.95
3545,1.222,0.0,0.0,0.0,0.0,1.95
3546,1.2225,0.5,0.1,0.0,0.0015,1.95
3547,1.2225,0.5,0.1,0.0,0.0015,1.95
3548,1.222,0.0,0.0,0.0,0.0,1.95
3549,1.222,0.0,0.0,0.0,0.0,1.95
3550,1.222,0.0,0.0,0.0,0.0,1.95
3551,1.2225,0.5,0.1,0.0,0.0015,1.95
3552,1.2225,0.5,0.1,0.0,0.0015,1.95
3553,1.222,0.0,0.0,0.0,0.0,1.95
3554,1.222,0.0,0.0,0.0,0.0,1.95
3555,1.222,0.0,0.0,0.0,0.0,1.95
3556,1.222,0.0,0.0,0.0,0.0,1.95
3557,1.2225,0.5,0.1,0.0,0.0015,1.95
3558,1.222,0.0,0.0,0.0,0.0,1.95
3559,1.2225,0.5,0.1,0.0,0.0015,1.95
3560,1.222,0.0,0.0,0.0,0.0,1.95
3561,1.222,0.0,0.0,0.0,0.0,1.95
3562,1.222,0.0,0.0,0.0,0.0,1.95
3563,1.2225,0.5,0.1,0.0,0.0015,1.95
3564,1.222,0.0,0.0,0.0,0.0,1.95
3565,1.222,0.0,0.0,0.0,0.0,1.95
3566,1.2225,0.5,0.1,0.0,0.0015,1.95
3567,1.222,0.0,0.0,0.0,0.0,1.95
3568,1.222,0.0,0.0,0.0,0.0,1.95
3569,1.2225,0.5,0.1,0.0,0.0015,1.95
3570,1.2225,0.5,0.1,0.0,0.0015,1.95
3571,1.2225,0.5,0.1,0.0,0.0015,1.95
3572,1.2225,0.5,0.1,0.0,0.0015,1.95
3573,1.222,0.0,0.0,0.0,0.0,1.95
3574,1.2225,0.5,0.1,0.0,0.0015,1.95
3575,1.2225,0.5,0.1,0.0,0.0015,1.95
3576,1.2225,0.5,0.1,0.0,0.0015,1.95
3577,1.222,0.0,0.0,0.0,0.0,1.95
3578,1.222,0.0,0.0,0.0,0.0,1.95
3579,1.222,0.0,0.0,0.0,0.0,1.95
3580,1.222,0.0,0.0,0.0,0.0,1.95
3581,1.222,0.0,0.0,0.0,0.0,1.95
3582,1.222,0.0,0.0,0.0,0.0,1.95
3583,1.222,0.0,0.0,0.0,0.0,1.95
3584,1.2225,0.5,0.1,0.0,0.0015,1.95
3585,1.222,0.0,0.0,0.0,0.0,1.95
3586,1.2225,0.5,0.1,0.0,0.0015,1.95
3587,1.222,0.0,0.0,0.0,0.0,1.95
3588,1.2225,0.5,0.1,0.0,0.0015,1.95
3589,1.2225,0.5,0.1,0.0,0.0015,1.95
3590,1.222,0.0,0.0,0.0,0.0,1.95
3591,1.2225,0.5,0.1,0.0,0.0015,1.95
3592,1.2225,0.5,0.1,0.0,0.0015,1.95
3593,1.2225,0.5,0.1,0.0,0.0015,1.95
3594,1.2225,0.5,0.1,0.0,0.0015,1.95
3595,1.222,0.0,0.0,0.0,0.0,1.95
3596,1.2225,0.5,0.1,0.0,0.0015,1.95
3597,1.2225,0.5,0.1,0.0,0.0015,1.95
3598,1.222,0.0,0.0,0.0,0.0,1.95
3599,1.222,0.0,0.0,0.0,0.0,1.95
3600,1.2225,0.5,0.1,0.0,0.0015,1.95
3601,1.2225,0.5,0.1,0.0,0.0015,1.95
3602,1.2225,0.5,0.1,0.0,0.0015,1.95
3603,1.222,0.0,0.0,0.0,0.0,1.95
3604,1.2225,0.5,0.1,0.0,0.0015,1.95
3605,1.2225,0.5,0.1,0.0,0.0015,1.95
3606,1.2225,0.5,0.1,0.0,0.0015,1.95
3607,1.2225,0.5,0.1,0.0,0.0015,1.95
3608,1.222,0.0,0.0,0.0,0.0,1.95
3609,1.2225,0.5,0.1,0.0,0.0015,1.95
3610,1.222,0.0,0.0,0.0,0.0,1.95
3611,1.2225,0.5,0.1,0.0,0.0015,1.95
3612,1.222,0.0,0.0,0.0,0.0,1.95
3613,1.222,0.0,0.0,0.0,0.0,1.95
3614,1.222,0.0,0.0,0.0,0.0,1.95
3615,1.2225,0.5,0.1,0.0,0.0015,1.95
3616,1.222,0.0,0.0,0.0,0.0,1.95
3617,1.222,0.0,0.0,0.0,0.0,1.95
3618,1.222,0.0,0.0,0.0,0.0,1.95
3619,1.222,0.0,0.0,0.0,0.0,1.95
3620,1.2225,0.5,0.1,0.0,0.0015,1.95
3621,1.222,0.0,0.0,0.0,0.0,1.95
3622,1.222,0.0,0.0,0.0,0.0,1.95
3623,1.222,0.0,0.0,0.0,0.0,1.95
3624,1.222,0.0,0.0,0.0,0.0,1.95
3625,1.2225,0.5,0.1,0.0,0.0015,1.95
3626,1.2225,0.5,0.1,0.0,0.0015,1.95
3627,1.2225,0.5,0.1,0.0,0.0015,1.95
3628,1.222,0.0,0.0,0.0,0.0,1.95
3629,1.2225,0.5,0.1,0.0,0.0015,1.95
3630,1.2225,0.5,0.1,0.0,0.0015,1.95
3631,1.222,0.0,0.0,0.0,0.0,1.95
3632,1.222,0.0,0.0,0.0,0.0,1.95
3633,1.2225,0.5,0.1,0.0,0.0015,1.95
3634,1.2225,0.5,0.1,0.0,0.0015,1.95
3635,1.222,0.0,0.0,0.0,0.0,1.95
3636,1.222,0.0,0.0,0.0,0.0,1.95
3637,1.222,0.0,0.0,0.0,0.0,1.95
3638,1.222,0.0,0.0,0.0,0.0,1.95
3639,1.222,0.0,0.0,0.0,0.0,1.95
3640,1.2225,0.5,0.1,0.0,0.0015,1.95
3641,1.222,0.0,0.0,0.0,0.0,1.95
3642,1.222,0.0,0.0,0.0,0.0,1.95
3643,1.2225,0.5,0.1,0.0,0.0015,1.95
3644,1.222,0.0,0.0,0.0,0.0,1.95
3645,1.222,0.0,0.0,0.0,0.0,1.95
3646,1.222,0.0,0.0,0.0,0.0,1.95
3647,1.2225,0.5,0.1,0.0,0.0015,1.95
3648,1.222,0.0,0.0,0.0,0.0,1.95
3649,1.222,0.0,0.0,0.0,0.0,1.95
3650,1.2225,0.5,0.1,0.0,0.0015,1.95
3651,1.222,0.0,0.0,0.0,0.0,1.95
3652,1.222,0.0,0.0,0.0,0.0,1.95
3653,1.222,0.0,0.0,0.0,0.0,1.95
3654,1.2225,0.5,0.1,0.0,0.0015,1.95
3655,1.2225,0.5,0.1,0.0,0.0015,1.95
3656,1.2225,0.5,0.1,0.0,0.0015,1.95
3657,1.222,0.0,0.0,0.0,0.0,1.95
3658,1.222,0.0,0.0,0.0,0.0,1.95
3659,1.2225,0.5,0.1,0.0,0.0015,1.95
3660,1.222,0.0,0.0,0.0,0.0,1.95
3661,1.2225,0.5,0.1,0.0,0.0015,1.95
3662,1.2225,0.5,0.1,0.0,0.0015,1.95
3663,1.2225,0.5,0.1,0.0,0.0015,1.95
3664,1.2225,0.5,0.1,0.0,0.0015,1.95
3665,1.2225,0.5,0.1,0.0,0.0015,1.95
3666,1.222,0.0,0.0,0.0,0.0,1.95
3667,1.2225,0.5,0.1,0.0,0.0015,1.95
3668,1.222,0.0,0.0,0.0,0.0,1.95
3669,1.2225,0.5,0.1,0.0,0.0015,1.95
3670,1.222,0.0,0.0,0.0,0.0,1.95
3671,1.2225,0.5,0.1,0.0,0.0015,1.95
3672,1.222,0.0,0.0,0.0,0.0,1.95
3673,1.2225,0.5,0.1,0.0,0.0015,1.95
3674,1.2225,0.5,0.1,0.0,0.0015,1.95
3675,1.2225,0.5,0.1,0.0,0.0015,1.95
3676,1.222,0.0,0.0,0.0,0.0,1.95
3677,1.222,0.0,0.0,0.0,0.0,1.95
3678,1.222,0.0,0.0,0.0,0.0,1.95
3679,1.2225,0.5,0.1,0.0,0.0015,1.95
3680,1.2225,0.5,0.1,0.0,0.0015,1.95
3681,1.2225,0.5,0.1,0.0,0.0015,1.95
3682,1.2225,0.5,0.1,0.0,0.0015,1.95
3683,1.222,0.0,0.0,0.0,0.0,1.95
3684,1.2225,0.5,0.1,0.0,0.0015,1.95
3685,1.222,0.0,0.0,0.0,0.0,1.95
3686,1.222,0.0,0.0,0.0,0.0,1.95
3687,1.222,0.0,0.0,0.0,0.0,1.95
3688,1.2225,0.5,0.1,0.0,0.0015,1.95
3689,1.222,0.0,0.0,0.0,0.0,1.95
3690,1.222,0.0,0.0,0.0,0.0,1.95
3691,1.222,0.0,0.0,0.0,0.0,1.95
3692,1.2225,0.5,0.1,0.0,0.0015,1.95
3693,1.2225,0.5,0.1,0.0,0.0015,1.95
3694,1.2225,0.5,0.1,0.0,0.0015,1.95
3695,1.2225,0.5,0.1,0.0,0.0015,1.95
3696,1.222,0.0,0.0,0.0,0.0,1.95
3697,1.222,0.0,0.0,0.0,0.0,1.95
3698,1.2225,0.5,0.1,0.0,0.0015,1.95
3699,1.2225,0.5,0.1,0.0,0.0015,1.95
3700,1.2225,0.5,0.1,0.0,0.0015,1.95
3701,1.222,0.0,0.0,0.0,0.0,1.95
3702,1.2225,0.5,0.1,0.0,0.0015,1.95
3703,1.222,0.0,0.0,0.0,0.0,1.95
3704,1.2225,0.5,0.1,0.0,0.0015,1.95
3705,1.2225,0.5,0.1,0.0,0.0015,1.95
3706,1.2225,0.5,0.1,0.0,0.0015,1.95
3707,1.2225,0.5,0.1,0.0,0.0015,1.95
3708,1.222,0.0,0.0,0.0,0.0,1.95
3709,1.2225,0.5,0.1,0.0,0.0015,1.95
3710,1.2225,0.5,0.1,0.0,0.0015,1.95
3711,1.2225,0.5,0.1,0.0,0.0015,1.95
3712,1.222,0.0,0.0,0.0,0.0,1.95
3713,1.222,0.0,0.0,0.0,0.0,1.95
3714,1.222,0.0,0.0,0.0,0.0,1.95
3715,1.2225,0.5,0.1,0.0,0.0015,1.95
3716,1.222,0.0,0.0,0.0,0.0,1.95
3717,1.222,0.0,0.0,0.0,0.0,1.95
3718,1.2225,0.5,0.1,0.0,0.0015,1.95
3719,1.2225,0.5,0.1,0.0,0.0015,1.95
3720,1.222,0.0,0.0,0.0,0.0,1.95
3721,1.2225,0.5,0.1,0.0,0.0015,1.95
3722,1.2225,0.5,0.1,0.0,0.0015,1.95
3723,1.222,0.0,0.0,0.0,0.0,1.95
3724,1.2225,0.5,0.1,0.0,0.0015,1.95
3725,1.222,0.0,0.0,0.0,0.0,1.95
3726,1.222,0.0,0.0,0.0,0.0,1.95
3727,1.222,0.0,0.0,0.0,0.0,1.95
3728,1.222,0.0,0.0,0.0,0.0,1.95
3729,1.222,0.0,0.0,0.0,0.0,1.95
3730,1.2225,0.5,0.1,0.0,0.0015,1.95
3731,1.2225,0.5,0.1,0.0,0.0015,1.95
3732,1.222,0.0,0.0,0.0,0.0,1.95
3733,1.222,0.0,0.0,0.0,0.0,1.95
3734,1.2225,0.5,0.1,0.0,0.0015,1.95
3735,1.2225,0.5,0.1,0.0,0.0015,1.95
3736,1.222,0.0,0.0,0.0,0.0,1.95
3737,1.2225,0.5,0.1,0.0,0.0015,1.95
3738,1.2225,0.5,0.1,0.0,0.0015,1.95
3739,1.2225,0.5,0.1,0.0,0.0015,1.95
3740,1.2225,0.5,0.1,0.0,0.0015,1.95
3741,1.2225,0.5,0.1,0.0,0.0015,1.95
3742,1.2225,0.5,0.1,0.0,0.0015,1.95
3743,1.2225,0.5,0.1,0.0,0.0015,1.95
3744,1.2225,0.5,0.1,0.0,0.0015,1.95
3745,1.2225,0.5,0.1,0.0,0.0015,1.95
3746,1.222,0.0,0.0,0.0,0.0,1.95
3747,1.2225,0.5,0.1,0.0,0.0015,1.95
3748,1.222,0.0,0.0,0.0,0.0,1.95
3749,1.222,0.0,0.0,0.0,0.0,1.95
3750,1.2225,0.5,0.1,0.0,0.0015,1.95
3751,1.222,0.0,0.0,0.0,0.0,1.95
3752,1.2225,0.5,0.1,0.0,0.0015,1.95
3753,1.222,0.0,0.0,0.0,0.0,1.95
3754,1.222,0.0,0.0,0.0,0.0,1.95
3755,1.222,0.0,0.0,0.0,0.0,1.95
3756,1.2225,0.5,0.1,0.0,0.0015,1.95
3757,1.2225,0.5,0.1,0.0,0.0015,1.95
3758,1.2225,0.5,0.1,0.0,0.0015,1.95
3759,1.2225,0.5,0.1,0.0,0.0015,1.95
3760,1.2225,0.5,0.1,0.0,0.0015,1.95
3761,1.2225,0.5,0.1,0.0,0.0015,1.95
3762,1.222,0.0,0.0,0.0,0.0,1.95
3763,1.2225,0.5,0.1,0.0,0.0015,1.95
3764,1.2225,0.5,0.1,0.0,0.0015,1.95
3765,1.222,0.0,0.0,0.0,0.0,1.95
3766,1.222,0.0,0.0,0.0,0.0,1.95
3767,1.2225,0.5,0.1,0.0,0.0015,1.95
3768,1.222,0.0,0.0,0.0,0.0,1.95
3769,1.222,0.0,0.0,0.0,0.0,1.95
3770,1.2225,0.5,0.1,0.0,0.0015,1.95
3771,1.222,0.0,0.0,0.0,0.0,1.95
3772,1.222,0.0,0.0,0.0,0.0,1.95
3773,1.222,0.0,0.0,0.0,0.0,1.95
3774,1.222,0.0,0.0,0.0,0.0,1.95
3775,1.2225,0.5,0.1,0.0,0.0015,1.95
3776,1.2225,0.5,0.1,0.0,0.0015,1.95
3777,1.2225,0.5,0.1,0.0,0.0015,1.95
3778,1.2225,0.5,0.1,0.0,0.0015,1.95
3779,1.2225,0.5,0.1,0.0,0.0015,1.95
3780,1.222,0.0,0.0,0.0,0.0,1.95
3781,1.2225,0.5,0.1,0.0,0.0015,1.95
3782,1.222,0.0,0.0,0.0,0.0,1.95
3783,1.2225,0.5,0.1,0.0,0.0015,1.95
3784,1.2225,0.5,0.1,0.0,0.0015,1.95
3785,1.2225,0.5,0.1,0.0,0.0015,1.95
3786,1.222,0.0,0.0,0.0,0.0,1.95
3787,1.222,0.0,0.0,0.0,0.0,1.95
3788,1.222,0.0,0.0,0.0,0.0,1.95
3789,1.222,0.0,0.0,0.0,0.0,1.95
3790,1.2225,0.5,0.1,0.0,0.0015,1.95
3791,1.222,0.0,0.0,0.0,0.0,1.95
3792,1.2225,0.5,0.1,0.0,0.0015,1.95
3793,1.2225,0.5,0.1,0.0,0.0015,1.95
3794,1.2225,0.5,0.1,0.0,0.0015,1.95
3795,1.2225,0.5,0.1,0.0,0.0015,1.95
3796,1.2225,0.5,0.1,0.0,0.0015,1.95
3797,1.222,0.0,0.0,0.0,0.0,1.95
3798,1.2225,0.5,0.1,0.0,0.0015,1.95
3799,1.2225,0.5,0.1,0.0,0.0015,1.95
3800,1.222,0.0,0.0,0.0,0.0,1.95
3801,1.222,0.0,0.0,0.0,0.0,1.95
3802,1.2225,0.5,0.1,0.0,0.0015,1.95
3803,1.2225,0.5,0.1,0.0,0.0015,1.95
3804,1.2225,0.5,0.1,0.0,0.0015,1.95
3805,1.222,0.0,0.0,0.0,0.0,1.95
3806,1.222,0.0,0.0,0.0,0.0,1.95
3807,1.2225,0.5,0.1,0.0,0.0015,1.95
3808,1.2225,0.5,0.1,0.0,0.0015,1.95
3809,1.222,0.0,0.0,0.0,0.0,1.95
3810,1.222,0.0,0.0,0.0,0.0,1.95
3811,1.222,0.0,0.0,0.0,0.0,1.95
3812,1.2225,0.5,0.1,0.0,0.0015,1.95
3813,1.2225,0.5,0.1,0.0,0.0015,1.95
3814,1.2225,0.5,0.1,0.0,0.0015,1.95
3815,1.2225,0.5,0.1,0.0,0.0015,1.95
3816,1.222,0.0,0.0,0.0,0.0,1.95
3817,1.222,0.0,0.0,0.0,0.0,1.95
3818,1.2225,0.5,0.1,0.0,0.0015,1.95
3819,1.222,0.0,0.0,0.0,0.0,1.95
3820,1.2225,0.5,0.1,0.0,0.0015,1.95
3821,1.2225,0.5,0.1,0.0,0.0015,1.95
3822,1.222,0.0,0.0,0.0,0.0,1.95
3823,1.2225,0.5,0.1,0.0,0.0015,1.95
3824,1.2225,0.5,0.1,0.0,0.0015,1.95
3825,1.222,0.0,0.0,0.0,0.0,1.95
3826,1.222,0.0,0.0,0.0,0.0,1.95
3827,1.2225,0.5,0.1,0.0,0.0015,1.95
3828,1.2225,0.5,0.1,0.0,0.0015,1.95
3829,1.222,0.0,0.0,0.0,0.0,1.95
3830,1.222,0.0,0.0,0.0,0.0,1.95
3831,1.222,0.0,0.0,0.0,0.0,1.95
3832,1.2225,0.5,0.1,0.0,0.0015,1.95
3833,1.2225,0.5,0.1,0.0,0.0015,1.95
3834,1.222,0.0,0.0,0.0,0.0,1.95
3835,1.2225,0.5,0.1,0.0,0.0015,1.95
3836,1.222,0.0,0.0,0.0,0.0,1.95
3837,1.2225,0.5,0.1,0.0,0.0015,1.95
3838,1.222,0.0,0.0,0.0,0.0,1.95
3839,1.222,0.0,0.0,0.0,0.0,1.95
3840,1.2225,0.5,0.1,0.0,0.0015,1.95
3841,1.222,0.0,0.0,0.0,0.0,1.95
3842,1.222,0.0,0.0,0.0,0.0,1.95
3843,1.2225,0.5,0.1,0.0,0.0015,1.95
3844,1.222,0.0,0.0,0.0,0.0,1.95
3845,1.2225,0.5,0.1,0.0,0.0015,1.95
3846,1.2225,0.5,0.1,0.0,0.0015,1.95
3847,1.222,0.0,0.0,0.0,0.0,1.95
3848,1.222,0.0,0.0,0.0,0.0,1.95
3849,1.222,0.0,0.0,0.0,0.0,1.95
3850,1.222,0.0,0.0,0.0,0.0,1.95
3851,1.2225,0.5,0.1,0.0,0.0015,1.95
3852,1.2225,0.5,0.1,0.0,0.0015,1.95
3853,1.2225,0.5,0.1,0.0,0.0015,1.95
3854,1.222,0.0,0.0,0.0,0.0,1.95
3855,1.222,0.0,0.0,0.0,0.0,1.95
3856,1.222,0.0,0.0,0.0,0.0,1.95
3857,1.2225,0.5,0.1,0.0,0.0015,1.95
3858,1.2225,0.5,0.1,0.0,0.0015,1.95
3859,1.2225,0.5,0.1,0.0,0.0015,1.95
3860,1.2225,0.5,0.1,0.0,0.0015,1.95
3861,1.2225,0.5,0.1,0.0,0.0015,1.95
3862,1.2225,0.5,0.1,0.0,0.0015,1.95
3863,1.2225,0.5,0.1,0.0,0.0015,1.95
3864,1.222,0.0,0.0,0.0,0.0,1.95
3865,1.222,0.0,0.0,0.0,0.0,1.95
3866,1.2225,0.5,0.1,0.0,0.0015,1.95
3867,1.2225,0.5,0.1,0.0,0.0015,1.95
3868,1.222,0.0,0.0,0.0,0.0,1.95
3869,1.222,0.0,0.0,0.0,0.0,1.95
3870,1.2225,0.5,0.1,0.0,0.0015,1.95
3871,1.2225,0.5,0.1,0.0,0.0015,1.95
3872,1.222,0.0,0.0,0.0,0.0,1.95
3873,1.222,0.0,0.0,0.0,0.0,1.95
3874,1.222,0.0,0.0,0.0,0.0,1.95
3875,1.2225,0.5,0.1,0.0,0.0015,1.95
3876,1.2225,0.5,0.1,0.0,0.0015,1.95
3877,1.222,0.0,0.0,0.0,0.0,1.95
3878,1.222,0.0,0.0,0.0,0.0,1.95
3879,1.222,0.0,0.0,0.0,0.0,1.95
3880,1.222,0.0,0.0,0.0,0.0,1.95
3881,1.222,0.0,0.0,0.0,0.0,1.95
3882,1.222,0.0,0.0,0.0,0.0,1.95
3883,1.2225,0.5,0.1,0.0,0.0015,1.95
3884,1.222,0.0,0.0,0.0,0.0,1.95
3885,1.2225,0.5,0.1,0.0,0.0015,1.95
3886,1.2225,0.5,0.1,0.0,0.0015,1.95
3887,1.2225,0.5,0.1,0.0,0.0015,1.95
3888,1.2225,0.5,0.1,0.0,0.0015,1.95
3889,1.222,0.0,0.0,0.0,0.0,1.95
3890,1.2225,0.5,0.1,0.0,0.0015,1.95
3891,1.2225,0.5,0.1,0.0,0.0015,1.95
3892,1.222,0.0,0.0,0.0,0.0,1.95
3893,1.2225,0.5,0.1,0.0,0.0015,1.95
3894,1.2225,0.5,0.1,0.0,0.0015,1.95
3895,1.2225,0.5,0.1,0.0,0.0015,1.95
3896,1.2225,0.5,0.1,0.0,0.0015,1.95
3897,1.222,0.0,0.0,0.0,0.0,1.95
3898,1.2225,0.5,0.1,0.0,0.0015,1.95
3899,1.222,0.0,0.0,0.0,0.0,1.95
3900,1.222,0.0,0.0,0.0,0.0,1.95
3901,1.2225,0.5,0.1,0.0,0.0015,1.95
3902,1.2225,0.5,0.1,0.0,0.0015,1.95
3903,1.222,0.0,0.0,0.0,0.0,1.95
3904,1.222,0.0,0.0,0.0,0.0,1.95
3905,1.2225,0.5,0.1,0.0,0.0015,1.95
3906,1.222,0.0,0.0,0.0,0.0,1.95
3907,1.2225,0.5,0.1,0.0,0.0015,1.95
3908,1.222,0.0,0.0,0.0,0.0,1.95
3909,1.2225,0.5,0.1,0.0,0.0015,1.95
3910,1.2225,0.5,0.1,0.0,0.0015,1.95
3911,1.222,0.0,0.0,0.0,0.0,1.95
3912,1.2225,0.5,0.1,0.0,0.0015,1.95
3913,1.222,0.0,0.0,0.0,0.0,1.95
3914,1.222,0.0,0.0,0.0,0.0,1.95
3915,1.222,0.0,0.0,0.0,0.0,1.95
3916,1.2225,0.5,0.1,0.0,0.0015,1.95
3917,1.2225,0.5,0.1,0.0,0.0015,1.95
3918,1.222,0.0,0.0,0.0,0.0,1.95
3919,1.222,0.0,0.0,0.0,0.0,1.95
3920,1.2225,0.5,0.1,0.0,0.0015,1.95
3921,1.222,0.0,0.0,0.0,0.0,1.95
3922,1.2225,0.5,0.1,0.0,0.0015,1.95
3923,1.2225,0.5,0.1,0.0,0.0015,1.95
3924,1.222,0.0,0.0,0.0,0.0,1.95
3925,1.222,0.0,0.0,0.0,0.0,1.95
3926,1.222,0.0,0.0,0.0,0.0,1.95
3927,1.222,0.0,0.0,0.0,0.0,1.95
3928,1.2225,0.5,0.1,0.0,0.0015,1.95
3929,1.2225,0.5,0.1,0.0,0.0015,1.95
3930,1.222,0.0,0.0,0.0,0.0,1.95
3931,1.222,0.0,0.0,0.0,0.0,1.95
3932,1.2225,0.5,0.1,0.0,0.0015,1.95
3933,1.222,0.0,0.0,0.0,0.0,1.95
3934,1.2225,0.5,0.1,0.0,0.0015,1.95
3935,1.2225,0.5,0.1,0.0,0.0015,1.95
3936,1.2225,0.5,0.1,0.0,0.0015,1.95
3937,1.222,0.0,0.0,0.0,0.0,1.95
3938,1.222,0.0,0.0,0.0,0.0,1.95
3939,1.222,0.0,0.0,0.0,0.0,1.95
3940,1.222,0.0,0.0,0.0,0.0,1.95
3941,1.222,0.0,0.0,0.0,0.0,1.95
3942,1.222,0.0,0.0,0.0,0.0,1.95
3943,1.222,0.0,0.0,0.0,0.0,1.95
3944,1.222,0.0,0.0,0.0,0.0,1.95
3945,1.2225,0.5,0.1,0.0,0.0015,1.95
3946,1.222,0.0,0.0,0.0,0.0,1.95
3947,1.2225,0.5,0.1,0.0,0.0015,1.95
3948,1.222,0.0,0.0,0.0,0.0,1.95
3949,1.2225,0.5,0.1,0.0,0.0015,1.95
3950,1.222,0.0,0.0,0.0,0.0,1.95
3951,1.2225,0.5,0.1,0.0,0.0015,1.95
3952,1.222,0.0,0.0,0.0,0.0,1.95
3953,1.2225,0.5,0.1,0.0,0.0015,1.95
3954,1.2225,0.5,0.1,0.0,0.0015,1.95
3955,1.222,0.0,0.0,0.0,0.0,1.95
3956,1.222,0.0,0.0,0.0,0.0,1.95
3957,1.222,0.0,0.0,0.0,0.0,1.95
3958,1.222,0.0,0.0,0.0,0.0,1.95
3959,1.2225,0.5,0.1,0.0,0.0015,1.95
3960,1.2225,0.5,0.1,0.0,0.0015,1.95
3961,1.2225,0.5,0.1,0.0,0.0015,1.95
3962,1.222,0.0,0.0,0.0,0.0,1.95
3963,1.2225,0.5,0.1,0.0,0.0015,1.95
3964,1.2225,0.5,0.1,0.0,0.0015,1.95
3965,1.222,0.0,0.0,0.0,0.0,1.95
3966,1.222,0.0,0.0,0.0,0.0,1.95
3967,1.222,0.0,0.0,0.0,0.0,1.95
3968,1.222,0.0,0.0,0.0,0.0,1.95
3969,1.2225,0.5,0.1,0.0,0.0015,1.95
3970,1.222,0.0,0.0,0.0,0.0,1.95
3971,1.222,0.0,0.0,0.0,0.0,1.95
3972,1.222,0.0,0.0,0.0,0.0,1.95
3973,1.222,0.0,0.0,0.0,0.0,1.95
3974,1.222,0.0,0.0,0.0,0.0,1.95
3975,1.2225,0.5,0.1,0.0,0.0015,1.95
3976,1.2225,0.5,0.1,0.0,0.0015,1.95
3977,1.222,0.0,0.0,0.0,0.0,1.95
3978,1.222,0.0,0.0,0.0,0.0,1.95
3979,1.2225,0.5,0.1,0.0,0.0015,1.95
3980,1.222,0.0,0.0,0.0,0.0,1.95
3981,1.222,0.0,0.0,0.0,0.0,1.95
3982,1.222,0.0,0.0,0.0,0.0,1.95
3983,1.222,0.0,0.0,0.0,0.0,1.95
3984,1.222,0.0,0.0,0.0,0.0,1.95
3985,1.222,0.0,0.0,0.0,0.0,1.95
3986,1.2225,0.5,0.1,0.0,0.0015,1.95
3987,1.2225,0.5,0.1,0.0,0.0015,1.95
3988,1.2225,0.5,0.1,0.0,0.0015,1.95
3989,1.2225,0.5,0.1,0.0,0.0015,1.95
3990,1.222,0.0,0.0,0.0,0.0,1.95
3991,1.2225,0.5,0.1,0.0,0.0015,1.95
3992,1.222,0.0,0.0,0.0,0.0,1.95
3993,1.222,0.0,0.0,0.0,0.0,1.95
3994,1.2225,0.5,0.1,0.0,0.0015,1.95
3995,1.222,0.0,0.0,0.0,0.0,1.95
3996,1.222,0.0,0.0,0.0,0.0,1.95
3997,1.2225,0.5,0.1,0.0,0.0015,1.95
3998,1.2225,0.5,0.1,0.0,0.0015,1.95
3999,1.222,0.0,0.0,0.0,0.0,1.95
4000,1.2225,0.5,0.1,0.0,0.0015,1.95
4001,1.2225,0.5,0.1,0.0,0.0015,1.95
4002,1.222,0.0,0.0,0.0,0.0,1.95
4003,1.222,0.0,0.0,0.0,0.0,1.95
1,1.222,0.0,0.0,0.0,0.0,1.95
2,1.222,0.0,0.0,0.0,0.0,1.95
3,0.022,0.5,0.1,0.02,0.0025,1.95
4,1.222,0.0,0.0,0.0,0.0,1.95
5,1.222,0.0,0.0,0.0,0.0,1.95
6,0.022,0.5,0.1,0.02,0.0025,1.95
7,1.222,0.0,0.0,0.0,0.0,1.95
8,0.022,0.5,0.1,0.02,0.0025,1.95
9,1.222,0.0,0.0,0.0,0.0,1.95
10,0.022,0.5,0.1,0.02,0.0025,1.95
11,0.022,0.5,0.1,0.02,0.0025,1.95
12,1.222,0.0,0.0,0.0,0.0,1.95
13,1.222,0.0,0.0,0.0,0.0,1.95
14,1.222,0.0,0.0,0.0,0.0,1.95
15,0.022,0.5,0.1,0.02,0.0025,1.95
16,1.222,0.0,0.0,0.0,0.0,1.95
17,0.022,0.5,0.1,0.02,0.0025,1.95
18,0.022,0.5,0.1,0.02,0.0025,1.95
19,0.022,0.5,0.1,0.02,0.0025,1.95
20,1.222,0.0,0.0,0.0,0.0,1.95
21,0.022,0.5,0.1,0.02,0.0025,1.95
22,0.022,0.5,0.1,0.02,0.0025,1.95
23,1.222,0.0,0.0,0.0,0.0,1.95
24,0.022,0.5,0.1,0.02,0.0025,1.95
25,1.222,0.0,0.0,0.0,0.0,1.95
26,1.222,0.0,0.0,0.0,0.0,1.95
27,1.222,0.0,0.0,0.0,0.0,1.95
28,0.022,0.5,0.1,0.02,0.0025,1.95
29,0.022,0.5,0.1,0.02,0.0025,1.95
30,0.022,0.5,0.1,0.02,0.0025,1.95
31,0.022,0.5,0.1,0.02,0.0025,1.95
32,1.222,0.0,0.0,0.0,0.0,1.95
33,1.222,0.0,0.0,0.0,0.0,1.95
34,0.022,0.5,0.1,0.02,0.0025,1.95
35,0.022,0.5,0.1,0.02,0.0025,1.95
36,0.022,0.5,0.1,0.02,0.0025,1.95
37,0.022,0.5,0.1,0.02,0.0025,1.95
38,1.222,0.0,0.0,0.0,0.0,1.95
39,1.222,0.0,0.0,0.0,0.0,1.95
40,1.222,0.0,0.0,0.0,0.0,1.95
41,0.022,0.5,0.1,0.02,0.0025,1.95
42,1.222,0.0,0.0,0.0,0.0,1.95
43,0.022,0.5,0.1,0.02,0.0025,1.95
44,0.022,0.5,0.1,0.02,0.0025,1.95
45,1.222,0.0,0.0,0.0,0.0,1.95
46,1.222,0.0,0.0,0.0,0.0,1.95
47,1.222,0.0,0.0,0.0,0.0,1.95
48,0.022,0.5,0.1,0.02,0.0025,1.95
49,0.022,0.5,0.1,0.02,0.0025,1.95
50,0.022,0.5,0.1,0.02,0.0025,1.95
51,1.222,0.0,0.0,0.0,0.0,1.95
52,0.022,0.5,0.1,0.02,0.0025,1.95
53,1.222,0.0,0.0,0.0,0.0,1.95
54,1.222,0.0,0.0,0.0,0.0,1.95
55,1.222,0.0,0.0,0.0,0.0,1.95
56,1.222,0.0,0.0,0.0,0.0,1.95
57,0.022,0.5,0.1,0.02,0.0025,1.95
58,1.222,0.0,0.0,0.0,0.0,1.95
59,1.222,0.0,0.0,0.0,0.0,1.95
60,1.222,0.0,0.0,0.0,0.0,1.95
61,0.022,0.5,0.1,0.02,0.0025,1.95
62,0.022,0.5,0.1,0.02,0.0025,1.95
63,1.222,0.0,0.0,0.0,0.0,1.95
64,0.022,0.5,0.1,0.02,0.0025,1.95
65,1.222,0.0,0.0,0.0,0.0,1.95
66,0.022,0.5,0.1,0.02,0.0025,1.95
67,0.022,0.5,0.1,0.02,0.0025,1.95
68,1.222,0.0,0.0,0.0,0.0,1.95
69,0.022,0.5,0.1,0.02,0.0025,1.95
70,1.222,0.0,0.0,0.0,0.0,1.95
71,1.222,0.0,0.0,0.0,0.0,1.95
72,0.022,0.5,0.1,0.02,0.0025,1.95
73,0.022,0.5,0.1,0.02,0.0025,1.95
74,0.022,0.5,0.1,0.02,0.0025,1.95
75,1.222,0.0,0.0,0.0,0.0,1.95
76,1.222,0.0,0.0,0.0,0.0,1.95
77,1.222,0.0,0.0,0.0,0.0,1.95
78,1.222,0.0,0.0,0.0,0.0,1.95
79,0.022,0.5,0.1,0.02,0.0025,1.95
80,0.022,0.5,0.1,0.02,0.0025,1.95
81,1.222,0.0,0.0,0.0,0.0,1.95
82,1.222,0.0,0.0,0.0,0.0,1.95
83,0.022,0.5,0.1,0.02,0.0025,1.95
84,1.222,0.0,0.0,0.0,0.0,1.95
85,1.222,0.0,0.0,0.0,0.0,1.95
86,0.022,0.5,0.1,0.02,0.0025,1.95
87,0.022,0.5,0.1,0.02,0.0025,1.95
88,1.222,0.0,0.0,0.0,0.0,1.95
89,0.022,0.5,0.1,0.02,0.0025,1.95
90,0.022,0.5,0.1,0.02,0.0025,1.95
91,1.222,0.0,0.0,0.0,0.0,1.95
92,1.222,0.0,0.0,0.0,0.0,1.95
93,1.222,0.0,0.0,0.0,0.0,1.95
94,0.022,0.5,0.1,0.02,0.0025,1.95
95,1.222,0.0,0.0,0.0,0.0,1.95
96,0.022,0.5,0.1,0.02,0.0025,1.95
97,0.022,0.5,0.1,0.02,0.0025,1.95
98,1.222,0.0,0.0,0.0,0.0,1.95
99,0.022,0.5,0.1,0.02,0.0025,1.95
100,1.222,0.0,0.0,0.0,0.0,1.95
101,1.222,0.0,0.0,0.0,0.0,1.95
102,0.022,0.5,0.1,0.02,0.0025,1.95
103,0.022,0.5,0.1,0.02,0.0025,1.95
104,1.222,0.0,0.0,0.0,0.0,1.95
105,0.022,0.5,0.1,0.02,0.0025,1.95
106,0.022,0.5,0.1,0.02,0.0025,1.95
107,0.022,0.5,0.1,0.02,0.0025,1.95
108,1.222,0.0,0.0,0.0,0.0,1.95
109,0.022,0.5,0.1,0.02,0.0025,1.95
110,1.222,0.0,0.0,0.0,0.0,1.95
111,1.222,0.0,0.0,0.0,0.0,1.95
112,0.022,0.5,0.1,0.02,0.0025,1.95
113,0.022,0.5,0.1,0.02,0.0025,1.95
114,0.022,0.5,0.1,0.02,0.0025,1.95
115,1.222,0.0,0.0,0.0,0.0,1.95
116,1.222,0.0,0.0,0.0,0.0,1.95
117,1.222,0.0,0.0,0.0,0.0,1.95
118,1.222,0.0,0.0,0.0,0.0,1.95
119,1.222,0.0,0.0,0.0,0.0,1.95
120,1.222,0.0,0.0,0.0,0.0,1.95
121,0.022,0.5,0.1,0.02,0.0025,1.95
122,1.222,0.0,0.0,0.0,0.0,1.95
123,1.222,0.0,0.0,0.0,0.0,1.95
124,1.222,0.0,0.0,0.0,0.0,1.95
125,1.222,0.0,0.0,0.0,0.0,1.95
126,1.222,0.0,0.0,0.0,0.0,1.95
127,0.022,0.5,0.1,0.02,0.0025,1.95
128,1.222,0.0,0.0,0.0,0.0,1.95
129,1.222,0.0,0.0,0.0,0.0,1.95
130,0.022,0.5,0.1,0.02,0.0025,1.95
131,1.222,0.0,0.0,0.0,0.0,1.95
132,1.222,0.0,0.0,0.0,0.0,1.95
133,0.022,0.5,0.1,0.02,0.0025,1.95
134,1.222,0.0,0.0,0.0,0.0,1.95
135,0.022,0.5,0.1,0.02,0.0025,1.95
136,0.022,0.5,0.1,0.02,0.0025,1.95
137,0.022,0.5,0.1,0.02,0.0025,1.95
138,1.222,0.0,0.0,0.0,0.0,1.95
139,1.222,0.0,0.0,0.0,0.0,1.95
140,0.022,0.5,0.1,0.02,0.0025,1.95
141,0.022,0.5,0.1,0.02,0.0025,1.95
142,1.222,0.0,0.0,0.0,0.0,1.95
143,1.222,0.0,0.0,0.0,0.0,1.95
144,0.022,0.5,0.1,0.02,0.0025,1.95
145,1.222,0.0,0.0,0.0,0.0,1.95
146,0.022,0.5,0.1,0.02,0.0025,1.95
147,1.222,0.0,0.0,0.0,0.0,1.95
148,0.022,0.5,0.1,0.02,0.0025,1.95
149,1.222,0.0,0.0,0.0,0.0,1.95
150,1.222,0.0,0.0,0.0,0.0,1.95
151,1.222,0.0,0.0,0.0,0.0,1.95
152,1.222,0.0,0.0,0.0,0.0,1.95
153,1.222,0.0,0.0,0.0,0.0,1.95
154,0.022,0.5,0.1,0.02,0.0025,1.95
155,0.022,0.5,0.1,0.02,0.0025,1.95
156,0.022,0.5,0.1,0.02,0.0025,1.95
157,1.222,0.0,0.0,0.0,0.0,1.95
158,0.022,0.5,0.1,0.02,0.0025,1.95
159,0.022,0.5,0.1,0.02,0.0025,1.95
160,0.022,0.5,0.1,0.02,0.0025,1.95
161,0.022,0.5,0.1,0.02,0.0025,1.95
162,1.222,0.0,0.0,0.0,0.0,1.95
163,1.222,0.0,0.0,0.0,0.0,1.95
164,0.022,0.5,0.1,0.02,0.0025,1.95
165,0.022,0.5,0.1,0.02,0.0025,1.95
166,1.2225,0.5,0.1,0.0,0.0015,1.95
167,1.222,0.0,0.0,0.0,0.0,1.95
168,1.222,0.0,0.0,0.0,0.0,1.95
169,1.222,0.0,0.0,0.0,0.0,1.95
170,1.222,0.0,0.0,0.0,0.0,1.95
171,1.222,0.0,0.0,0.0,0.0,1.95
172,1.222,0.0,0.0,0.0,0.0,1.95
173,1.2225,0.5,0.1,0.0,0.0015,1.95
174,1.2225,0.5,0.1,0.0,0.0015,1.95
175,1.2225,0.5,0.1,0.0,0.0015,1.95
176,1.2225,0.5,0.1,0.0,0.0015,1.95
177,1.222,0.0,0.0,0.0,0.0,1.95
178,1.222,0.0,0.0,0.0,0.0,1.95
179,1.2225,0.5,0.1,0.0,0.0015,1.95
180,1.2225,0.5,0.1,0.0,0.0015,1.95
181,1.222,0.0,0.0,0.0,0.0,1.95
182,1.222,0.0,0.0,0.0,0.0,1.95
183,1.2225,0.5,0.1,0.0,0.0015,1.95
184,1.222,0.0,0.0,0.0,0.0,1.95
185,1.2225,0.5,0.1,0.0,0.0015,1.95
186,1.2225,0.5,0.1,0.0,0.0015,1.95
187,1.222,0.0,0.0,0.0,0.0,1.95
188,1.2225,0.5,0.1,0.0,0.0015,1.95
189,1.2225,0.5,0.1,0.0,0.0015,1.95
190,1.222,0.0,0.0,0.0,0.0,1.95
191,1.222,0.0,0.0,0.0,0.0,1.95
192,1.2225,0.5,0.1,0.0,0.0015,1.95
193,1.222,0.0,0.0,0.0,0.0,1.95
194,1.2225,0.5,0.1,0.0,0.0015,1.95
195,1.2225,0.5,0.1,0.0,0.0015,1.95
196,1.222,0.0,0.0,0.0,0.0,1.95
197,1.2225,0.5,0.1,0.0,0.0015,1.95
198,1.222,0.0,0.0,0.0,0.0,1.95
199,1.2225,0.5,0.1,0.0,0.0015,1.95
200,1.222,0.0,0.0,0.0,0.0,1.95
201,1.222,0.0,0.0,0.0,0.0,1.95
202,1.222,0.0,0.0,0.0,0.0,1.95
203,1.2225,0.5,0.1,0.0,0.0015,1.95
204,1.2225,0.5,0.1,0.0,0.0015,1.95
205,1.222,0.0,0.0,0.0,0.0,1.95
206,1.222,0.0,0.0,0.0,0.0,1.95
207,1.222,0.0,0.0,0.0,0.0,1.95
208,1.2225,0.5,0.1,0.0,0.0015,1.95
209,1.2225,0.5,0.1,0.0,0.0015,1.95
210,1.222,0.0,0.0,0.0,0.0,1.95
211,1.2225,0.5,0.1,0.0,0.0015,1.95
212,1.222,0.0,0.0,0.0,0.0,1.95
213,1.2225,0.5,0.1,0.0,0.0015,1.95
214,1.222,0.0,0.0,0.0,0.0,1.95
215,1.2225,0.5,0.1,0.0,0.0015,1.95
216,1.2225,0.5,0.1,0.0,0.0015,1.95
217,1.2225,0.5,0.1,0.0,0.0015,1.95
218,1.2225,0.5,0.1,0.0,0.0015,1.95
219,1.222,0.0,0.0,0.0,0.0,1.95
220,1.222,0.0,0.0,0.0,0.0,1.95
221,1.222,0.0,0.0,0.0,0.0,1.95
222,1.222,0.0,0.0,0.0,0.0,1.95
223,1.2225,0.5,0.1,0.0,0.0015,1.95
224,1.2225,0.5,0.1,0.0,0.0015,1.95
225,1.222,0.0,0.0,0.0,0.0,1.95
226,1.222,0.0,0.0,0.0,0.0,1.95
227,1.2225,0.5,0.1,0.0,0.0015,1.95
228,1.222,0.0,0.0,0.0,0.0,1.95
229,1.222,0.0,0.0,0.0,0.0,1.95
230,1.2225,0.5,0.1,0.0,0.0015,1.95
231,1.222,0.0,0.0,0.0,0.0,1.95
232,1.2225,0.5,0.1,0.0,0.0015,1.95
233,1.222,0.0,0.0,0.0,0.0,1.95
234,1.2225,0.5,0.1,0.0,0.0015,1.95
235,1.2225,0.5,0.1,0.0,0.0015,1.95
236,0.022,0.5,0.1,0.02,0.0025,1.95
237,1.222,0.0,0.0,0.0,0.0,1.95
238,1.222,0.0,0.0,0.0,0.0,1.95
239,1.2225,0.5,0.1,0.0,0.0015,1.95
240,1.2225,0.5,0.1,0.0,0.0015,1.95
241,1.2225,0.5,0.1,0.0,0.0015,1.95
242,1.2225,0.5,0.1,0.0,0.0015,1.95
243,1.2225,0.5,0.1,0.0,0.0015,1.95
244,1.2225,0.5,0.1,0.0,0.0015,1.95
245,1.222,0.0,0.0,0.0,0.0,1.95
246,1.222,0.0,0.0,0.0,0.0,1.95
247,1.2225,0.5,0.1,0.0,0.0015,1.95
248,1.2225,0.5,0.1,0.0,0.0015,1.95
249,1.2225,0.5,0.1,0.0,0.0015,1.95
250,1.222,0.0,0.0,0.0,0.0,1.95
251,1.222,0.0,0.0,0.0,0.0,1.95
252,1.222,0.0,0.0,0.0,0.0,1.95
253,1.2225,0.5,0.1,0.0,0.0015,1.95
254,1.222,0.0,0.0,0.0,0.0,1.95
255,1.222,0.0,0.0,0.0,0.0,1.95
256,1.2225,0.5,0.1,0.0,0.0015,1.95
257,1.222,0.0,0.0,0.0,0.0,1.95
258,1.222,0.0,0.0,0.0,0.0,1.95
259,1.222,0.0,0.0,0.0,0.0,1.95
260,1.222,0.0,0.0,0.0,0.0,1.95
261,1.2225,0.5,0.1,0.0,0.0015,1.95
262,1.222,0.0,0.0,0.0,0.0,1.95
263,1.222,0.0,0.0,0.0,0.0,1.95
264,1.222,0.0,0.0,0.0,0.0,1.95
265,1.2225,0.5,0.1,0.0,0.0015,1.95
266,1.222,0.0,0.0,0.0,0.0,1.95
267,1.222,0.0,0.0,0.0,0.0,1.95
268,1.222,0.0,0.0,0.0,0.0,1.95
269,1.222,0.0,0.0,0.0,0.0,1.95
270,1.2225,0.5,0.1,0.0,0.0015,1.95
271,1.222,0.0,0.0,0.0,0.0,1.95
272,1.2225,0.5,0.1,0.0,0.0015,1.95
273,1.2225,0.5,0.1,0.0,0.0015,1.95
274,1.222,0.0,0.0,0.0,0.0,1.95
275,1.222,0.0,0.0,0.0,0.0,1.95
276,1.222,0.0,0.0,0.0,0.0,1.95
277,1.222,0.0,0.0,0.0,0.0,1.95
278,1.222,0.0,0.0,0.0,0.0,1.95
279,1.2225,0.5,0.1,0.0,0.0015,1.95
280,1.222,0.0,0.0,0.0,0.0,1.95
281,1.222,0.0,0.0,0.0,0.0,1.95
282,1.2225,0.5,0.1,0.0,0.0015,1.95
283,1.2225,0.5,0.1,0.0,0.0015,1.95
284,1.2225,0.5,0.1,0.0,0.0015,1.95
285,1.2225,0.5,0.1,0.0,0.0015,1.95
286,1.2225,0.5,0.1,0.0,0.0015,1.95
287,1.222,0.0,0.0,0.0,0.0,1.95
288,1.222,0.0,0.0,0.0,0.0,1.95
289,1.222,0.0,0.0,0.0,0.0,1.95
290,1.222,0.0,0.0,0.0,0.0,1.95
291,1.2225,0.5,0.1,0.0,0.0015,1.95
292,1.222,0.0,0.0,0.0,0.0,1.95
293,1.2225,0.5,0.1,0.0,0.0015,1.95
294,1.2225,0.5,0.1,0.0,0.0015,1.95
295,1.2225,0.5,0.1,0.0,0.0015,1.95
296,1.222,0.0,0.0,0.0,0.0,1.95
297,1.222,0.0,0.0,0.0,0.0,1.95
298,1.2225,0.5,0.1,0.0,0.0015,1.95
299,1.222,0.0,0.0,0.0,0.0,1.95
300,1.2225,0.5,0.1,0.0,0.0015,1.95
301,1.2225,0.5,0.1,0.0,0.0015,1.95
302,1.222,0.0,0.0,0.0,0.0,1.95
303,1.222,0.0,0.0,0.0,0.0,1.95
304,1.2225,0.5,0.1,0.0,0.0015,1.95
305,1.2225,0.5,0.1,0.0,0.0015,1.95
306,1.2225,0.5,0.1,0.0,0.0015,1.95
307,1.222,0.0,0.0,0.0,0.0,1.95
308,1.2225,0.5,0.1,0.0,0.0015,1.95
309,1.222,0.0,0.0,0.0,0.0,1.95
310,1.222,0.0,0.0,0.0,0.0,1.95
311,1.222,0.0,0.0,0.0,0.0,1.95
312,1.2225,0.5,0.1,0.0,0.0015,1.95
313,1.2225,0.5,0.1,0.0,0.0015,1.95
314,1.222,0.0,0.0,0.0,0.0,1.95
315,1.222,0.0,0.0,0.0,0.0,1.95
316,1.222,0.0,0.0,0.0,0.0,1.95
317,1.222,0.0,0.0,0.0,0.0,1.95
318,1.222,0.0,0.0,0.0,0.0,1.95
319,1.222,0.0,0.0,0.0,0.0,1.95
320,1.222,0.0,0.0,0.0,0.0,1.95
321,1.2225,0.5,0.1,0.0,0.0015,1.95
322,1.2225,0.5,0.1,0.0,0.0015,1.95
323,1.222,0.0,0.0,0.0,0.0,1.95
324,1.222,0.0,0.0,0.0,0.0,1.95
325,1.222,0.0,0.0,0.0,0.0,1.95
326,1.2225,0.5,0.1,0.0,0.0015,1.95
327,1.2225,0.5,0.1,0.0,0.0015,1.95
328,1.2225,0.5,0.1,0.0,0.0015,1.95
329,1.222,0.0,0.0,0.0,0.0,1.95
330,1.222,0.0,0.0,0.0,0.0,1.95
331,1.2225,0.5,0.1,0.0,0.0015,1.95
332,1.2225,0.5,0.1,0.0,0.0015,1.95
333,1.2225,0.5,0.1,0.0,0.0015,1.95
334,1.222,0.0,0.0,0.0,0.0,1.95
335,1.222,0.0,0.0,0.0,0.0,1.95
336,1.222,0.0,0.0,0.0,0.0,1.95
337,1.2225,0.5,0.1,0.0,0.0015,1.95
338,1.222,0.0,0.0,0.0,0.0,1.95
339,1.2225,0.5,0.1,0.0,0.0015,1.95
340,1.2225,0.5,0.1,0.0,0.0015,1.95
341,1.2225,0.5,0.1,0.0,0.0015,1.95
342,1.222,0.0,0.0,0.0,0.0,1.95
343,1.2225,0.5,0.1,0.0,0.0015,1.95
344,1.2225,0.5,0.1,0.0,0.0015,1.95
345,1.222,0.0,0.0,0.0,0.0,1.95
346,1.222,0.0,0.0,0.0,0.0,1.95
347,1.222,0.0,0.0,0.0,0.0,1.95
348,1.2225,0.5,0.1,0.0,0.0015,1.95
349,1.2225,0.5,0.1,0.0,0.0015,1.95
350,1.2225,0.5,0.1,0.0,0.0015,1.95
351,1.2225,0.5,0.1,0.0,0.0015,1.95
352,1.222,0.0,0.0,0.0,0.0,1.95
353,1.222,0.0,0.0,0.0,0.0,1.95
354,1.2225,0.5,0.1,0.0,0.0015,1.95
355,1.2225,0.5,0.1,0.0,0.0015,1.95
356,1.2225,0.5,0.1,0.0,0.0015,1.95
357,1.222,0.0,0.0,0.0,0.0,1.95
358,1.2225,0.5,0.1,0.0,0.0015,1.95
359,1.222,0.0,0.0,0.0,0.0,1.95
360,1.222,0.0,0.0,0.0,0.0,1.95
361,1.2225,0.5,0.1,0.0,0.0015,1.95
362,1.2225,0.5,0.1,0.0,0.0015,1.95
363,1.222,0.0,0.0,0.0,0.0,1.95
364,1.222,0.0,0.0,0.0,0.0,1.95
365,1.222,0.0,0.0,0.0,0.0,1.95
366,1.2225,0.5,0.1,0.0,0.0015,1.95
367,1.222,0.0,0.0,0.0,0.0,1.95
368,1.222,0.0,0.0,0.0,0.0,1.95
369,1.2225,0.5,0.1,0.0,0.0015,1.95
370,1.2225,0.5,0.1,0.0,0.0015,1.95
371,1.222,0.0,0.0,0.0,0.0,1.95
372,1.222,0.0,0.0,0.0,0.0,1.95
373,1.2225,0.5,0.1,0.0,0.0015,1.95
374,1.2225,0.5,0.1,0.0,0.0015,1.95
375,1.222,0.0,0.0,0.0,0.0,1.95
376,1.2225,0.5,0.1,0.0,0.0015,1.95
377,1.2225,0.5,0.1,0.0,0.0015,1.95
378,1.222,0.0,0.0,0.0,0.0,1.95
379,1.222,0.0,0.0,0.0,0.0,1.95
380,1.2225,0.5,0.1,0.0,0.0015,1.95
381,1.222,0.0,0.0,0.0,0.0,1.95
382,1.222,0.0,0.0,0.0,0.0,1.95
383,1.2225,0.5,0.1,0.0,0.0015,1.95
384,1.222,0.0,0.0,0.0,0.0,1.95
385,1.2225,0.5,0.1,0.0,0.0015,1.95
386,1.222,0.0,0.0,0.0,0.0,1.95
387,1.222,0.0,0.0,0.0,0.0,1.95
388,1.222,0.0,0.0,0.0,0.0,1.95
389,1.2225,0.5,0.1,0.0,0.0015,1.95
390,1.222,0.0,0.0,0.0,0.0,1.95
391,1.2225,0.5,0.1,0.0,0.0015,1.95
392,1.2225,0.5,0.1,0.0,0.0015,1.95
393,1.222,0.0,0.0,0.0,0.0,1.95
394,1.2225,0.5,0.1,0.0,0.0015,1.95
395,1.2225,0.5,0.1,0.0,0.0015,1.95
396,1.222,0.0,0.0,0.0,0.0,1.95
397,1.2225,0.5,0.1,0.0,0.0015,1.95
398,1.222,0.0,0.0,0.0,0.0,1.95
399,1.2225,0.5,0.1,0.0,0.0015,1.95
400,1.222,0.0,0.0,0.0,0.0,1.95
401,1.222,0.0,0.0,0.0,0.0,1.95
402,1.222,0.0,0.0,0.0,0.0,1.95
403,1.2225,0.5,0.1,0.0,0.0015,1.95
404,1.2225,0.5,0.1,0.0,0.0015,1.95
405,1.2225,0.5,0.1,0.0,0.0015,1.95
406,1.222,0.0,0.0,0.0,0.0,1.95
407,1.222,0.0,0.0,0.0,0.0,1.95
408,1.222,0.0,0.0,0.0,0.0,1.95
409,1.222,0.0,0.0,0.0,0.0,1.95
410,1.222,0.0,0.0,0.0,0.0,1.95
411,1.222,0.0,0.0,0.0,0.0,1.95
412,1.222,0.0,0.0,0.0,0.0,1.95
413,1.2225,0.5,0.1,0.0,0.0015,1.95
414,1.222,0.0,0.0,0.0,0.0,1.95
415,1.2225,0.5,0.1,0.0,0.0015,1.95
416,1.222,0.0,0.0,0.0,0.0,1.95
417,1.222,0.0,0.0,0.0,0.0,1.95
418,1.2225,0.5,0.1,0.0,0.0015,1.95
419,1.222,0.0,0.0,0.0,0.0,1.95
420,1.2225,0.5,0.1,0.0,0.0015,1.95
421,1.222,0.0,0.0,0.0,0.0,1.95
422,1.222,0.0,0.0,0.0,0.0,1.95
423,1.2225,0.5,0.1,0.0,0.0015,1.95
424,1.222,0.0,0.0,0.0,0.0,1.95
425,1.222,0.0,0.0,0.0,0.0,1.95
426,1.2225,0.5,0.1,0.0,0.0015,1.95
427,1.2225,0.5,0.1,0.0,0.0015,1.95
428,1.222,0.0,0.0,0.0,0.0,1.95
429,1.222,0.0,0.0,0.0,0.0,1.95
430,1.2225,0.5,0.1,0.0,0.0015,1.95
431,1.2225,0.5,0.1,0.0,0.0015,1.95
432,1.2225,0.5,0.1,0.0,0.0015,1.95
433,1.2225,0.5,0.1,0.0,0.0015,1.95
434,1.2225,0.5,0.1,0.0,0.0015,1.95
435,1.222,0.0,0.0,0.0,0.0,1.95
436,1.222,0.0,0.0,0.0,0.0,1.95
437,1.222,0.0,0.0,0.0,0.0,1.95
438,1.222,0.0,0.0,0.0,0.0,1.95
439,1.2225,0.5,0.1,0.0,0.0015,1.95
440,1.2225,0.5,0.1,0.0,0.0015,1.95
441,1.2225,0.5,0.1,0.0,0.0015,1.95
442,1.222,0.0,0.0,0.0,0.0,1.95
443,1.2225,0.5,0.1,0.0,0.0015,1.95
444,1.2225,0.5,0.1,0.0,0.0015,1.95
445,1.2225,0.5,0.1,0.0,0.0015,1.95
446,1.2225,0.5,0.1,0.0,0.0015,1.95
447,1.2225,0.5,0.1,0.0,0.0015,1.95
448,1.222,0.0,0.0,0.0,0.0,1.95
449,1.2225,0.5,0.1,0.0,0.0015,1.95
450,1.2225,0.5,0.1,0.0,0.0015,1.95
451,1.222,0.0,0.0,0.0,0.0,1.95
452,1.2225,0.5,0.1,0.0,0.0015,1.95
453,1.222,0.0,0.0,0.0,0.0,1.95
454,1.222,0.0,0.0,0.0,0.0,1.95
455,1.222,0.0,0.0,0.0,0.0,1.95
456,1.222,0.0,0.0,0.0,0.0,1.95
457,1.2225,0.5,0.1,0.0,0.0015,1.95
458,1.222,0.0,0.0,0.0,0.0,1.95
459,1.2225,0.5,0.1,0.0,0.0015,1.95
460,1.2225,0.5,0.1,0.0,0.0015,1.95
461,1.2225,0.5,0.1,0.0,0.0015,1.95
462,1.222,0.0,0.0,0.0,0.0,1.95
463,1.2225,0.5,0.1,0.0,0.0015,1.95
464,1.2225,0.5,0.1,0.0,0.0015,1.95
465,1.2225,0.5,0.1,0.0,0.0015,1.95
466,1.222,0.0,0.0,0.0,0.0,1.95
467,1.222,0.0,0.0,0.0,0.0,1.95
468,1.222,0.0,0.0,0.0,0.0,1.95
469,1.2225,0.5,0.1,0.0,0.0015,1.95
470,1.2225,0.5,0.1,0.0,0.0015,1.95
471,1.222,0.0,0.0,0.0,0.0,1.95
472,1.222,0.0,0.0,0.0,0.0,1.95
473,1.222,0.0,0.0,0.0,0.0,1.95
474,1.222,0.0,0.0,0.0,0.0,1.95
475,1.222,0.0,0.0,0.0,0.0,1.95
476,1.222,0.0,0.0,0.0,0.0,1.95
477,1.2225,0.5,0.1,0.0,0.0015,1.95
478,1.2225,0.5,0.1,0.0,0.0015,1.95
479,1.2225,0.5,0.1,0.0,0.0015,1.95
480,1.222,0.0,0.0,0.0,0.0,1.95
481,1.222,0.0,0.0,0.0,0.0,1.95
482,1.2225,0.5,0.1,0.0,0.0015,1.95
483,1.2225,0.5,0.1,0.0,0.0015,1.95
484,1.2225,0.5,0.1,0.0,0.0015,1.95
485,1.222,0.0,0.0,0.0,0.0,1.95
486,1.222,0.0,0.0,0.0,0.0,1.95
487,1.2225,0.5,0.1,0.0,0.0015,1.95
488,1.222,0.0,0.0,0.0,0.0,1.95
489,1.2225,0.5,0.1,0.0,0.0015,1.95
490,1.222,0.0,0.0,0.0,0.0,1.95
491,1.222,0.0,0.0,0.0,0.0,1.95
492,1.2225,0.5,0.1,0.0,0.0015,1.95
493,1.2225,0.5,0.1,0.0,0.0015,1.95
494,1.222,0.0,0.0,0.0,0.0,1.95
495,1.222,0.0,0.0,0.0,0.0,1.95
496,1.222,0.0,0.0,0.0,0.0,1.95
497,1.222,0.0,0.0,0.0,0.0,1.95
498,1.2225,0.5,0.1,0.0,0.0015,1.95
499,1.222,0.0,0.0,0.0,0.0,1.95
500,1.222,0.0,0.0,0.0,0.0,1.95
501,1.2225,0.5,0.1,0.0,0.0015,1.95
502,1.2225,0.5,0.1,0.0,0.0015,1.95
503,1.222,0.0,0.0,0.0,0.0,1.95
504,1.222,0.0,0.0,0.0,0.0,1.95
505,1.222,0.0,0.0,0.0,0.0,1.95
506,1.222,0.0,0.0,0.0,0.0,1.95
507,1.222,0.0,0.0,0.0,0.0,1.95
508,1.222,0.0,0.0,0.0,0.0,1.95
509,1.222,0.0,0.0,0.0,0.0,1.95
510,1.222,0.0,0.0,0.0,0.0,1.95
511,1.222,0.0,0.0,0.0,0.0,1.95
512,1.222,0.0,0.0,0.0,0.0,1.95
513,1.2225,0.5,0.1,0.0,0.0015,1.95
514,1.222,0.0,0.0,0.0,0.0,1.95
515,1.2225,0.5,0.1,0.0,0.0015,1.95
516,1.222,0.0,0.0,0.0,0.0,1.95
517,1.222,0.0,0.0,0.0,0.0,1.95
518,1.222,0.0,0.0,0.0,0.0,1.95
519,1.222,0.0,0.0,0.0,0.0,1.95
520,1.2225,0.5,0.1,0.0,0.0015,1.95
521,1.2225,0.5,0.1,0.0,0.0015,1.95
522,1.222,0.0,0.0,0.0,0.0,1.95
523,1.222,0.0,0.0,0.0,0.0,1.95
524,1.2225,0.5,0.1,0.0,0.0015,1.95
525,1.2225,0.5,0.1,0.0,0.0015,1.95
526,1.2225,0.5,0.1,0.0,0.0015,1.95
527,1.222,0.0,0.0,0.0,0.0,1.95
528,1.222,0.0,0.0,0.0,0.0,1.95
529,1.2225,0.5,0.1,0.0,0.0015,1.95
530,1.2225,0.5,0.1,0.0,0.0015,1.95
531,1.2225,0.5,0.1,0.0,0.0015,1.95
532,1.2225,0.5,0.1,0.0,0.0015,1.95
533,1.2225,0.5,0.1,0.0,0.0015,1.95
534,1.222,0.0,0.0,0.0,0.0,1.95
535,1.222,0.0,0.0,0.0,0.0,1.95
536,1.2225,0.5,0.1,0.0,0.0015,1.95
537,1.2225,0.5,0.1,0.0,0.0015,1.95
538,1.2225,0.5,0.1,0.0,0.0015,1.95
539,1.222,0.0,0.0,0.0,0.0,1.95
540,1.222,0.0,0.0,0.0,0.0,1.95
541,1.2225,0.5,0.1,0.0,0.0015,1.95
542,1.2225,0.5,0.1,0.0,0.0015,1.95
543,1.2225,0.5,0.1,0.0,0.0015,1.95
544,1.2225,0.5,0.1,0.0,0.0015,1.95
545,1.222,0.0,0.0,0.0,0.0,1.95
546,1.2225,0.5,0.1,0.0,0.0015,1.95
547,1.222,0.0,0.0,0.0,0.0,1.95
548,1.222,0.0,0.0,0.0,0.0,1.95
549,1.2225,0.5,0.1,0.0,0.0015,1.95
550,1.222,0.0,0.0,0.0,0.0,1.95
551,1.2225,0.5,0.1,0.0,0.0015,1.95
552,1.222,0.0,0.0,0.0,0.0,1.95
553,1.222,0.0,0.0,0.0,0.0,1.95
554,1.222,0.0,0.0,0.0,0.0,1.95
555,1.2225,0.5,0.1,0.0,0.0015,1.95
556,1.2225,0.5,0.1,0.0,0.0015,1.95
557,1.222,0.0,0.0,0.0,0.0,1.95
558,1.222,0.0,0.0,0.0,0.0,1.95
559,1.222,0.0,0.0,0.0,0.0,1.95
560,1.222,0.0,0.0,0.0,0.0,1.95
561,1.2225,0.5,0.1,0.0,0.0015,1.95
562,1.222,0.0,0.0,0.0,0.0,1.95
563,1.222,0.0,0.0,0.0,0.0,1.95
564,1.2225,0.5,0.1,0.0,0.0015,1.95
565,1.2225,0.5,0.1,0.0,0.0015,1.95
566,1.222,0.0,0.0,0.0,0.0,1.95
567,1.222,0.0,0.0,0.0,0.0,1.95
568,1.2225,0.5,0.1,0.0,0.0015,1.95
569,1.222,0.0,0.0,0.0,0.0,1.95
570,1.2225,0.5,0.1,0.0,0.0015,1.95
571,1.2225,0.5,0.1,0.0,0.0015,1.95
572,1.2225,0.5,0.1,0.0,0.0015,1.95
573,1.2225,0.5,0.1,0.0,0.0015,1.95
574,1.2225,0.5,0.1,0.0,0.0015,1.95
575,1.2225,0.5,0.1,0.0,0.0015,1.95
576,1.222,0.0,0.0,0.0,0.0,1.95
577,1.222,0.0,0.0,0.0,0.0,1.95
578,1.222,0.0,0.0,0.0,0.0,1.95
579,1.222,0.0,0.0,0.0,0.0,1.95
580,1.2225,0.5,0.1,0.0,0.0015,1.95
581,1.222,0.0,0.0,0.0,0.0,1.95
582,1.2225,0.5,0.1,0.0,0.0015,1.95
583,1.2225,0.5,0.1,0.0,0.0015,1.95
584,1.2225,0.5,0.1,0.0,0.0015,1.95
585,1.2225,0.5,0.1,0.0,0.0015,1.95
586,1.222,0.0,0.0,0.0,0.0,1.95
587,1.222,0.0,0.0,0.0,0.0,1.95
588,1.222,0.0,0.0,0.0,0.0,1.95
589,1.2225,0.5,0.1,0.0,0.0015,1.95
590,1.222,0.0,0.0,0.0,0.0,1.95
591,1.222,0.0,0.0,0.0,0.0,1.95
592,1.2225,0.5,0.1,0.0,0.0015,1.95
593,1.222,0.0,0.0,0.0,0.0,1.95
594,1.2225,0.5,0.1,0.0,0.0015,1.95
595,1.2225,0.5,0.1,0.0,0.0015,1.95
596,1.222,0.0,0.0,0.0,0.0,1.95
597,1.2225,0.5,0.1,0.0,0.0015,1.95
598,1.2225,0.5,0.1,0.0,0.0015,1.95
599,1.2225,0.5,0.1,0.0,0.0015,1.95
600,1.2225,0.5,0.1,0.0,0.0015,1.95
601,1.222,0.0,0.0,0.0,0.0,1.95
602,1.222,0.0,0.0,0.0,0.0,1.95
603,1.2225,0.5,0.1,0.0,0.0015,1.95
604,1.222,0.0,0.0,0.0,0.0,1.95
605,1.222,0.0,0.0,0.0,0.0,1.95
606,1.222,0.0,0.0,0.0,0.0,1.95
607,1.222,0.0,0.0,0.0,0.0,1.95
608,1.222,0.0,0.0,0.0,0.0,1.95
609,1.222,0.0,0.0,0.0,0.0,1.95
610,1.222,0.0,0.0,0.0,0.0,1.95
611,1.222,0.0,0.0,0.0,0.0,1.95
612,1.222,0.0,0.0,0.0,0.0,1.95
613,1.2225,0.5,0.1,0.0,0.0015,1.95
614,1.222,0.0,0.0,0.0,0.0,1.95
615,1.222,0.0,0.0,0.0,0.0,1.95
616,1.2225,0.5,0.1,0.0,0.0015,1.95
617,1.2225,0.5,0.1,0.0,0.0015,1.95
618,1.2225,0.5,0.1,0.0,0.0015,1.95
619,1.222,0.0,0.0,0.0,0.0,1.95
620,1.222,0.0,0.0,0.0,0.0,1.95
621,1.2225,0.5,0.1,0.0,0.0015,1.95
622,1.222,0.0,0.0,0.0,0.0,1.95
623,1.222,0.0,0.0,0.0,0.0,1.95
624,1.222,0.0,0.0,0.0,0.0,1.95
625,1.2225,0.5,0.1,0.0,0.0015,1.95
626,1.2225,0.5,0.1,0.0,0.0015,1.95
627,1.2225,0.5,0.1,0.0,0.0015,1.95
628,1.2225,0.5,0.1,0.0,0.0015,1.95
629,1.2225,0.5,0.1,0.0,0.0015,1.95
630,1.2225,0.5,0.1,0.0,0.0015,1.95
631,1.2225,0.5,0.1,0.0,0.0015,1.95
632,1.222,0.0,0.0,0.0,0.0,1.95
633,1.222,0.0,0.0,0.0,0.0,1.95
634,1.2225,0.5,0.1,0.0,0.0015,1.95
635,1.222,0.0,0.0,0.0,0.0,1.95
636,1.222,0.0,0.0,0.0,0.0,1.95
637,1.222,0.0,0.0,0.0,0.0,1.95
638,1.2225,0.5,0.1,0.0,0.0015,1.95
639,1.2225,0.5,0.1,0.0,0.0015,1.95
640,1.222,0.0,0.0,0.0,0.0,1.95
641,1.2225,0.5,0.1,0.0,0.0015,1.95
642,1.2225,0.5,0.1,0.0,0.0015,1.95
643,1.2225,0.5,0.1,0.0,0.0015,1.95
644,1.2225,0.5,0.1,0.0,0.0015,1.95
645,1.2225,0.5,0.1,0.0,0.0015,1.95
646,1.2225,0.5,0.1,0.0,0.0015,1.95
647,1.2225,0.5,0.1,0.0,0.0015,1.95
648,1.2225,0.5,0.1,0.0,0.0015,1.95
649,1.222,0.0,0.0,0.0,0.0,1.95
650,1.2225,0.5,0.1,0.0,0.0015,1.95
651,1.2225,0.5,0.1,0.0,0.0015,1.95
652,1.2225,0.5,0.1,0.0,0.0015,1.95
653,1.2225,0.5,0.1,0.0,0.0015,1.95
654,1.2225,0.5,0.1,0.0,0.0015,1.95
655,1.2225,0.5,0.1,0.0,0.0015,1.95
656,1.2225,0.5,0.1,0.0,0.0015,1.95
657,1.222,0.0,0.0,0.0,0.0,1.95
658,1.222,0.0,0.0,0.0,0.0,1.95
659,1.2225,0.5,0.1,0.0,0.0015,1.95
660,1.222,0.0,0.0,0.0,0.0,1.95
661,1.222,0.0,0.0,0.0,0.0,1.95
662,1.222,0.0,0.0,0.0,0.0,1.95
663,1.2225,0.5,0.1,0.0,0.0015,1.95
664,1.2225,0.5,0.1,0.0,0.0015,1.95
665,1.222,0.0,0.0,0.0,0.0,1.95
666,1.2225,0.5,0.1,0.0,0.0015,1.95
667,1.2225,0.5,0.1,0.0,0.0015,1.95
668,1.2225,0.5,0.1,0.0,0.0015,1.95
669,1.2225,0.5,0.1,0.0,0.0015,1.95
670,1.222,0.0,0.0,0.0,0.0,1.95
671,1.2225,0.5,0.1,0.0,0.0015,1.95
672,1.222,0.0,0.0,0.0,0.0,1.95
673,1.222,0.0,0.0,0.0,0.0,1.95
674,1.222,0.0,0.0,0.0,0.0,1.95
675,1.2225,0.5,0.1,0.0,0.0015,1.95
676,1.222,0.0,0.0,0.0,0.0,1.95
677,1.2225,0.5,0.1,0.0,0.0015,1.95
678,1.222,0.0,0.0,0.0,0.0,1.95
679,1.2225,0.5,0.1,0.0,0.0015,1.95
680,1.2225,0.5,0.1,0.0,0.0015,1.95
681,1.2225,0.5,0.1,0.0,0.0015,1.95
682,1.2225,0.5,0.1,0.0,0.0015,1.95
683,1.2225,0.5,0.1,0.0,0.0015,1.95
684,1.2225,0.5,0.1,0.0,0.0015,1.95
685,1.222,0.0,0.0,0.0,0.0,1.95
686,1.222,0.0,0.0,0.0,0.0,1.95
687,1.2225,0.5,0.1,0.0,0.0015,1.95
688,1.222,0.0,0.0,0.0,0.0,1.95
689,1.222,0.0,0.0,0.0,0.0,1.95
690,1.2225,0.5,0.1,0.0,0.0015,1.95
691,1.2225,0.5,0.1,0.0,0.0015,1.95
692,1.2225,0.5,0.1,0.0,0.0015,1.95
693,1.2225,0.5,0.1,0.0,0.0015,1.95
694,1.222,0.0,0.0,0.0,0.0,1.95
695,1.2225,0.5,0.1,0.0,0.0015,1.95
696,1.2225,0.5,0.1,0.0,0.0015,1.95
697,1.2225,0.5,0.1,0.0,0.0015,1.95
698,1.2225,0.5,0.1,0.0,0.0015,1.95
699,1.2225,0.5,0.1,0.0,0.0015,1.95
700,1.222,0.0,0.0,0.0,0.0,1.95
701,1.222,0.0,0.0,0.0,0.0,1.95
702,1.2225,0.5,0.1,0.0,0.0015,1.95
703,1.2225,0.5,0.1,0.0,0.0015,1.95
704,1.222,0.0,0.0,0.0,0.0,1.95
705,1.222,0.0,0.0,0.0,0.0,1.95
706,1.2225,0.5,0.1,0.0,0.0015,1.95
707,1.2225,0.5,0.1,0.0,0.0015,1.95
708,1.2225,0.5,0.1,0.0,0.0015,1.95
709,1.222,0.0,0.0,0.0,0.0,1.95
710,1.2225,0.5,0.1,0.0,0.0015,1.95
711,1.222,0.0,0.0,0.0,0.0,1.95
712,1.2225,0.5,0.1,0.0,0.0015,1.95
713,1.2225,0.5,0.1,0.0,0.0015,1.95
714,1.222,0.0,0.0,0.0,0.0,1.95
715,1.2225,0.5,0.1,0.0,0.0015,1.95
716,1.222,0.0,0.0,0.0,0.0,1.95
717,1.2225,0.5,0.1,0.0,0.0015,1.95
718,1.2225,0.5,0.1,0.0,0.0015,1.95
719,1.222,0.0,0.0,0.0,0.0,1.95
720,1.222,0.0,0.0,0.0,0.0,1.95
721,1.222,0.0,0.0,0.0,0.0,1.95
722,1.222,0.0,0.0,0.0,0.0,1.95
723,1.222,0.0,0.0,0.0,0.0,1.95
724,1.222,0.0,0.0,0.0,0.0,1.95
725,1.222,0.0,0.0,0.0,0.0,1.95
726,1.222,0.0,0.0,0.0,0.0,1.95
727,1.2225,0.5,0.1,0.0,0.0015,1.95
728,1.2225,0.5,0.1,0.0,0.0015,1.95
729,1.2225,0.5,0.1,0.0,0.0015,1.95
730,1.2225,0.5,0.1,0.0,0.0015,1.95
731,1.222,0.0,0.0,0.0,0.0,1.95
732,1.222,0.0,0.0,0.0,0.0,1.95
733,1.222,0.0,0.0,0.0,0.0,1.95
734,1.222,0.0,0.0,0.0,0.0,1.95
735,1.222,0.0,0.0,0.0,0.0,1.95
736,1.222,0.0,0.0,0.0,0.0,1.95
737,1.2225,0.5,0.1,0.0,0.0015,1.95
738,1.222,0.0,0.0,0.0,0.0,1.95
739,1.222,0.0,0.0,0.0,0.0,1.95
740,1.2225,0.5,0.1,0.0,0.0015,1.95
741,1.2225,0.5,0.1,0.0,0.0015,1.95
742,1.2225,0.5,0.1,0.0,0.0015,1.95
743,1.2225,0.5,0.1,0.0,0.0015,1.95
744,1.2225,0.5,0.1,0.0,0.0015,1.95
745,1.2225,0.5,0.1,0.0,0.0015,1.95
746,1.2225,0.5,0.1,0.0,0.0015,1.95
747,1.222,0.0,0.0,0.0,0.0,1.95
748,1.222,0.0,0.0,0.0,0.0,1.95
749,1.222,0.0,0.0,0.0,0.0,1.95
750,1.2225,0.5,0.1,0.0,0.0015,1.95
751,1.222,0.0,0.0,0.0,0.0,1.95
752,1.2225,0.5,0.1,0.0,0.0015,1.95
753,1.2225,0.5,0.1,0.0,0.0015,1.95
754,1.2225,0.5,0.1,0.0,0.0015,1.95
755,1.222,0.0,0.0,0.0,0.0,1.95
756,1.2225,0.5,0.1,0.0,0.0015,1.95
757,1.2225,0.5,0.1,0.0,0.0015,1.95
758,1.2225,0.5,0.1,0.0,0.0015,1.95
759,1.222,0.0,0.0,0.0,0.0,1.95
760,1.222,0.0,0.0,0.0,0.0,1.95
761,1.222,0.0,0.0,0.0,0.0,1.95
762,1.222,0.0,0.0,0.0,0.0,1.95
763,1.2225,0.5,0.1,0.0,0.0015,1.95
764,1.2225,0.5,0.1,0.0,0.0015,1.95
765,1.2225,0.5,0.1,0.0,0.0015,1.95
766,1.222,0.0,0.0,0.0,0.0,1.95
767,1.222,0.0,0.0,0.0,0.0,1.95
768,1.222,0.0,0.0,0.0,0.0,1.95
769,1.222,0.0,0.0,0.0,0.0,1.95
770,1.2225,0.5,0.1,0.0,0.0015,1.95
771,1.222,0.0,0.0,0.0,0.0,1.95
772,1.222,0.0,0.0,0.0,0.0,1.95
773,1.2225,0.5,0.1,0.0,0.0015,1.95
774,1.2225,0.5,0.1,0.0,0.0015,1.95
775,1.2225,0.5,0.1,0.0,0.0015,1.95
776,1.2225,0.5,0.1,0.0,0.0015,1.95
777,1.2225,0.5,0.1,0.0,0.0015,1.95
778,1.2225,0.5,0.1,0.0,0.0015,1.95
779,1.2225,0.5,0.1,0.0,0.0015,1.95
780,1.2225,0.5,0.1,0.0,0.0015,1.95
781,1.222,0.0,0.0,0.0,0.0,1.95
782,1.2225,0.5,0.1,0.0,0.0015,1.95
783,1.222,0.0,0.0,0.0,0.0,1.95
784,1.222,0.0,0.0,0.0,0.0,1.95
785,1.2225,0.5,0.1,0.0,0.0015,1.95
786,1.2225,0.5,0.1,0.0,0.0015,1.95
787,1.222,0.0,0.0,0.0,0.0,1.95
788,1.2225,0.5,0.1,0.0,0.0015,1.95
789,1.222,0.0,0.0,0.0,0.0,1.95
790,1.2225,0.5,0.1,0.0,0.0015,1.95
791,1.2225,0.5,0.1,0.0,0.0015,1.95
792,1.222,0.0,0.0,0.0,0.0,1.95
793,1.2225,0.5,0.1,0.0,0.0015,1.95
794,1.222,0.0,0.0,0.0,0.0,1.95
795,1.2225,0.5,0.1,0.0,0.0015,1.95
796,1.222,0.0,0.0,0.0,0.0,1.95
797,1.2225,0.5,0.1,0.0,0.0015,1.95
798,1.222,0.0,0.0,0.0,0.0,1.95
799,1.222,0.0,0.0,0.0,0.0,1.95
800,1.222,0.0,0.0,0.0,0.0,1.95
801,1.2225,0.5,0.1,0.0,0.0015,1.95
802,1.222,0.0,0.0,0.0,0.0,1.95
803,1.222,0.0,0.0,0.0,0.0,1.95
804,1.222,0.0,0.0,0.0,0.0,1.95
805,1.222,0.0,0.0,0.0,0.0,1.95
806,1.222,0.0,0.0,0.0,0.0,1.95
807,1.222,0.0,0.0,0.0,0.0,1.95
808,1.2225,0.5,0.1,0.0,0.0015,1.95
809,1.222,0.0,0.0,0.0,0.0,1.95
810,1.222,0.0,0.0,0.0,0.0,1.95
811,1.2225,0.5,0.1,0.0,0.0015,1.95
812,1.2225,0.5,0.1,0.0,0.0015,1.95
813,1.222,0.0,0.0,0.0,0.0,1.95
814,1.2225,0.5,0.1,0.0,0.0015,1.95
815,1.2225,0.5,0.1,0.0,0.0015,1.95
816,1.222,0.0,0.0,0.0,0.0,1.95
817,1.2225,0.5,0.1,0.0,0.0015,1.95
818,1.222,0.0,0.0,0.0,0.0,1.95
819,1.2225,0.5,0.1,0.0,0.0015,1.95
820,1.222,0.0,0.0,0.0,0.0,1.95
821,1.2225,0.5,0.1,0.0,0.0015,1.95
822,1.222,0.0,0.0,0.0,0.0,1.95
823,1.2225,0.5,0.1,0.0,0.0015,1.95
824,1.222,0.0,0.0,0.0,0.0,1.95
825,1.2225,0.5,0.1,0.0,0.0015,1.95
826,1.222,0.0,0.0,0.0,0.0,1.95
827,1.2225,0.5,0.1,0.0,0.0015,1.95
828,1.2225,0.5,0.1,0.0,0.0015,1.95
829,1.222,0.0,0.0,0.0,0.0,1.95
830,1.2225,0.5,0.1,0.0,0.0015,1.95
831,1.222,0.0,0.0,0.0,0.0,1.95
832,1.222,0.0,0.0,0.0,0.0,1.95
833,1.2225,0.5,0.1,0.0,0.0015,1.95
834,1.222,0.0,0.0,0.0,0.0,1.95
835,1.2225,0.5,0.1,0.0,0.0015,1.95
836,1.2225,0.5,0.1,0.0,0.0015,1.95
837,1.222,0.0,0.0,0.0,0.0,1.95
838,1.222,0.0,0.0,0.0,0.0,1.95
839,1.222,0.0,0.0,0.0,0.0,1.95
840,1.222,0.0,0.0,0.0,0.0,1.95
841,1.222,0.0,0.0,0.0,0.0,1.95
842,1.2225,0.5,0.1,0.0,0.0015,1.95
843,1.222,0.0,0.0,0.0,0.0,1.95
844,1.2225,0.5,0.1,0.0,0.0015,1.95
845,1.222,0.0,0.0,0.0,0.0,1.95
846,1.222,0.0,0.0,0.0,0.0,1.95
847,1.2225,0.5,0.1,0.0,0.0015,1.95
848,1.2225,0.5,0.1,0.0,0.0015,1.95
849,1.2225,0.5,0.1,0.0,0.0015,1.95
850,1.2225,0.5,0.1,0.0,0.0015,1.95
851,1.222,0.0,0.0,0.0,0.0,1.95
852,1.222,0.0,0.0,0.0,0.0,1.95
853,1.2225,0.5,0.1,0.0,0.0015,1.95
854,1.222,0.0,0.0,0.0,0.0,1.95
855,1.2225,0.5,0.1,0.0,0.0015,1.95
856,1.2225,0.5,0.1,0.0,0.0015,1.95
857,1.2225,0.5,0.1,0.0,0.0015,1.95
858,1.2225,0.5,0.1,0.0,0.0015,1.95
859,1.222,0.0,0.0,0.0,0.0,1.95
860,1.222,0.0,0.0,0.0,0.0,1.95
861,1.2225,0.5,0.1,0.0,0.0015,1.95
862,1.222,0.0,0.0,0.0,0.0,1.95
863,1.222,0.0,0.0,0.0,0.0,1.95
864,1.222,0.0,0.0,0.0,0.0,1.95
865,1.222,0.0,0.0,0.0,0.0,1.95
866,1.222,0.0,0.0,0.0,0.0,1.95
867,1.2225,0.5,0.1,0.0,0.0015,1.95
868,1.222,0.0,0.0,0.0,0.0,1.95
869,1.222,0.0,0.0,0.0,0.0,1.95
870,1.2225,0.5,0.1,0.0,0.0015,1.95
871,1.2225,0.5,0.1,0.0,0.0015,1.95
872,1.222,0.0,0.0,0.0,0.0,1.95
873,1.222,0.0,0.0,0.0,0.0,1.95
874,1.2225,0.5,0.1,0.0,0.0015,1.95
875,1.222,0.0,0.0,0.0,0.0,1.95
876,1.222,0.0,0.0,0.0,0.0,1.95
877,1.222,0.0,0.0,0.0,0.0,1.95
878,1.222,0.0,0.0,0.0,0.0,1.95
879,1.2225,0.5,0.1,0.0,0.0015,1.95
880,1.222,0.0,0.0,0.0,0.0,1.95
881,1.2225,0.5,0.1,0.0,0.0015,1.95
882,1.2225,0.5,0.1,0.0,0.0015,1.95
883,1.2225,0.5,0.1,0.0,0.0015,1.95
884,1.2225,0.5,0.1,0.0,0.0015,1.95
885,1.222,0.0,0.0,0.0,0.0,1.95
886,1.222,0.0,0.0,0.0,0.0,1.95
887,1.2225,0.5,0.1,0.0,0.0015,1.95
888,1.222,0.0,0.0,0.0,0.0,1.95
889,1.2225,0.5,0.1,0.0,0.0015,1.95
890,1.222,0.0,0.0,0.0,0.0,1.95
891,1.2225,0.5,0.1,0.0,0.0015,1.95
892,1.2225,0.5,0.1,0.0,0.0015,1.95
893,1.222,0.0,0.0,0.0,0.0,1.95
894,1.222,0.0,0.0,0.0,0.0,1.95
895,1.2225,0.5,0.1,0.0,0.0015,1.95
896,1.2225,0.5,0.1,0.0,0.0015,1.95
897,1.222,0.0,0.0,0.0,0.0,1.95
898,1.2225,0.5,0.1,0.0,0.0015,1.95
899,1.2225,0.5,0.1,0.0,0.0015,1.95
900,1.222,0.0,0.0,0.0,0.0,1.95
901,1.2225,0.5,0.1,0.0,0.0015,1.95
902,1.2225,0.5,0.1,0.0,0.0015,1.95
903,1.2225,0.5,0.1,0.0,0.0015,1.95
904,1.222,0.0,0.0,0.0,0.0,1.95
905,1.222,0.0,0.0,0.0,0.0,1.95
906,1.2225,0.5,0.1,0.0,0.0015,1.95
907,1.2225,0.5,0.1,0.0,0.0015,1.95
908,1.222,0.0,0.0,0.0,0.0,1.95
909,1.222,0.0,0.0,0.0,0.0,1.95
910,1.222,0.0,0.0,0.0,0.0,1.95
911,1.222,0.0,0.0,0.0,0.0,1.95
912,1.222,0.0,0.0,0.0,0.0,1.95
913,1.222,0.0,0.0,0.0,0.0,1.95
914,1.2225,0.5,0.1,0.0,0.0015,1.95
915,1.222,0.0,0.0,0.0,0.0,1.95
916,1.2225,0.5,0.1,0.0,0.0015,1.95
917,1.222,0.0,0.0,0.0,0.0,1.95
918,1.222,0.0,0.0,0.0,0.0,1.95
919,1.2225,0.5,0.1,0.0,0.0015,1.95
920,1.222,0.0,0.0,0.0,0.0,1.95
921,1.2225,0.5,0.1,0.0,0.0015,1.95
922,1.2225,0.5,0.1,0.0,0.0015,1.95
923,1.222,0.0,0.0,0.0,0.0,1.95
924,1.2225,0.5,0.1,0.0,0.0015,1.95
925,1.222,0.0,0.0,0.0,0.0,1.95
926,1.222,0.0,0.0,0.0,0.0,1.95
927,1.2225,0.5,0.1,0.0,0.0015,1.95
928,1.222,0.0,0.0,0.0,0.0,1.95
929,1.2225,0.5,0.1,0.0,0.0015,1.95
930,1.222,0.0,0.0,0.0,0.0,1.95
931,1.222,0.0,0.0,0.0,0.0,1.95
932,1.222,0.0,0.0,0.0,0.0,1.95
933,1.222,0.0,0.0,0.0,0.0,1.95
934,1.2225,0.5,0.1,0.0,0.0015,1.95
935,1.222,0.0,0.0,0.0,0.0,1.95
936,1.222,0.0,0.0,0.0,0.0,1.95
937,1.222,0.0,0.0,0.0,0.0,1.95
938,1.222,0.0,0.0,0.0,0.0,1.95
939,1.222,0.0,0.0,0.0,0.0,1.95
940,1.222,0.0,0.0,0.0,0.0,1.95
941,1.222,0.0,0.0,0.0,0.0,1.95
942,1.222,0.0,0.0,0.0,0.0,1.95
943,1.222,0.0,0.0,0.0,0.0,1.95
944,1.222,0.0,0.0,0.0,0.0,1.95
945,1.222,0.0,0.0,0.0,0.0,1.95
946,1.2225,0.5,0.1,0.0,0.0015,1.95
947,1.222,0.0,0.0,0.0,0.0,1.95
948,1.222,0.0,0.0,0.0,0.0,1.95
949,1.222,0.0,0.0,0.0,0.0,1.95
950,1.222,0.0,0.0,0.0,0.0,1.95
951,1.222,0.0,0.0,0.0,0.0,1.95
952,1.222,0.0,0.0,0.0,0.0,1.95
953,1.2225,0.5,0.1,0.0,0.0015,1.95
954,1.2225,0.5,0.1,0.0,0.0015,1.95
955,1.2225,0.5,0.1,0.0,0.0015,1.95
956,1.222,0.0,0.0,0.0,0.0,1.95
957,1.222,0.0,0.0,0.0,0.0,1.95
958,1.2225,0.5,0.1,0.0,0.0015,1.95
959,1.222,0.0,0.0,0.0,0.0,1.95
960,1.222,0.0,0.0,0.0,0.0,1.95
961,1.222,0.0,0.0,0.0,0.0,1.95
962,1.222,0.0,0.0,0.0,0.0,1.95
963,1.222,0.0,0.0,0.0,0.0,1.95
964,1.222,0.0,0.0,0.0,0.0,1.95
965,1.2225,0.5,0.1,0.0,0.0015,1.95
966,1.222,0.0,0.0,0.0,0.0,1.95
967,1.222,0.0,0.0,0.0,0.0,1.95
968,1.222,0.0,0.0,0.0,0.0,1.95
969,1.2225,0.5,0.1,0.0,0.0015,1.95
970,1.2225,0.5,0.1,0.0,0.0015,1.95
971,1.222,0.0,0.0,0.0,0.0,1.95
972,1.222,0.0,0.0,0.0,0.0,1.95
973,1.222,0.0,0.0,0.0,0.0,1.95
974,1.2225,0.5,0.1,0.0,0.0015,1.95
975,1.2225,0.5,0.1,0.0,0.0015,1.95
976,1.222,0.0,0.0,0.0,0.0,1.95
977,1.2225,0.5,0.1,0.0,0.0015,1.95
978,1.2225,0.5,0.1,0.0,0.0015,1.95
979,1.222,0.0,0.0,0.0,0.0,1.95
980,1.222,0.0,0.0,0.0,0.0,1.95
981,1.222,0.0,0.0,0.0,0.0,1.95
982,1.222,0.0,0.0,0.0,0.0,1.95
983,1.222,0.0,0.0,0.0,0.0,1.95
984,1.2225,0.5,0.1,0.0,0.0015,1.95
985,1.222,0.0,0.0,0.0,0.0,1.95
986,1.222,0.0,0.0,0.0,0.0,1.95
987,1.2225,0.5,0.1,0.0,0.0015,1.95
988,1.2225,0.5,0.1,0.0,0.0015,1.95
989,1.222,0.0,0.0,0.0,0.0,1.95
990,1.2225,0.5,0.1,0.0,0.0015,1.95
991,1.222,0.0,0.0,0.0,0.0,1.95
992,1.2225,0.5,0.1,0.0,0.0015,1.95
993,1.2225,0.5,0.1,0.0,0.0015,1.95
994,1.222,0.0,0.0,0.0,0.0,1.95
995,1.222,0.0,0.0,0.0,0.0,1.95
996,1.222,0.0,0.0,0.0,0.0,1.95
997,1.2225,0.5,0.1,0.0,0.0015,1.95
998,1.222,0.0,0.0,0.0,0.0,1.95
999,1.222,0.0,0.0,0.0,0.0,1.95
1000,1.222,0.0,0.0,0.0,0.0,1.95
1001,1.222,0.0,0.0,0.0,0.0,1.95
1002,1.222,0.0,0.0,0.0,0.0,1.95
1003,1.222,0.0,0.0,0.0,0.0,1.95
1004,1.2225,0.5,0.1,0.0,0.0015,1.95
1005,1.222,0.0,0.0,0.0,0.0,1.95
1006,1.222,0.0,0.0,0.0,0.0,1.95
1007,1.222,0.0,0.0,0.0,0.0,1.95
1008,1.222,0.0,0.0,0.0,0.0,1.95
1009,1.222,0.0,0.0,0.0,0.0,1.95
1010,1.2225,0.5,0.1,0.0,0.0015,1.95
1011,1.222,0.0,0.0,0.0,0.0,1.95
1012,1.2225,0.5,0.1,0.0,0.0015,1.95
1013,1.2225,0.5,0.1,0.0,0.0015,1.95
1014,1.222,0.0,0.0,0.0,0.0,1.95
1015,1.2225,0.5,0.1,0.0,0.0015,1.95
1016,1.222,0.0,0.0,0.0,0.0,1.95
1017,1.2225,0.5,0.1,0.0,0.0015,1.95
1018,1.222,0.0,0.0,0.0,0.0,1.95
1019,1.2225,0.5,0.1,0.0,0.0015,1.95
1020,1.2225,0.5,0.1,0.0,0.0015,1.95
1021,1.222,0.0,0.0,0.0,0.0,1.95
1022,1.222,0.0,0.0,0.0,0.0,1.95
1023,1.222,0.0,0.0,0.0,0.0,1.95
1024,1.2225,0.5,0.1,0.0,0.0015,1.95
1025,1.222,0.0,0.0,0.0,0.0,1.95
1026,1.2225,0.5,0.1,0.0,0.0015,1.95
1027,1.222,0.0,0.0,0.0,0.0,1.95
1028,1.2225,0.5,0.1,0.0,0.0015,1.95
1029,1.222,0.0,0.0,0.0,0.0,1.95
1030,1.222,0.0,0.0,0.0,0.0,1.95
1031,1.2225,0.5,0.1,0.0,0.0015,1.95
1032,1.222,0.0,0.0,0.0,0.0,1.95
1033,1.2225,0.5,0.1,0.0,0.0015,1.95
1034,1.222,0.0,0.0,0.0,0.0,1.95
1035,1.222,0.0,0.0,0.0,0.0,1.95
1036,1.222,0.0,0.0,0.0,0.0,1.95
1037,1.222,0.0,0.0,0.0,0.0,1.95
1038,1.2225,0.5,0.1,0.0,0.0015,1.95
1039,1.2225,0.5,0.1,0.0,0.0015,1.95
1040,1.222,0.0,0.0,0.0,0.0,1.95
1041,1.2225,0.5,0.1,0.0,0.0015,1.95
1042,1.2225,0.5,0.1,0.0,0.0015,1.95
1043,1.2225,0.5,0.1,0.0,0.0015,1.95
1044,1.222,0.0,0.0,0.0,0.0,1.95
1045,1.2225,0.5,0.1,0.0,0.0015,1.95
1046,1.222,0.0,0.0,0.0,0.0,1.95
1047,1.2225,0.5,0.1,0.0,0.0015,1.95
1048,1.222,0.0,0.0,0.0,0.0,1.95
1049,1.222,0.0,0.0,0.0,0.0,1.95
1050,1.2225,0.5,0.1,0.0,0.0015,1.95
1051,1.2225,0.5,0.1,0.0,0.0015,1.95
1052,1.222,0.0,0.0,0.0,0.0,1.95
1053,1.222,0.0,0.0,0.0,0.0,1.95
1054,1.222,0.0,0.0,0.0,0.0,1.95
1055,1.2225,0.5,0.1,0.0,0.0015,1.95
1056,1.222,0.0,0.0,0.0,0.0,1.95
1057,1.222,0.0,0.0,0.0,0.0,1.95
1058,1.222,0.0,0.0,0.0,0.0,1.95
1059,1.222,0.0,0.0,0.0,0.0,1.95
1060,1.222,0.0,0.0,0.0,0.0,1.95
1061,1.222,0.0,0.0,0.0,0.0,1.95
1062,1.2225,0.5,0.1,0.0,0.0015,1.95
1063,1.2225,0.5,0.1,0.0,0.0015,1.95
1064,1.2225,0.5,0.1,0.0,0.0015,1.95
1065,1.222,0.0,0.0,0.0,0.0,1.95
1066,1.2225,0.5,0.1,0.0,0.0015,1.95
1067,1.222,0.0,0.0,0.0,0.0,1.95
1068,1.222,0.0,0.0,0.0,0.0,1.95
1069,1.222,0.0,0.0,0.0,0.0,1.95
1070,1.2225,0.5,0.1,0.0,0.0015,1.95
1071,1.2225,0.5,0.1,0.0,0.0015,1.95
1072,1.222,0.0,0.0,0.0,0.0,1.95
1073,1.2225,0.5,0.1,0.0,0.0015,1.95
1074,1.222,0.0,0.0,0.0,0.0,1.95
1075,1.2225,0.5,0.1,0.0,0.0015,1.95
1076,1.222,0.0,0.0,0.0,0.0,1.95
1077,1.2225,0.5,0.1,0.0,0.0015,1.95
1078,1.222,0.0,0.0,0.0,0.0,1.95
1079,1.222,0.0,0.0,0.0,0.0,1.95
1080,1.222,0.0,0.0,0.0,0.0,1.95
1081,1.2225,0.5,0.1,0.0,0.0015,1.95
1082,1.2225,0.5,0.1,0.0,0.0015,1.95
1083,1.222,0.0,0.0,0.0,0.0,1.95
1084,1.222,0.0,0.0,0.0,0.0,1.95
1085,1.2225,0.5,0.1,0.0,0.0015,1.95
1086,1.2225,0.5,0.1,0.0,0.0015,1.95
1087,1.2225,0.5,0.1,0.0,0.0015,1.95
1088,1.2225,0.5,0.1,0.0,0.0015,1.95
1089,1.2225,0.5,0.1,0.0,0.0015,1.95
1090,1.2225,0.5,0.1,0.0,0.0015,1.95
1091,1.2225,0.5,0.1,0.0,0.0015,1.95
1092,1.222,0.0,0.0,0.0,0.0,1.95
1093,1.2225,0.5,0.1,0.0,0.0015,1.95
1094,1.2225,0.5,0.1,0.0,0.0015,1.95
1095,1.2225,0.5,0.1,0.0,0.0015,1.95
1096,1.2225,0.5,0.1,0.0,0.0015,1.95
1097,1.222,0.0,0.0,0.0,0.0,1.95
1098,1.2225,0.5,0.1,0.0,0.0015,1.95
1099,1.222,0.0,0.0,0.0,0.0,1.95
1100,1.2225,0.5,0.1,0.0,0.0015,1.95
1101,1.222,0.0,0.0,0.0,0.0,1.95
1102,1.2225,0.5,0.1,0.0,0.0015,1.95
1103,1.222,0.0,0.0,0.0,0.0,1.95
1104,1.2225,0.5,0.1,0.0,0.0015,1.95
1105,1.222,0.0,0.0,0.0,0.0,1.95
1106,1.222,0.0,0.0,0.0,0.0,1.95
1107,1.2225,0.5,0.1,0.0,0.0015,1.95
1108,1.222,0.0,0.0,0.0,0.0,1.95
1109,1.2225,0.5,0.1,0.0,0.0015,1.95
1110,1.2225,0.5,0.1,0.0,0.0015,1.95
1111,1.222,0.0,0.0,0.0,0.0,1.95
1112,1.2225,0.5,0.1,0.0,0.0015,1.95
1113,1.2225,0.5,0.1,0.0,0.0015,1.95
1114,1.2225,0.5,0.1,0.0,0.0015,1.95
1115,1.2225,0.5,0.1,0.0,0.0015,1.95
1116,1.222,0.0,0.0,0.0,0.0,1.95
1117,1.2225,0.5,0.1,0.0,0.0015,1.95
1118,1.222,0.0,0.0,0.0,0.0,1.95
1119,1.2225,0.5,0.1,0.0,0.0015,1.95
1120,1.2225,0.5,0.1,0.0,0.0015,1.95
1121,1.2225,0.5,0.1,0.0,0.0015,1.95
1122,1.222,0.0,0.0,0.0,0.0,1.95
1123,1.222,0.0,0.0,0.0,0.0,1.95
1124,1.2225,0.5,0.1,0.0,0.0015,1.95
1125,1.2225,0.5,0.1,0.0,0.0015,1.95
1126,1.222,0.0,0.0,0.0,0.0,1.95
1127,1.2225,0.5,0.1,0.0,0.0015,1.95
1128,1.222,0.0,0.0,0.0,0.0,1.95
1129,1.2225,0.5,0.1,0.0,0.0015,1.95
1130,1.2225,0.5,0.1,0.0,0.0015,1.95
1131,1.2225,0.5,0.1,0.0,0.0015,1.95
1132,1.2225,0.5,0.1,0.0,0.0015,1.95
1133,1.2225,0.5,0.1,0.0,0.0015,1.95
1134,1.222,0.0,0.0,0.0,0.0,1.95
1135,1.222,0.0,0.0,0.0,0.0,1.95
1136,1.222,0.0,0.0,0.0,0.0,1.95
1137,1.222,0.0,0.0,0.0,0.0,1.95
1138,1.2225,0.5,0.1,0.0,0.0015,1.95
1139,1.2225,0.5,0.1,0.0,0.0015,1.95
1140,1.222,0.0,0.0,0.0,0.0,1.95
1141,1.2225,0.5,0.1,0.0,0.0015,1.95
1142,1.222,0.0,0.0,0.0,0.0,1.95
1143,1.222,0.0,0.0,0.0,0.0,1.95
1144,1.2225,0.5,0.1,0.0,0.0015,1.95
1145,1.222,0.0,0.0,0.0,0.0,1.95
1146,1.222,0.0,0.0,0.0,0.0,1.95
1147,1.222,0.0,0.0,0.0,0.0,1.95
1148,1.222,0.0,0.0,0.0,0.0,1.95
1149,1.2225,0.5,0.1,0.0,0.0015,1.95
1150,1.2225,0.5,0.1,0.0,0.0015,1.95
1151,1.222,0.0,0.0,0.0,0.0,1.95
1152,1.2225,0.5,0.1,0.0,0.0015,1.95
1153,1.2225,0.5,0.1,0.0,0.0015,1.95
1154,1.2225,0.5,0.1,0.0,0.0015,1.95
1155,1.222,0.0,0.0,0.0,0.0,1.95
1156,1.222,0.0,0.0,0.0,0.0,1.95
1157,1.222,0.0,0.0,0.0,0.0,1.95
1158,1.2225,0.5,0.1,0.0,0.0015,1.95
1159,1.2225,0.5,0.1,0.0,0.0015,1.95
1160,1.2225,0.5,0.1,0.0,0.0015,1.95
1161,1.222,0.0,0.0,0.0,0.0,1.95
1162,1.222,0.0,0.0,0.0,0.0,1.95
1163,1.2225,0.5,0.1,0.0,0.0015,1.95
1164,1.2225,0.5,0.1,0.0,0.0015,1.95
1165,1.2225,0.5,0.1,0.0,0.0015,1.95
1166,1.222,0.0,0.0,0.0,0.0,1.95
1167,1.2225,0.5,0.1,0.0,0.0015,1.95
1168,1.222,0.0,0.0,0.0,0.0,1.95
1169,1.2225,0.5,0.1,0.0,0.0015,1.95
1170,1.222,0.0,0.0,0.0,0.0,1.95
1171,1.2225,0.5,0.1,0.0,0.0015,1.95
1172,1.222,0.0,0.0,0.0,0.0,1.95
1173,1.2225,0.5,0.1,0.0,0.0015,1.95
1174,1.2225,0.5,0.1,0.0,0.0015,1.95
1175,1.2225,0.5,0.1,0.0,0.0015,1.95
1176,1.222,0.0,0.0,0.0,0.0,1.95
1177,1.222,0.0,0.0,0.0,0.0,1.95
1178,1.2225,0.5,0.1,0.0,0.0015,1.95
1179,1.222,0.0,0.0,0.0,0.0,1.95
1180,1.2225,0.5,0.1,0.0,0.0015,1.95
1181,1.2225,0.5,0.1,0.0,0.0015,1.95
1182,1.2225,0.5,0.1,0.0,0.0015,1.95
1183,1.222,0.0,0.0,0.0,0.0,1.95
1184,1.2225,0.5,0.1,0.0,0.0015,1.95
1185,1.222,0.0,0.0,0.0,0.0,1.95
1186,1.222,0.0,0.0,0.0,0.0,1.95
1187,1.2225,0.5,0.1,0.0,0.0015,1.95
1188,1.222,0.0,0.0,0.0,0.0,1.95
1189,1.222,0.0,0.0,0.0,0.0,1.95
1190,1.2225,0.5,0.1,0.0,0.0015,1.95
1191,1.222,0.0,0.0,0.0,0.0,1.95
1192,1.222,0.0,0.0,0.0,0.0,1.95
1193,1.2225,0.5,0.1,0.0,0.0015,1.95
1194,1.222,0.0,0.0,0.0,0.0,1.95
1195,1.222,0.0,0.0,0.0,0.0,1.95
1196,1.222,0.0,0.0,0.0,0.0,1.95
1197,1.222,0.0,0.0,0.0,0.0,1.95
1198,1.2225,0.5,0.1,0.0,0.0015,1.95
1199,1.222,0.0,0.0,0.0,0.0,1.95
1200,1.2225,0.5,0.1,0.0,0.0015,1.95
1201,1.2225,0.5,0.1,0.0,0.0015,1.95
1202,1.222,0.0,0.0,0.0,0.0,1.95
1203,1.2225,0.5,0.1,0.0,0.0015,1.95
1204,1.2225,0.5,0.1,0.0,0.0015,1.95
1205,1.222,0.0,0.0,0.0,0.0,1.95
1206,1.2225,0.5,0.1,0.0,0.0015,1.95
1207,1.222,0.0,0.0,0.0,0.0,1.95
1208,1.222,0.0,0.0,0.0,0.0,1.95
1209,1.2225,0.5,0.1,0.0,0.0015,1.95
1210,1.2225,0.5,0.1,0.0,0.0015,1.95
1211,1.2225,0.5,0.1,0.0,0.0015,1.95
1212,1.222,0.0,0.0,0.0,0.0,1.95
1213,1.2225,0.5,0.1,0.0,0.0015,1.95
1214,1.2225,0.5,0.1,0.0,0.0015,1.95
1215,1.222,0.0,0.0,0.0,0.0,1.95
1216,1.2225,0.5,0.1,0.0,0.0015,1.95
1217,1.2225,0.5,0.1,0.0,0.0015,1.95
1218,1.222,0.0,0.0,0.0,0.0,1.95
1219,1.222,0.0,0.0,0.0,0.0,1.95
1220,1.2225,0.5,0.1,0.0,0.0015,1.95
1221,1.222,0.0,0.0,0.0,0.0,1.95
1222,1.222,0.0,0.0,0.0,0.0,1.95
1223,1.222,0.0,0.0,0.0,0.0,1.95
1224,1.222,0.0,0.0,0.0,0.0,1.95
1225,1.2225,0.5,0.1,0.0,0.0015,1.95
1226,1.222,0.0,0.0,0.0,0.0,1.95
1227,1.2225,0.5,0.1,0.0,0.0015,1.95
1228,1.222,0.0,0.0,0.0,0.0,1.95
1229,1.2225,0.5,0.1,0.0,0.0015,1.95
1230,1.2225,0.5,0.1,0.0,0.0015,1.95
1231,1.222,0.0,0.0,0.0,0.0,1.95
1232,1.222,0.0,0.0,0.0,0.0,1.95
1233,1.2225,0.5,0.1,0.0,0.0015,1.95
1234,1.222,0.0,0.0,0.0,0.0,1.95
1235,1.222,0.0,0.0,0.0,0.0,1.95
1236,1.2225,0.5,0.1,0.0,0.0015,1.95
1237,1.2225,0.5,0.1,0.0,0.0015,1.95
1238,1.2225,0.5,0.1,0.0,0.0015,1.95
1239,1.222,0.0,0.0,0.0,0.0,1.95
1240,1.2225,0.5,0.1,0.0,0.0015,1.95
1241,1.222,0.0,0.0,0.0,0.0,1.95
1242,1.2225,0.5,0.1,0.0,0.0015,1.95
1243,1.2225,0.5,0.1,0.0,0.0015,1.95
1244,1.222,0.0,0.0,0.0,0.0,1.95
1245,1.222,0.0,0.0,0.0,0.0,1.95
1246,1.222,0.0,0.0,0.0,0.0,1.95
1247,1.222,0.0,0.0,0.0,0.0,1.95
1248,1.2225,0.5,0.1,0.0,0.0015,1.95
1249,1.222,0.0,0.0,0.0,0.0,1.95
1250,1.222,0.0,0.0,0.0,0.0,1.95
1251,1.2225,0.5,0.1,0.0,0.0015,1.95
1252,1.2225,0.5,0.1,0.0,0.0015,1.95
1253,1.222,0.0,0.0,0.0,0.0,1.95
1254,1.222,0.0,0.0,0.0,0.0,1.95
1255,1.2225,0.5,0.1,0.0,0.0015,1.95
1256,1.222,0.0,0.0,0.0,0.0,1.95
1257,1.2225,0.5,0.1,0.0,0.0015,1.95
1258,1.222,0.0,0.0,0.0,0.0,1.95
1259,1.2225,0.5,0.1,0.0,0.0015,1.95
1260,1.222,0.0,0.0,0.0,0.0,1.95
1261,1.2225,0.5,0.1,0.0,0.0015,1.95
1262,1.2225,0.5,0.1,0.0,0.0015,1.95
1263,1.222,0.0,0.0,0.0,0.0,1.95
1264,1.222,0.0,0.0,0.0,0.0,1.95
1265,1.222,0.0,0.0,0.0,0.0,1.95
1266,1.222,0.0,0.0,0.0,0.0,1.95
1267,1.222,0.0,0.0,0.0,0.0,1.95
1268,1.2225,0.5,0.1,0.0,0.0015,1.95
1269,1.2225,0.5,0.1,0.0,0.0015,1.95
1270,1.2225,0.5,0.1,0.0,0.0015,1.95
1271,1.2225,0.5,0.1,0.0,0.0015,1.95
1272,1.222,0.0,0.0,0.0,0.0,1.95
1273,1.2225,0.5,0.1,0.0,0.0015,1.95
1274,1.222,0.0,0.0,0.0,0.0,1.95
1275,1.222,0.0,0.0,0.0,0.0,1.95
1276,1.222,0.0,0.0,0.0,0.0,1.95
1277,1.2225,0.5,0.1,0.0,0.0015,1.95
1278,1.2225,0.5,0.1,0.0,0.0015,1.95
1279,1.222,0.0,0.0,0.0,0.0,1.95
1280,1.2225,0.5,0.1,0.0,0.0015,1.95
1281,1.2225,0.5,0.1,0.0,0.0015,1.95
1282,1.2225,0.5,0.1,0.0,0.0015,1.95
1283,1.222,0.0,0.0,0.0,0.0,1.95
1284,1.2225,0.5,0.1,0.0,0.0015,1.95
1285,1.2225,0.5,0.1,0.0,0.0015,1.95
1286,1.2225,0.5,0.1,0.0,0.0015,1.95
1287,1.222,0.0,0.0,0.0,0.0,1.95
1288,1.222,0.0,0.0,0.0,0.0,1.95
1289,1.222,0.0,0.0,0.0,0.0,1.95
1290,1.222,0.0,0.0,0.0,0.0,1.95
1291,1.222,0.0,0.0,0.0,0.0,1.95
1292,1.2225,0.5,0.1,0.0,0.0015,1.95
1293,1.222,0.0,0.0,0.0,0.0,1.95
1294,1.2225,0.5,0.1,0.0,0.0015,1.95
1295,1.222,0.0,0.0,0.0,0.0,1.95
1296,1.222,0.0,0.0,0.0,0.0,1.95
1297,1.222,0.0,0.0,0.0,0.0,1.95
1298,1.2225,0.5,0.1,0.0,0.0015,1.95
1299,1.2225,0.5,0.1,0.0,0.0015,1.95
1300,1.2225,0.5,0.1,0.0,0.0015,1.95
1301,1.222,0.0,0.0,0.0,0.0,1.95
1302,1.222,0.0,0.0,0.0,0.0,1.95
1303,1.2225,0.5,0.1,0.0,0.0015,1.95
1304,1.222,0.0,0.0,0.0,0.0,1.95
1305,1.2225,0.5,0.1,0.0,0.0015,1.95
1306,1.222,0.0,0.0,0.0,0.0,1.95
1307,1.222,0.0,0.0,0.0,0.0,1.95
1308,1.222,0.0,0.0,0.0,0.0,1.95
1309,1.2225,0.5,0.1,0.0,0.0015,1.95
1310,1.222,0.0,0.0,0.0,0.0,1.95
1311,1.222,0.0,0.0,0.0,0.0,1.95
1312,1.2225,0.5,0.1,0.0,0.0015,1.95
1313,1.222,0.0,0.0,0.0,0.0,1.95
1314,1.222,0.0,0.0,0.0,0.0,1.95
1315,1.222,0.0,0.0,0.0,0.0,1.95
1316,1.2225,0.5,0.1,0.0,0.0015,1.95
1317,1.2225,0.5,0.1,0.0,0.0015,1.95
1318,1.2225,0.5,0.1,0.0,0.0015,1.95
1319,1.222,0.0,0.0,0.0,0.0,1.95
1320,1.2225,0.5,0.1,0.0,0.0015,1.95
1321,1.2225,0.5,0.1,0.0,0.0015,1.95
1322,1.222,0.0,0.0,0.0,0.0,1.95
1323,1.222,0.0,0.0,0.0,0.0,1.95
1324,1.2225,0.5,0.1,0.0,0.0015,1.95
1325,1.222,0.0,0.0,0.0,0.0,1.95
1326,1.2225,0.5,0.1,0.0,0.0015,1.95
1327,1.222,0.0,0.0,0.0,0.0,1.95
1328,1.222,0.0,0.0,0.0,0.0,1.95
1329,1.2225,0.5,0.1,0.0,0.0015,1.95
1330,1.222,0.0,0.0,0.0,0.0,1.95
1331,1.222,0.0,0.0,0.0,0.0,1.95
1332,1.222,0.0,0.0,0.0,0.0,1.95
1333,1.222,0.0,0.0,0.0,0.0,1.95
1334,1.222,0.0,0.0,0.0,0.0,1.95
1335,1.222,0.0,0.0,0.0,0.0,1.95
1336,1.2225,0.5,0.1,0.0,0.0015,1.95
1337,1.222,0.0,0.0,0.0,0.0,1.95
1338,1.2225,0.5,0.1,0.0,0.0015,1.95
1339,1.222,0.0,0.0,0.0,0.0,1.95
1340,1.2225,0.5,0.1,0.0,0.0015,1.95
1341,1.2225,0.5,0.1,0.0,0.0015,1.95
1342,1.222,0.0,0.0,0.0,0.0,1.95
1343,1.2225,0.5,0.1,0.0,0.0015,1.95
1344,1.222,0.0,0.0,0.0,0.0,1.95
1345,1.2225,0.5,0.1,0.0,0.0015,1.95
1346,1.2225,0.5,0.1,0.0,0.0015,1.95
1347,1.2225,0.5,0.1,0.0,0.0015,1.95
1348,1.2225,0.5,0.1,0.0,0.0015,1.95
1349,1.2225,0.5,0.1,0.0,0.0015,1.95
1350,1.222,0.0,0.0,0.0,0.0,1.95
1351,1.222,0.0,0.0,0.0,0.0,1.95
1352,1.2225,0.5,0.1,0.0,0.0015,1.95
1353,1.222,0.0,0.0,0.0,0.0,1.95
1354,1.2225,0.5,0.1,0.0,0.0015,1.95
1355,1.222,0.0,0.0,0.0,0.0,1.95
1356,1.222,0.0,0.0,0.0,0.0,1.95
1357,1.222,0.0,0.0,0.0,0.0,1.95
1358,1.222,0.0,0.0,0.0,0.0,1.95
1359,1.2225,0.5,0.1,0.0,0.0015,1.95
1360,1.2225,0.5,0.1,0.0,0.0015,1.95
1361,1.2225,0.5,0.1,0.0,0.0015,1.95
1362,1.222,0.0,0.0,0.0,0.0,1.95
1363,1.222,0.0,0.0,0.0,0.0,1.95
1364,1.2225,0.5,0.1,0.0,0.0015,1.95
1365,1.222,0.0,0.0,0.0,0.0,1.95
1366,1.222,0.0,0.0,0.0,0.0,1.95
1367,1.2225,0.5,0.1,0.0,0.0015,1.95
1368,1.2225,0.5,0.1,0.0,0.0015,1.95
1369,1.2225,0.5,0.1,0.0,0.0015,1.95
1370,1.222,0.0,0.0,0.0,0.0,1.95
1371,1.2225,0.5,0.1,0.0,0.0015,1.95
1372,1.2225,0.5,0.1,0.0,0.0015,1.95
1373,1.2225,0.5,0.1,0.0,0.0015,1.95
1374,1.222,0.0,0.0,0.0,0.0,1.95
1375,1.2225,0.5,0.1,0.0,0.0015,1.95
1376,1.2225,0.5,0.1,0.0,0.0015,1.95
1377,1.222,0.0,0.0,0.0,0.0,1.95
1378,1.2225,0.5,0.1,0.0,0.0015,1.95
1379,1.222,0.0,0.0,0.0,0.0,1.95
1380,1.2225,0.5,0.1,0.0,0.0015,1.95
1381,1.2225,0.5,0.1,0.0,0.0015,1.95
1382,1.222,0.0,0.0,0.0,0.0,1.95
1383,1.2225,0.5,0.1,0.0,0.0015,1.95
1384,1.2225,0.5,0.1,0.0,0.0015,1.95
1385,1.2225,0.5,0.1,0.0,0.0015,1.95
1386,1.2225,0.5,0.1,0.0,0.0015,1.95
1387,1.222,0.0,0.0,0.0,0.0,1.95
1388,1.222,0.0,0.0,0.0,0.0,1.95
1389,1.222,0.0,0.0,0.0,0.0,1.95
1390,1.2225,0.5,0.1,0.0,0.0015,1.95
1391,1.222,0.0,0.0,0.0,0.0,1.95
1392,1.222,0.0,0.0,0.0,0.0,1.95
1393,1.222,0.0,0.0,0.0,0.0,1.95
1394,1.2225,0.5,0.1,0.0,0.0015,1.95
1395,1.222,0.0,0.0,0.0,0.0,1.95
1396,1.2225,0.5,0.1,0.0,0.0015,1.95
1397,1.222,0.0,0.0,0.0,0.0,1.95
1398,1.2225,0.5,0.1,0.0,0.0015,1.95
1399,1.222,0.0,0.0,0.0,0.0,1.95
1400,1.222,0.0,0.0,0.0,0.0,1.95
1401,1.2225,0.5,0.1,0.0,0.0015,1.95
1402,1.222,0.0,0.0,0.0,0.0,1.95
1403,1.222,0.0,0.0,0.0,0.0,1.95
1404,1.222,0.0,0.0,0.0,0.0,1.95
1405,1.2225,0.5,0.1,0.0,0.0015,1.95
1406,1.222,0.0,0.0,0.0,0.0,1.95
1407,1.222,0.0,0.0,0.0,0.0,1.95
1408,1.2225,0.5,0.1,0.0,0.0015,1.95
1409,1.2225,0.5,0.1,0.0,0.0015,1.95
1410,1.222,0.0,0.0,0.0,0.0,1.95
1411,1.2225,0.5,0.1,0.0,0.0015,1.95
1412,1.2225,0.5,0.1,0.0,0.0015,1.95
1413,1.222,0.0,0.0,0.0,0.0,1.95
1414,1.222,0.0,0.0,0.0,0.0,1.95
1415,1.222,0.0,0.0,0.0,0.0,1.95
1416,1.222,0.0,0.0,0.0,0.0,1.95
1417,1.222,0.0,0.0,0.0,0.0,1.95
1418,1.222,0.0,0.0,0.0,0.0,1.95
1419,1.222,0.0,0.0,0.0,0.0,1.95
1420,1.222,0.0,0.0,0.0,0.0,1.95
1421,1.2225,0.5,0.1,0.0,0.0015,1.95
1422,1.222,0.0,0.0,0.0,0.0,1.95
1423,1.222,0.0,0.0,0.0,0.0,1.95
1424,1.2225,0.5,0.1,0.0,0.0015,1.95
1425,1.2225,0.5,0.1,0.0,0.0015,1.95
1426,1.2225,0.5,0.1,0.0,0.0015,1.95
1427,1.222,0.0,0.0,0.0,0.0,1.95
1428,1.2225,0.5,0.1,0.0,0.0015,1.95
1429,1.222,0.0,0.0,0.0,0.0,1.95
1430,1.2225,0.5,0.1,0.0,0.0015,1.95
1431,1.2225,0.5,0.1,0.0,0.0015,1.95
1432,1.2225,0.5,0.1,0.0,0.0015,1.95
1433,1.2225,0.5,0.1,0.0,0.0015,1.95
1434,1.222,0.0,0.0,0.0,0.0,1.95
1435,1.222,0.0,0.0,0.0,0.0,1.95
1436,1.222,0.0,0.0,0.0,0.0,1.95
1437,1.2225,0.5,0.1,0.0,0.0015,1.95
1438,1.2225,0.5,0.1,0.0,0.0015,1.95
1439,1.2225,0.5,0.1,0.0,0.0015,1.95
1440,1.2225,0.5,0.1,0.0,0.0015,1.95
1441,1.222,0.0,0.0,0.0,0.0,1.95
1442,1.222,0.0,0.0,0.0,0.0,1.95
1443,1.222,0.0,0.0,0.0,0.0,1.95
1444,1.2225,0.5,0.1,0.0,0.0015,1.95
1445,1.222,0.0,0.0,0.0,0.0,1.95
1446,1.222,0.0,0.0,0.0,0.0,1.95
1447,1.222,0.0,0.0,0.0,0.0,1.95
1448,1.2225,0.5,0.1,0.0,0.0015,1.95
1449,1.2225,0.5,0.1,0.0,0.0015,1.95
1450,1.2225,0.5,0.1,0.0,0.0015,1.95
1451,1.2225,0.5,0.1,0.0,0.0015,1.95
1452,1.2225,0.5,0.1,0.0,0.0015,1.95
1453,1.2225,0.5,0.1,0.0,0.0015,1.95
1454,1.222,0.0,0.0,0.0,0.0,1.95
1455,1.2225,0.5,0.1,0.0,0.0015,1.95
1456,1.2225,0.5,0.1,0.0,0.0015,1.95
1457,1.2225,0.5,0.1,0.0,0.0015,1.95
1458,1.2225,0.5,0.1,0.0,0.0015,1.95
1459,1.2225,0.5,0.1,0.0,0.0015,1.95
1460,1.222,0.0,0.0,0.0,0.0,1.95
1461,1.2225,0.5,0.1,0.0,0.0015,1.95
1462,1.222,0.0,0.0,0.0,0.0,1.95
1463,1.222,0.0,0.0,0.0,0.0,1.95
1464,1.2225,0.5,0.1,0.0,0.0015,1.95
1465,1.2225,0.5,0.1,0.0,0.0015,1.95
1466,1.222,0.0,0.0,0.0,0.0,1.95
1467,1.2225,0.5,0.1,0.0,0.0015,1.95
1468,1.2225,0.5,0.1,0.0,0.0015,1.95
1469,1.222,0.0,0.0,0.0,0.0,1.95
1470,1.2225,0.5,0.1,0.0,0.0015,1.95
1471,1.222,0.0,0.0,0.0,0.0,1.95
1472,1.2225,0.5,0.1,0.0,0.0015,1.95
1473,1.222,0.0,0.0,0.0,0.0,1.95
1474,1.222,0.0,0.0,0.0,0.0,1.95
1475,1.222,0.0,0.0,0.0,0.0,1.95
1476,1.222,0.0,0.0,0.0,0.0,1.95
1477,1.222,0.0,0.0,0.0,0.0,1.95
1478,1.222,0.0,0.0,0.0,0.0,1.95
1479,1.222,0.0,0.0,0.0,0.0,1.95
1480,1.2225,0.5,0.1,0.0,0.0015,1.95
1481,1.2225,0.5,0.1,0.0,0.0015,1.95
1482,1.222,0.0,0.0,0.0,0.0,1.95
1483,1.222,0.0,0.0,0.0,0.0,1.95
1484,1.2225,0.5,0.1,0.0,0.0015,1.95
1485,1.222,0.0,0.0,0.0,0.0,1.95
1486,1.222,0.0,0.0,0.0,0.0,1.95
1487,1.2225,0.5,0.1,0.0,0.0015,1.95
1488,1.222,0.0,0.0,0.0,0.0,1.95
1489,1.2225,0.5,0.1,0.0,0.0015,1.95
1490,1.2225,0.5,0.1,0.0,0.0015,1.95
1491,1.222,0.0,0.0,0.0,0.0,1.95
1492,1.222,0.0,0.0,0.0,0.0,1.95
1493,1.222,0.0,0.0,0.0,0.0,1.95
1494,1.222,0.0,0.0,0.0,0.0,1.95
1495,1.222,0.0,0.0,0.0,0.0,1.95
1496,1.2225,0.5,0.1,0.0,0.0015,1.95
1497,1.2225,0.5,0.1,0.0,0.0015,1.95
1498,1.222,0.0,0.0,0.0,0.0,1.95
1499,1.2225,0.5,0.1,0.0,0.0015,1.95
1500,1.222,0.0,0.0,0.0,0.0,1.95
1501,1.2225,0.5,0.1,0.0,0.0015,1.95
1502,1.222,0.0,0.0,0.0,0.0,1.95
1503,1.2225,0.5,0.1,0.0,0.0015,1.95
1504,1.2225,0.5,0.1,0.0,0.0015,1.95
1505,1.2225,0.5,0.1,0.0,0.0015,1.95
1506,1.2225,0.5,0.1,0.0,0.0015,1.95
1507,1.2225,0.5,0.1,0.0,0.0015,1.95
1508,1.222,0.0,0.0,0.0,0.0,1.95
1509,1.2225,0.5,0.1,0.0,0.0015,1.95
1510,1.222,0.0,0.0,0.0,0.0,1.95
1511,1.2225,0.5,0.1,0.0,0.0015,1.95
1512,1.2225,0.5,0.1,0.0,0.0015,1.95
1513,1.2225,0.5,0.1,0.0,0.0015,1.95
1514,1.222,0.0,0.0,0.0,0.0,1.95
1515,1.222,0.0,0.0,0.0,0.0,1.95
1516,1.222,0.0,0.0,0.0,0.0,1.95
1517,1.222,0.0,0.0,0.0,0.0,1.95
1518,1.222,0.0,0.0,0.0,0.0,1.95
1519,1.222,0.0,0.0,0.0,0.0,1.95
1520,1.222,0.0,0.0,0.0,0.0,1.95
1521,1.222,0.0,0.0,0.0,0.0,1.95
1522,1.2225,0.5,0.1,0.0,0.0015,1.95
1523,1.2225,0.5,0.1,0.0,0.0015,1.95
1524,1.222,0.0,0.0,0.0,0.0,1.95
1525,1.2225,0.5,0.1,0.0,0.0015,1.95
1526,1.2225,0.5,0.1,0.0,0.0015,1.95
1527,1.222,0.0,0.0,0.0,0.0,1.95
1528,1.2225,0.5,0.1,0.0,0.0015,1.95
1529,1.222,0.0,0.0,0.0,0.0,1.95
1530,1.222,0.0,0.0,0.0,0.0,1.95
1531,1.222,0.0,0.0,0.0,0.0,1.95
1532,1.222,0.0,0.0,0.0,0.0,1.95
1533,1.2225,0.5,0.1,0.0,0.0015,1.95
1534,1.2225,0.5,0.1,0.0,0.0015,1.95
1535,1.222,0.0,0.0,0.0,0.0,1.95
1536,1.222,0.0,0.0,0.0,0.0,1.95
1537,1.2225,0.5,0.1,0.0,0.0015,1.95
1538,1.222,0.0,0.0,0.0,0.0,1.95
1539,1.222,0.0,0.0,0.0,0.0,1.95
1540,1.222,0.0,0.0,0.0,0.0,1.95
1541,1.222,0.0,0.0,0.0,0.0,1.95
1542,1.2225,0.5,0.1,0.0,0.0015,1.95
1543,1.222,0.0,0.0,0.0,0.0,1.95
1544,1.222,0.0,0.0,0.0,0.0,1.95
1545,1.222,0.0,0.0,0.0,0.0,1.95
1546,1.2225,0.5,0.1,0.0,0.0015,1.95
1547,1.2225,0.5,0.1,0.0,0.0015,1.95
1548,1.222,0.0,0.0,0.0,0.0,1.95
1549,1.2225,0.5,0.1,0.0,0.0015,1.95
1550,1.222,0.0,0.0,0.0,0.0,1.95
1551,1.2225,0.5,0.1,0.0,0.0015,1.95
1552,1.222,0.0,0.0,0.0,0.0,1.95
1553,1.2225,0.5,0.1,0.0,0.0015,1.95
1554,1.222,0.0,0.0,0.0,0.0,1.95
1555,1.222,0.0,0.0,0.0,0.0,1.95
1556,1.222,0.0,0.0,0.0,0.0,1.95
1557,1.2225,0.5,0.1,0.0,0.0015,1.95
1558,1.222,0.0,0.0,0.0,0.0,1.95
1559,1.2225,0.5,0.1,0.0,0.0015,1.95
1560,1.222,0.0,0.0,0.0,0.0,1.95
1561,1.222,0.0,0.0,0.0,0.0,1.95
1562,1.222,0.0,0.0,0.0,0.0,1.95
1563,1.2225,0.5,0.1,0.0,0.0015,1.95
1564,1.2225,0.5,0.1,0.0,0.0015,1.95
1565,1.2225,0.5,0.1,0.0,0.0015,1.95
1566,1.2225,0.5,0.1,0.0,0.0015,1.95
1567,1.222,0.0,0.0,0.0,0.0,1.95
1568,1.222,0.0,0.0,0.0,0.0,1.95
1569,1.2225,0.5,0.1,0.0,0.0015,1.95
1570,1.222,0.0,0.0,0.0,0.0,1.95
1571,1.2225,0.5,0.1,0.0,0.0015,1.95
1572,1.2225,0.5,0.1,0.0,0.0015,1.95
1573,1.2225,0.5,0.1,0.0,0.0015,1.95
1574,1.222,0.0,0.0,0.0,0.0,1.95
1575,1.2225,0.5,0.1,0.0,0.0015,1.95
1576,1.222,0.0,0.0,0.0,0.0,1.95
1577,1.222,0.0,0.0,0.0,0.0,1.95
1578,1.222,0.0,0.0,0.0,0.0,1.95
1579,1.222,0.0,0.0,0.0,0.0,1.95
1580,1.2225,0.5,0.1,0.0,0.0015,1.95
1581,1.222,0.0,0.0,0.0,0.0,1.95
1582,1.222,0.0,0.0,0.0,0.0,1.95
1583,1.222,0.0,0.0,0.0,0.0,1.95
1584,1.222,0.0,0.0,0.0,0.0,1.95
1585,1.2225,0.5,0.1,0.0,0.0015,1.95
1586,1.222,0.0,0.0,0.0,0.0,1.95
1587,1.2225,0.5,0.1,0.0,0.0015,1.95
1588,1.222,0.0,0.0,0.0,0.0,1.95
1589,1.222,0.0,0.0,0.0,0.0,1.95
1590,1.222,0.0,0.0,0.0,0.0,1.95
1591,1.222,0.0,0.0,0.0,0.0,1.95
1592,1.2225,0.5,0.1,0.0,0.0015,1.95
1593,1.222,0.0,0.0,0.0,0.0,1.95
1594,1.222,0.0,0.0,0.0,0.0,1.95
1595,1.222,0.0,0.0,0.0,0.0,1.95
1596,1.2225,0.5,0.1,0.0,0.0015,1.95
1597,1.2225,0.5,0.1,0.0,0.0015,1.95
1598,1.222,0.0,0.0,0.0,0.0,1.95
1599,1.222,0.0,0.0,0.0,0.0,1.95
1600,1.222,0.0,0.0,0.0,0.0,1.95
1601,1.2225,0.5,0.1,0.0,0.0015,1.95
1602,1.2225,0.5,0.1,0.0,0.0015,1.95
1603,1.2225,0.5,0.1,0.0,0.0015,1.95
1604,1.2225,0.5,0.1,0.0,0.0015,1.95
1605,1.2225,0.5,0.1,0.0,0.0015,1.95
1606,1.2225,0.5,0.1,0.0,0.0015,1.95
1607,1.222,0.0,0.0,0.0,0.0,1.95
1608,1.2225,0.5,0.1,0.0,0.0015,1.95
1609,1.2225,0.5,0.1,0.0,0.0015,1.95
1610,1.2225,0.5,0.1,0.0,0.0015,1.95
1611,1.2225,0.5,0.1,0.0,0.0015,1.95
1612,1.2225,0.5,0.1,0.0,0.0015,1.95
1613,1.2225,0.5,0.1,0.0,0.0015,1.95
1614,1.222,0.0,0.0,0.0,0.0,1.95
1615,1.222,0.0,0.0,0.0,0.0,1.95
1616,1.2225,0.5,0.1,0.0,0.0015,1.95
1617,1.2225,0.5,0.1,0.0,0.0015,1.95
1618,1.222,0.0,0.0,0.0,0.0,1.95
1619,1.2225,0.5,0.1,0.0,0.0015,1.95
1620,1.2225,0.5,0.1,0.0,0.0015,1.95
1621,1.2225,0.5,0.1,0.0,0.0015,1.95
1622,1.2225,0.5,0.1,0.0,0.0015,1.95
1623,1.222,0.0,0.0,0.0,0.0,1.95
1624,1.2225,0.5,0.1,0.0,0.0015,1.95
1625,1.2225,0.5,0.1,0.0,0.0015,1.95
1626,1.2225,0.5,0.1,0.0,0.0015,1.95
1627,1.222,0.0,0.0,0.0,0.0,1.95
1628,1.222,0.0,0.0,0.0,0.0,1.95
1629,1.222,0.0,0.0,0.0,0.0,1.95
1630,1.2225,0.5,0.1,0.0,0.0015,1.95
1631,1.2225,0.5,0.1,0.0,0.0015,1.95
1632,1.2225,0.5,0.1,0.0,0.0015,1.95
1633,1.222,0.0,0.0,0.0,0.0,1.95
1634,1.2225,0.5,0.1,0.0,0.0015,1.95
1635,1.222,0.0,0.0,0.0,0.0,1.95
1636,1.2225,0.5,0.1,0.0,0.0015,1.95
1637,1.2225,0.5,0.1,0.0,0.0015,1.95
1638,1.222,0.0,0.0,0.0,0.0,1.95
1639,1.2225,0.5,0.1,0.0,0.0015,1.95
1640,1.222,0.0,0.0,0.0,0.0,1.95
1641,1.2225,0.5,0.1,0.0,0.0015,1.95
1642,1.2225,0.5,0.1,0.0,0.0015,1.95
1643,1.222,0.0,0.0,0.0,0.0,1.95
1644,1.222,0.0,0.0,0.0,0.0,1.95
1645,1.2225,0.5,0.1,0.0,0.0015,1.95
1646,1.222,0.0,0.0,0.0,0.0,1.95
1647,1.2225,0.5,0.1,0.0,0.0015,1.95
1648,1.222,0.0,0.0,0.0,0.0,1.95
1649,1.2225,0.5,0.1,0.0,0.0015,1.95
1650,1.2225,0.5,0.1,0.0,0.0015,1.95
1651,1.222,0.0,0.0,0.0,0.0,1.95
1652,1.222,0.0,0.0,0.0,0.0,1.95
1653,1.2225,0.5,0.1,0.0,0.0015,1.95
1654,1.2225,0.5,0.1,0.0,0.0015,1.95
1655,1.222,0.0,0.0,0.0,0.0,1.95
1656,1.2225,0.5,0.1,0.0,0.0015,1.95
1657,1.2225,0.5,0.1,0.0,0.0015,1.95
1658,1.222,0.0,0.0,0.0,0.0,1.95
1659,1.222,0.0,0.0,0.0,0.0,1.95
1660,1.2225,0.5,0.1,0.0,0.0015,1.95
1661,1.2225,0.5,0.1,0.0,0.0015,1.95
1662,1.2225,0.5,0.1,0.0,0.0015,1.95
1663,1.2225,0.5,0.1,0.0,0.0015,1.95
1664,1.222,0.0,0.0,0.0,0.0,1.95
1665,1.2225,0.5,0.1,0.0,0.0015,1.95
1666,1.222,0.0,0.0,0.0,0.0,1.95
1667,1.2225,0.5,0.1,0.0,0.0015,1.95
1668,1.222,0.0,0.0,0.0,0.0,1.95
1669,1.222,0.0,0.0,0.0,0.0,1.95
1670,1.2225,0.5,0.1,0.0,0.0015,1.95
1671,1.222,0.0,0.0,0.0,0.0,1.95
1672,1.222,0.0,0.0,0.0,0.0,1.95
1673,1.2225,0.5,0.1,0.0,0.0015,1.95
1674,1.222,0.0,0.0,0.0,0.0,1.95
1675,1.222,0.0,0.0,0.0,0.0,1.95
1676,1.222,0.0,0.0,0.0,0.0,1.95
1677,1.2225,0.5,0.1,0.0,0.0015,1.95
1678,1.222,0.0,0.0,0.0,0.0,1.95
1679,1.2225,0.5,0.1,0.0,0.0015,1.95
1680,1.222,0.0,0.0,0.0,0.0,1.95
1681,1.222,0.0,0.0,0.0,0.0,1.95
1682,1.222,0.0,0.0,0.0,0.0,1.95
1683,1.2225,0.5,0.1,0.0,0.0015,1.95
1684,1.222,0.0,0.0,0.0,0.0,1.95
1685,1.2225,0.5,0.1,0.0,0.0015,1.95
1686,1.222,0.0,0.0,0.0,0.0,1.95
1687,1.222,0.0,0.0,0.0,0.0,1.95
1688,1.222,0.0,0.0,0.0,0.0,1.95
1689,1.222,0.0,0.0,0.0,0.0,1.95
1690,1.2225,0.5,0.1,0.0,0.0015,1.95
1691,1.222,0.0,0.0,0.0,0.0,1.95
1692,1.2225,0.5,0.1,0.0,0.0015,1.95
1693,1.2225,0.5,0.1,0.0,0.0015,1.95
1694,1.222,0.0,0.0,0.0,0.0,1.95
1695,1.2225,0.5,0.1,0.0,0.0015,1.95
1696,1.2225,0.5,0.1,0.0,0.0015,1.95
1697,1.2225,0.5,0.1,0.0,0.0015,1.95
1698,1.222,0.0,0.0,0.0,0.0,1.95
1699,1.222,0.0,0.0,0.0,0.0,1.95
1700,1.2225,0.5,0.1,0.0,0.0015,1.95
1701,1.2225,0.5,0.1,0.0,0.0015,1.95
1702,1.2225,0.5,0.1,0.0,0.0015,1.95
1703,1.2225,0.5,0.1,0.0,0.0015,1.95
1704,1.2225,0.5,0.1,0.0,0.0015,1.95
1705,1.222,0.0,0.0,0.0,0.0,1.95
1706,1.222,0.0,0.0,0.0,0.0,1.95
1707,1.2225,0.5,0.1,0.0,0.0015,1.95
1708,1.222,0.0,0.0,0.0,0.0,1.95
1709,1.222,0.0,0.0,0.0,0.0,1.95
1710,1.222,0.0,0.0,0.0,0.0,1.95
1711,1.222,0.0,0.0,0.0,0.0,1.95
1712,1.2225,0.5,0.1,0.0,0.0015,1.95
1713,1.222,0.0,0.0,0.0,0.0,1.95
1714,1.2225,0.5,0.1,0.0,0.0015,1.95
1715,1.222,0.0,0.0,0.0,0.0,1.95
1716,1.222,0.0,0.0,0.0,0.0,1.95
1717,1.222,0.0,0.0,0.0,0.0,1.95
1718,1.222,0.0,0.0,0.0,0.0,1.95
1719,1.2225,0.5,0.1,0.0,0.0015,1.95
1720,1.2225,0.5,0.1,0.0,0.0015,1.95
1721,1.2225,0.5,0.1,0.0,0.0015,1.95
1722,1.2225,0.5,0.1,0.0,0.0015,1.95
1723,1.2225,0.5,0.1,0.0,0.0015,1.95
1724,1.222,0.0,0.0,0.0,0.0,1.95
1725,1.2225,0.5,0.1,0.0,0.0015,1.95
1726,1.2225,0.5,0.1,0.0,0.0015,1.95
1727,1.222,0.0,0.0,0.0,0.0,1.95
1728,1.222,0.0,0.0,0.0,0.0,1.95
1729,1.222,0.0,0.0,0.0,0.0,1.95
1730,1.2225,0.5,0.1,0.0,0.0015,1.95
1731,1.222,0.0,0.0,0.0,0.0,1.95
1732,1.2225,0.5,0.1,0.0,0.0015,1.95
1733,1.222,0.0,0.0,0.0,0.0,1.95
1734,1.222,0.0,0.0,0.0,0.0,1.95
1735,1.222,0.0,0.0,0.0,0.0,1.95
1736,1.2225,0.5,0.1,0.0,0.0015,1.95
1737,1.2225,0.5,0.1,0.0,0.0015,1.95
1738,1.2225,0.5,0.1,0.0,0.0015,1.95
1739,1.2225,0.5,0.1,0.0,0.0015,1.95
1740,1.222,0.0,0.0,0.0,0.0,1.95
1741,1.222,0.0,0.0,0.0,0.0,1.95
1742,1.222,0.0,0.0,0.0,0.0,1.95
1743,1.222,0.0,0.0,0.0,0.0,1.95
1744,1.222,0.0,0.0,0.0,0.0,1.95
1745,1.222,0.0,0.0,0.0,0.0,1.95
1746,1.222,0.0,0.0,0.0,0.0,1.95
1747,1.222,0.0,0.0,0.0,0.0,1.95
1748,1.2225,0.5,0.1,0.0,0.0015,1.95
1749,1.222,0.0,0.0,0.0,0.0,1.95
1750,1.222,0.0,0.0,0.0,0.0,1.95
1751,1.222,0.0,0.0,0.0,0.0,1.95
1752,1.2225,0.5,0.1,0.0,0.0015,1.95
1753,1.2225,0.5,0.1,0.0,0.0015,1.95
1754,1.2225,0.5,0.1,0.0,0.0015,1.95
1755,1.222,0.0,0.0,0.0,0.0,1.95
1756,1.2225,0.5,0.1,0.0,0.0015,1.95
1757,1.2225,0.5,0.1,0.0,0.0015,1.95
1758,1.2225,0.5,0.1,0.0,0.0015,1.95
1759,1.2225,0.5,0.1,0.0,0.0015,1.95
1760,1.222,0.0,0.0,0.0,0.0,1.95
1761,1.2225,0.5,0.1,0.0,0.0015,1.95
1762,1.222,0.0,0.0,0.0,0.0,1.95
1763,1.2225,0.5,0.1,0.0,0.0015,1.95
1764,1.2225,0.5,0.1,0.0,0.0015,1.95
1765,1.222,0.0,0.0,0.0,0.0,1.95
1766,1.2225,0.5,0.1,0.0,0.0015,1.95
1767,1.222,0.0,0.0,0.0,0.0,1.95
1768,1.222,0.0,0.0,0.0,0.0,1.95
1769,1.2225,0.5,0.1,0.0,0.0015,1.95
1770,1.2225,0.5,0.1,0.0,0.0015,1.95
1771,1.2225,0.5,0.1,0.0,0.0015,1.95
1772,1.2225,0.5,0.1,0.0,0.0015,1.95
1773,1.2225,0.5,0.1,0.0,0.0015,1.95
1774,1.222,0.0,0.0,0.0,0.0,1.95
1775,1.2225,0.5,0.1,0.0,0.0015,1.95
1776,1.2225,0.5,0.1,0.0,0.0015,1.95
1777,1.2225,0.5,0.1,0.0,0.0015,1.95
1778,1.2225,0.5,0.1,0.0,0.0015,1.95
1779,1.222,0.0,0.0,0.0,0.0,1.95
1780,1.2225,0.5,0.1,0.0,0.0015,1.95
1781,1.2225,0.5,0.1,0.0,0.0015,1.95
1782,1.222,0.0,0.0,0.0,0.0,1.95
1783,1.222,0.0,0.0,0.0,0.0,1.95
1784,1.2225,0.5,0.1,0.0,0.0015,1.95
1785,1.222,0.0,0.0,0.0,0.0,1.95
1786,1.2225,0.5,0.1,0.0,0.0015,1.95
1787,1.2225,0.5,0.1,0.0,0.0015,1.95
1788,1.2225,0.5,0.1,0.0,0.0015,1.95
1789,1.2225,0.5,0.1,0.0,0.0015,1.95
1790,1.222,0.0,0.0,0.0,0.0,1.95
1791,1.2225,0.5,0.1,0.0,0.0015,1.95
1792,1.2225,0.5,0.1,0.0,0.0015,1.95
1793,1.2225,0.5,0.1,0.0,0.0015,1.95
1794,1.222,0.0,0.0,0.0,0.0,1.95
1795,1.2225,0.5,0.1,0.0,0.0015,1.95
1796,1.222,0.0,0.0,0.0,0.0,1.95
1797,1.2225,0.5,0.1,0.0,0.0015,1.95
1798,1.2225,0.5,0.1,0.0,0.0015,1.95
1799,1.2225,0.5,0.1,0.0,0.0015,1.95
1800,1.2225,0.5,0.1,0.0,0.0015,1.95
1801,1.2225,0.5,0.1,0.0,0.0015,1.95
1802,1.222,0.0,0.0,0.0,0.0,1.95
1803,1.2225,0.5,0.1,0.0,0.0015,1.95
1804,1.222,0.0,0.0,0.0,0.0,1.95
1805,1.2225,0.5,0.1,0.0,0.0015,1.95
1806,1.222,0.0,0.0,0.0,0.0,1.95
1807,1.2225,0.5,0.1,0.0,0.0015,1.95
1808,1.2225,0.5,0.1,0.0,0.0015,1.95
1809,1.2225,0.5,0.1,0.0,0.0015,1.95
1810,1.222,0.0,0.0,0.0,0.0,1.95
1811,1.222,0.0,0.0,0.0,0.0,1.95
1812,1.2225,0.5,0.1,0.0,0.0015,1.95
1813,1.222,0.0,0.0,0.0,0.0,1.95
1814,1.222,0.0,0.0,0.0,0.0,1.95
1815,1.2225,0.5,0.1,0.0,0.0015,1.95
1816,1.2225,0.5,0.1,0.0,0.0015,1.95
1817,1.2225,0.5,0.1,0.0,0.0015,1.95
1818,1.2225,0.5,0.1,0.0,0.0015,1.95
1819,1.222,0.0,0.0,0.0,0.0,1.95
1820,1.222,0.0,0.0,0.0,0.0,1.95
1821,1.2225,0.5,0.1,0.0,0.0015,1.95
1822,1.2225,0.5,0.1,0.0,0.0015,1.95
1823,1.222,0.0,0.0,0.0,0.0,1.95
1824,1.222,0.0,0.0,0.0,0.0,1.95
1825,1.222,0.0,0.0,0.0,0.0,1.95
1826,1.222,0.0,0.0,0.0,0.0,1.95
1827,1.222,0.0,0.0,0.0,0.0,1.95
1828,1.222,0.0,0.0,0.0,0.0,1.95
1829,1.222,0.0,0.0,0.0,0.0,1.95
1830,1.2225,0.5,0.1,0.0,0.0015,1.95
1831,1.222,0.0,0.0,0.0,0.0,1.95
1832,1.222,0.0,0.0,0.0,0.0,1.95
1833,1.222,0.0,0.0,0.0,0.0,1.95
1834,1.222,0.0,0.0,0.0,0.0,1.95
1835,1.222,0.0,0.0,0.0,0.0,1.95
1836,1.2225,0.5,0.1,0.0,0.0015,1.95
1837,1.2225,0.5,0.1,0.0,0.0015,1.95
1838,1.222,0.0,0.0,0.0,0.0,1.95
1839,1.2225,0.5,0.1,0.0,0.0015,1.95
1840,1.222,0.0,0.0,0.0,0.0,1.95
1841,1.222,0.0,0.0,0.0,0.0,1.95
1842,1.222,0.0,0.0,0.0,0.0,1.95
1843,1.2225,0.5,0.1,0.0,0.0015,1.95
1844,1.2225,0.5,0.1,0.0,0.0015,1.95
1845,1.2225,0.5,0.1,0.0,0.0015,1.95
1846,1.2225,0.5,0.1,0.0,0.0015,1.95
1847,1.2225,0.5,0.1,0.0,0.0015,1.95
1848,1.222,0.0,0.0,0.0,0.0,1.95
1849,1.2225,0.5,0.1,0.0,0.0015,1.95
1850,1.222,0.0,0.0,0.0,0.0,1.95
1851,1.2225,0.5,0.1,0.0,0.0015,1.95
1852,1.2225,0.5,0.1,0.0,0.0015,1.95
1853,1.2225,0.5,0.1,0.0,0.0015,1.95
1854,1.222,0.0,0.0,0.0,0.0,1.95
1855,1.2225,0.5,0.1,0.0,0.0015,1.95
1856,1.222,0.0,0.0,0.0,0.0,1.95
1857,1.222,0.0,0.0,0.0,0.0,1.95
1858,1.222,0.0,0.0,0.0,0.0,1.95
1859,1.222,0.0,0.0,0.0,0.0,1.95
1860,1.222,0.0,0.0,0.0,0.0,1.95
1861,1.222,0.0,0.0,0.0,0.0,1.95
1862,1.222,0.0,0.0,0.0,0.0,1.95
1863,1.2225,0.5,0.1,0.0,0.0015,1.95
1864,1.2225,0.5,0.1,0.0,0.0015,1.95
1865,1.2225,0.5,0.1,0.0,0.0015,1.95
1866,1.222,0.0,0.0,0.0,0.0,1.95
1867,1.2225,0.5,0.1,0.0,0.0015,1.95
1868,1.2225,0.5,0.1,0.0,0.0015,1.95
1869,1.222,0.0,0.0,0.0,0.0,1.95
1870,1.2225,0.5,0.1,0.0,0.0015,1.95
1871,1.222,0.0,0.0,0.0,0.0,1.95
1872,1.222,0.0,0.0,0.0,0.0,1.95
1873,1.2225,0.5,0.1,0.0,0.0015,1.95
1874,1.222,0.0,0.0,0.0,0.0,1.95
1875,1.2225,0.5,0.1,0.0,0.0015,1.95
1876,1.2225,0.5,0.1,0.0,0.0015,1.95
1877,1.2225,0.5,0.1,0.0,0.0015,1.95
1878,1.222,0.0,0.0,0.0,0.0,1.95
1879,1.222,0.0,0.0,0.0,0.0,1.95
1880,1.222,0.0,0.0,0.0,0.0,1.95
1881,1.2225,0.5,0.1,0.0,0.0015,1.95
1882,1.222,0.0,0.0,0.0,0.0,1.95
1883,1.222,0.0,0.0,0.0,0.0,1.95
1884,1.2225,0.5,0.1,0.0,0.0015,1.95
1885,1.2225,0.5,0.1,0.0,0.0015,1.95
1886,1.222,0.0,0.0,0.0,0.0,1.95
1887,1.2225,0.5,0.1,0.0,0.0015,1.95
1888,1.222,0.0,0.0,0.0,0.0,1.95
1889,1.222,0.0,0.0,0.0,0.0,1.95
1890,1.222,0.0,0.0,0.0,0.0,1.95
1891,1.222,0.0,0.0,0.0,0.0,1.95
1892,1.222,0.0,0.0,0.0,0.0,1.95
1893,1.2225,0.5,0.1,0.0,0.0015,1.95
1894,1.2225,0.5,0.1,0.0,0.0015,1.95
1895,1.222,0.0,0.0,0.0,0.0,1.95
1896,1.222,0.0,0.0,0.0,0.0,1.95
1897,1.2225,0.5,0.1,0.0,0.0015,1.95
1898,1.222,0.0,0.0,0.0,0.0,1.95
1899,1.222,0.0,0.0,0.0,0.0,1.95
1900,1.2225,0.5,0.1,0.0,0.0015,1.95
1901,1.2225,0.5,0.1,0.0,0.0015,1.95
1902,1.222,0.0,0.0,0.0,0.0,1.95
1903,1.222,0.0,0.0,0.0,0.0,1.95
1904,1.2225,0.5,0.1,0.0,0.0015,1.95
1905,1.2225,0.5,0.1,0.0,0.0015,1.95
1906,1.2225,0.5,0.1,0.0,0.0015,1.95
1907,1.2225,0.5,0.1,0.0,0.0015,1.95
1908,1.2225,0.5,0.1,0.0,0.0015,1.95
1909,1.222,0.0,0.0,0.0,0.0,1.95
1910,1.222,0.0,0.0,0.0,0.0,1.95
1911,1.222,0.0,0.0,0.0,0.0,1.95
1912,1.2225,0.5,0.1,0.0,0.0015,1.95
1913,1.2225,0.5,0.1,0.0,0.0015,1.95
1914,1.2225,0.5,0.1,0.0,0.0015,1.95
1915,1.222,0.0,0.0,0.0,0.0,1.95
1916,1.2225,0.5,0.1,0.0,0.0015,1.95
1917,1.222,0.0,0.0,0.0,0.0,1.95
1918,1.222,0.0,0.0,0.0,0.0,1.95
1919,1.2225,0.5,0.1,0.0,0.0015,1.95
1920,1.222,0.0,0.0,0.0,0.0,1.95
1921,1.222,0.0,0.0,0.0,0.0,1.95
1922,1.2225,0.5,0.1,0.0,0.0015,1.95
1923,1.2225,0.5,0.1,0.0,0.0015,1.95
1924,1.2225,0.5,0.1,0.0,0.0015,1.95
1925,1.222,0.0,0.0,0.0,0.0,1.95
1926,1.222,0.0,0.0,0.0,0.0,1.95
1927,1.2225,0.5,0.1,0.0,0.0015,1.95
1928,1.2225,0.5,0.1,0.0,0.0015,1.95
1929,1.2225,0.5,0.1,0.0,0.0015,1.95
1930,1.2225,0.5,0.1,0.0,0.0015,1.95
1931,1.222,0.0,0.0,0.0,0.0,1.95
1932,1.2225,0.5,0.1,0.0,0.0015,1.95
1933,1.2225,0.5,0.1,0.0,0.0015,1.95
1934,1.222,0.0,0.0,0.0,0.0,1.95
1935,1.222,0.0,0.0,0.0,0.0,1.95
1936,1.2225,0.5,0.1,0.0,0.0015,1.95
1937,1.222,0.0,0.0,0.0,0.0,1.95
1938,1.222,0.0,0.0,0.0,0.0,1.95
1939,1.2225,0.5,0.1,0.0,0.0015,1.95
1940,1.2225,0.5,0.1,0.0,0.0015,1.95
1941,1.2225,0.5,0.1,0.0,0.0015,1.95
1942,1.2225,0.5,0.1,0.0,0.0015,1.95
1943,1.2225,0.5,0.1,0.0,0.0015,1.95
1944,1.2225,0.5,0.1,0.0,0.0015,1.95
1945,1.222,0.0,0.0,0.0,0.0,1.95
1946,1.2225,0.5,0.1,0.0,0.0015,1.95
1947,1.2225,0.5,0.1,0.0,0.0015,1.95
1948,1.2225,0.5,0.1,0.0,0.0015,1.95
1949,1.222,0.0,0.0,0.0,0.0,1.95
1950,1.222,0.0,0.0,0.0,0.0,1.95
1951,1.222,0.0,0.0,0.0,0.0,1.95
1952,1.2225,0.5,0.1,0.0,0.0015,1.95
1953,1.222,0.0,0.0,0.0,0.0,1.95
1954,1.2225,0.5,0.1,0.0,0.0015,1.95
1955,1.222,0.0,0.0,0.0,0.0,1.95
1956,1.222,0.0,0.0,0.0,0.0,1.95
1957,1.222,0.0,0.0,0.0,0.0,1.95
1958,1.2225,0.5,0.1,0.0,0.0015,1.95
1959,1.2225,0.5,0.1,0.0,0.0015,1.95
1960,1.2225,0.5,0.1,0.0,0.0015,1.95
1961,1.222,0.0,0.0,0.0,0.0,1.95
1962,1.2225,0.5,0.1,0.0,0.0015,1.95
1963,1.222,0.0,0.0,0.0,0.0,1.95
1964,1.222,0.0,0.0,0.0,0.0,1.95
1965,1.222,0.0,0.0,0.0,0.0,1.95
1966,1.2225,0.5,0.1,0.0,0.0015,1.95
1967,1.2225,0.5,0.1,0.0,0.0015,1.95
1968,1.2225,0.5,0.1,0.0,0.0015,1.95
1969,1.222,0.0,0.0,0.0,0.0,1.95
1970,1.2225,0.5,0.1,0.0,0.0015,1.95
1971,1.222,0.0,0.0,0.0,0.0,1.95
1972,1.2225,0.5,0.1,0.0,0.0015,1.95
1973,1.222,0.0,0.0,0.0,0.0,1.95
1974,1.222,0.0,0.0,0.0,0.0,1.95
1975,1.2225,0.5,0.1,0.0,0.0015,1.95
1976,1.2225,0.5,0.1,0.0,0.0015,1.95
1977,1.222,0.0,0.0,0.0,0.0,1.95
1978,1.222,0.0,0.0,0.0,0.0,1.95
1979,1.2225,0.5,0.1,0.0,0.0015,1.95
1980,1.222,0.0,0.0,0.0,0.0,1.95
1981,1.2225,0.5,0.1,0.0,0.0015,1.95
1982,1.222,0.0,0.0,0.0,0.0,1.95
1983,1.2225,0.5,0.1,0.0,0.0015,1.95
1984,1.2225,0.5,0.1,0.0,0.0015,1.95
1985,1.222,0.0,0.0,0.0,0.0,1.95
1986,1.2225,0.5,0.1,0.0,0.0015,1.95
1987,1.222,0.0,0.0,0.0,0.0,1.95
1988,1.2225,0.5,0.1,0.0,0.0015,1.95
1989,1.2225,0.5,0.1,0.0,0.0015,1.95
1990,1.222,0.0,0.0,0.0,0.0,1.95
1991,1.222,0.0,0.0,0.0,0.0,1.95
1992,1.222,0.0,0.0,0.0,0.0,1.95
1993,1.222,0.0,0.0,0.0,0.0,1.95
1994,1.222,0.0,0.0,0.0,0.0,1.95
1995,1.222,0.0,0.0,0.0,0.0,1.95
1996,1.222,0.0,0.0,0.0,0.0,1.95
1997,1.222,0.0,0.0,0.0,0.0,1.95
1998,1.2225,0.5,0.1,0.0,0.0015,1.95
1999,1.2225,0.5,0.1,0.0,0.0015,1.95
2000,1.222,0.0,0.0,0.0,0.0,1.95
2001,1.2225,0.5,0.1,0.0,0.0015,1.95
2002,1.2225,0.5,0.1,0.0,0.0015,1.95
2003,1.2225,0.5,0.1,0.0,0.0015,1.95
2004,1.222,0.0,0.0,0.0,0.0,1.95
2005,1.2225,0.5,0.1,0.0,0.0015,1.95
2006,1.2225,0.5,0.1,0.0,0.0015,1.95
2007,1.2225,0.5,0.1,0.0,0.0015,1.95
2008,1.222,0.0,0.0,0.0,0.0,1.95
2009,1.222,0.0,0.0,0.0,0.0,1.95
2010,1.222,0.0,0.0,0.0,0.0,1.95
2011,1.2225,0.5,0.1,0.0,0.0015,1.95
2012,1.2225,0.5,0.1,0.0,0.0015,1.95
2013,1.2225,0.5,0.1,0.0,0.0015,1.95
2014,1.222,0.0,0.0,0.0,0.0,1.95
2015,1.2225,0.5,0.1,0.0,0.0015,1.95
2016,1.2225,0.5,0.1,0.0,0.0015,1.95
2017,1.2225,0.5,0.1,0.0,0.0015,1.95
2018,1.2225,0.5,0.1,0.0,0.0015,1.95
2019,1.222,0.0,0.0,0.0,0.0,1.95
2020,1.2225,0.5,0.1,0.0,0.0015,1.95
2021,1.2225,0.5,0.1,0.0,0.0015,1.95
2022,1.2225,0.5,0.1,0.0,0.0015,1.95
2023,1.2225,0.5,0.1,0.0,0.0015,1.95
2024,1.222,0.0,0.0,0.0,0.0,1.95
2025,1.2225,0.5,0.1,0.0,0.0015,1.95
2026,1.2225,0.5,0.1,0.0,0.0015,1.95
2027,1.222,0.0,0.0,0.0,0.0,1.95
2028,1.2225,0.5,0.1,0.0,0.0015,1.95
2029,1.2225,0.5,0.1,0.0,0.0015,1.95
2030,1.2225,0.5,0.1,0.0,0.0015,1.95
2031,1.2225,0.5,0.1,0.0,0.0015,1.95
2032,1.2225,0.5,0.1,0.0,0.0015,1.95
2033,1.2225,0.5,0.1,0.0,0.0015,1.95
2034,1.2225,0.5,0.1,0.0,0.0015,1.95
2035,1.2225,0.5,0.1,0.0,0.0015,1.95
2036,1.222,0.0,0.0,0.0,0.0,1.95
2037,1.2225,0.5,0.1,0.0,0.0015,1.95
2038,1.222,0.0,0.0,0.0,0.0,1.95
2039,1.2225,0.5,0.1,0.0,0.0015,1.95
2040,1.222,0.0,0.0,0.0,0.0,1.95
2041,1.2225,0.5,0.1,0.0,0.0015,1.95
2042,1.222,0.0,0.0,0.0,0.0,1.95
2043,1.2225,0.5,0.1,0.0,0.0015,1.95
2044,1.2225,0.5,0.1,0.0,0.0015,1.95
2045,1.2225,0.5,0.1,0.0,0.0015,1.95
2046,1.2225,0.5,0.1,0.0,0.0015,1.95
2047,1.2225,0.5,0.1,0.0,0.0015,1.95
2048,1.2225,0.5,0.1,0.0,0.0015,1.95
2049,1.2225,0.5,0.1,0.0,0.0015,1.95
2050,1.2225,0.5,0.1,0.0,0.0015,1.95
2051,1.222,0.0,0.0,0.0,0.0,1.95
2052,1.2225,0.5,0.1,0.0,0.0015,1.95
2053,1.222,0.0,0.0,0.0,0.0,1.95
2054,1.2225,0.5,0.1,0.0,0.0015,1.95
2055,1.2225,0.5,0.1,0.0,0.0015,1.95
2056,1.222,0.0,0.0,0.0,0.0,1.95
2057,1.2225,0.5,0.1,0.0,0.0015,1.95
2058,1.222,0.0,0.0,0.0,0.0,1.95
2059,1.222,0.0,0.0,0.0,0.0,1.95
2060,1.2225,0.5,0.1,0.0,0.0015,1.95
2061,1.2225,0.5,0.1,0.0,0.0015,1.95
2062,1.222,0.0,0.0,0.0,0.0,1.95
2063,1.2225,0.5,0.1,0.0,0.0015,1.95
2064,1.222,0.0,0.0,0.0,0.0,1.95
2065,1.2225,0.5,0.1,0.0,0.0015,1.95
2066,1.222,0.0,0.0,0.0,0.0,1.95
2067,1.2225,0.5,0.1,0.0,0.0015,1.95
2068,1.2225,0.5,0.1,0.0,0.0015,1.95
2069,1.2225,0.5,0.1,0.0,0.0015,1.95
2070,1.222,0.0,0.0,0.0,0.0,1.95
2071,1.222,0.0,0.0,0.0,0.0,1.95
2072,1.222,0.0,0.0,0.0,0.0,1.95
2073,1.222,0.0,0.0,0.0,0.0,1.95
2074,1.2225,0.5,0.1,0.0,0.0015,1.95
2075,1.2225,0.5,0.1,0.0,0.0015,1.95
2076,1.222,0.0,0.0,0.0,0.0,1.95
2077,1.2225,0.5,0.1,0.0,0.0015,1.95
2078,1.2225,0.5,0.1,0.0,0.0015,1.95
2079,1.222,0.0,0.0,0.0,0.0,1.95
2080,1.222,0.0,0.0,0.0,0.0,1.95
2081,1.2225,0.5,0.1,0.0,0.0015,1.95
2082,1.222,0.0,0.0,0.0,0.0,1.95
2083,1.2225,0.5,0.1,0.0,0.0015,1.95
2084,1.222,0.0,0.0,0.0,0.0,1.95
2085,1.2225,0.5,0.1,0.0,0.0015,1.95
2086,1.2225,0.5,0.1,0.0,0.0015,1.95
2087,1.2225,0.5,0.1,0.0,0.0015,1.95
2088,1.2225,0.5,0.1,0.0,0.0015,1.95
2089,1.2225,0.5,0.1,0.0,0.0015,1.95
2090,1.222,0.0,0.0,0.0,0.0,1.95
2091,1.2225,0.5,0.1,0.0,0.0015,1.95
2092,1.222,0.0,0.0,0.0,0.0,1.95
2093,1.222,0.0,0.0,0.0,0.0,1.95
2094,1.222,0.0,0.0,0.0,0.0,1.95
2095,1.222,0.0,0.0,0.0,0.0,1.95
2096,1.222,0.0,0.0,0.0,0.0,1.95
2097,1.222,0.0,0.0,0.0,0.0,1.95
2098,1.2225,0.5,0.1,0.0,0.0015,1.95
2099,1.2225,0.5,0.1,0.0,0.0015,1.95
2100,1.222,0.0,0.0,0.0,0.0,1.95
2101,1.2225,0.5,0.1,0.0,0.0015,1.95
2102,1.2225,0.5,0.1,0.0,0.0015,1.95
2103,1.222,0.0,0.0,0.0,0.0,1.95
2104,1.2225,0.5,0.1,0.0,0.0015,1.95
2105,1.2225,0.5,0.1,0.0,0.0015,1.95
2106,1.222,0.0,0.0,0.0,0.0,1.95
2107,1.222,0.0,0.0,0.0,0.0,1.95
2108,1.2225,0.5,0.1,0.0,0.0015,1.95
2109,1.2225,0.5,0.1,0.0,0.0015,1.95
2110,1.222,0.0,0.0,0.0,0.0,1.95
2111,1.2225,0.5,0.1,0.0,0.0015,1.95
2112,1.222,0.0,0.0,0.0,0.0,1.95
2113,1.2225,0.5,0.1,0.0,0.0015,1.95
2114,1.222,0.0,0.0,0.0,0.0,1.95
2115,1.2225,0.5,0.1,0.0,0.0015,1.95
2116,1.222,0.0,0.0,0.0,0.0,1.95
2117,1.222,0.0,0.0,0.0,0.0,1.95
2118,1.222,0.0,0.0,0.0,0.0,1.95
2119,1.222,0.0,0.0,0.0,0.0,1.95
2120,1.2225,0.5,0.1,0.0,0.0015,1.95
2121,1.2225,0.5,0.1,0.0,0.0015,1.95
2122,1.222,0.0,0.0,0.0,0.0,1.95
2123,1.2225,0.5,0.1,0.0,0.0015,1.95
2124,1.2225,0.5,0.1,0.0,0.0015,1.95
2125,1.222,0.0,0.0,0.0,0.0,1.95
2126,1.222,0.0,0.0,0.0,0.0,1.95
2127,1.2225,0.5,0.1,0.0,0.0015,1.95
2128,1.222,0.0,0.0,0.0,0.0,1.95
2129,1.2225,0.5,0.1,0.0,0.0015,1.95
2130,1.2225,0.5,0.1,0.0,0.0015,1.95
2131,1.222,0.0,0.0,0.0,0.0,1.95
2132,1.2225,0.5,0.1,0.0,0.0015,1.95
2133,1.2225,0.5,0.1,0.0,0.0015,1.95
2134,1.2225,0.5,0.1,0.0,0.0015,1.95
2135,1.222,0.0,0.0,0.0,0.0,1.95
2136,1.2225,0.5,0.1,0.0,0.0015,1.95
2137,1.2225,0.5,0.1,0.0,0.0015,1.95
2138,1.2225,0.5,0.1,0.0,0.0015,1.95
2139,1.222,0.0,0.0,0.0,0.0,1.95
2140,1.222,0.0,0.0,0.0,0.0,1.95
2141,1.222,0.0,0.0,0.0,0.0,1.95
2142,1.2225,0.5,0.1,0.0,0.0015,1.95
2143,1.222,0.0,0.0,0.0,0.0,1.95
2144,1.222,0.0,0.0,0.0,0.0,1.95
2145,1.2225,0.5,0.1,0.0,0.0015,1.95
2146,1.2225,0.5,0.1,0.0,0.0015,1.95
2147,1.2225,0.5,0.1,0.0,0.0015,1.95
2148,1.2225,0.5,0.1,0.0,0.0015,1.95
2149,1.222,0.0,0.0,0.0,0.0,1.95
2150,1.222,0.0,0.0,0.0,0.0,1.95
2151,1.2225,0.5,0.1,0.0,0.0015,1.95
2152,1.222,0.0,0.0,0.0,0.0,1.95
2153,1.222,0.0,0.0,0.0,0.0,1.95
2154,1.222,0.0,0.0,0.0,0.0,1.95
2155,1.222,0.0,0.0,0.0,0.0,1.95
2156,1.222,0.0,0.0,0.0,0.0,1.95
2157,1.222,0.0,0.0,0.0,0.0,1.95
2158,1.222,0.0,0.0,0.0,0.0,1.95
2159,1.2225,0.5,0.1,0.0,0.0015,1.95
2160,1.222,0.0,0.0,0.0,0.0,1.95
2161,1.2225,0.5,0.1,0.0,0.0015,1.95
2162,1.222,0.0,0.0,0.0,0.0,1.95
2163,1.2225,0.5,0.1,0.0,0.0015,1.95
2164,1.2225,0.5,0.1,0.0,0.0015,1.95
2165,1.222,0.0,0.0,0.0,0.0,1.95
2166,1.222,0.0,0.0,0.0,0.0,1.95
2167,1.2225,0.5,0.1,0.0,0.0015,1.95
2168,1.222,0.0,0.0,0.0,0.0,1.95
2169,1.222,0.0,0.0,0.0,0.0,1.95
2170,1.2225,0.5,0.1,0.0,0.0015,1.95
2171,1.2225,0.5,0.1,0.0,0.0015,1.95
2172,1.2225,0.5,0.1,0.0,0.0015,1.95
2173,1.2225,0.5,0.1,0.0,0.0015,1.95
2174,1.2225,0.5,0.1,0.0,0.0015,1.95
2175,1.222,0.0,0.0,0.0,0.0,1.95
2176,1.222,0.0,0.0,0.0,0.0,1.95
2177,1.2225,0.5,0.1,0.0,0.0015,1.95
2178,1.222,0.0,0.0,0.0,0.0,1.95
2179,1.222,0.0,0.0,0.0,0.0,1.95
2180,1.2225,0.5,0.1,0.0,0.0015,1.95
2181,1.222,0.0,0.0,0.0,0.0,1.95
2182,1.222,0.0,0.0,0.0,0.0,1.95
2183,1.2225,0.5,0.1,0.0,0.0015,1.95
2184,1.2225,0.5,0.1,0.0,0.0015,1.95
2185,1.2225,0.5,0.1,0.0,0.0015,1.95
2186,1.222,0.0,0.0,0.0,0.0,1.95
2187,1.2225,0.5,0.1,0.0,0.0015,1.95
2188,1.222,0.0,0.0,0.0,0.0,1.95
2189,1.222,0.0,0.0,0.0,0.0,1.95
2190,1.222,0.0,0.0,0.0,0.0,1.95
2191,1.2225,0.5,0.1,0.0,0.0015,1.95
2192,1.222,0.0,0.0,0.0,0.0,1.95
2193,1.222,0.0,0.0,0.0,0.0,1.95
2194,1.222,0.0,0.0,0.0,0.0,1.95
2195,1.222,0.0,0.0,0.0,0.0,1.95
2196,1.2225,0.5,0.1,0.0,0.0015,1.95
2197,1.2225,0.5,0.1,0.0,0.0015,1.95
2198,1.2225,0.5,0.1,0.0,0.0015,1.95
2199,1.222,0.0,0.0,0.0,0.0,1.95
2200,1.2225,0.5,0.1,0.0,0.0015,1.95
2201,1.2225,0.5,0.1,0.0,0.0015,1.95
2202,1.222,0.0,0.0,0.0,0.0,1.95
2203,1.222,0.0,0.0,0.0,0.0,1.95
2204,1.2225,0.5,0.1,0.0,0.0015,1.95
2205,1.2225,0.5,0.1,0.0,0.0015,1.95
2206,1.222,0.0,0.0,0.0,0.0,1.95
2207,1.2225,0.5,0.1,0.0,0.0015,1.95
2208,1.2225,0.5,0.1,0.0,0.0015,1.95
2209,1.222,0.0,0.0,0.0,0.0,1.95
2210,1.222,0.0,0.0,0.0,0.0,1.95
2211,1.2225,0.5,0.1,0.0,0.0015,1.95
2212,1.2225,0.5,0.1,0.0,0.0015,1.95
2213,1.222,0.0,0.0,0.0,0.0,1.95
2214,1.2225,0.5,0.1,0.0,0.0015,1.95
2215,1.222,0.0,0.0,0.0,0.0,1.95
2216,1.222,0.0,0.0,0.0,0.0,1.95
2217,1.222,0.0,0.0,0.0,0.0,1.95
2218,1.222,0.0,0.0,0.0,0.0,1.95
2219,1.222,0.0,0.0,0.0,0.0,1.95
2220,1.222,0.0,0.0,0.0,0.0,1.95
2221,1.222,0.0,0.0,0.0,0.0,1.95
2222,1.222,0.0,0.0,0.0,0.0,1.95
2223,1.222,0.0,0.0,0.0,0.0,1.95
2224,1.2225,0.5,0.1,0.0,0.0015,1.95
2225,1.222,0.0,0.0,0.0,0.0,1.95
2226,1.2225,0.5,0.1,0.0,0.0015,1.95
2227,1.2225,0.5,0.1,0.0,0.0015,1.95
2228,1.222,0.0,0.0,0.0,0.0,1.95
2229,1.222,0.0,0.0,0.0,0.0,1.95
2230,1.2225,0.5,0.1,0.0,0.0015,1.95
2231,1.222,0.0,0.0,0.0,0.0,1.95
2232,1.222,0.0,0.0,0.0,0.0,1.95
2233,1.222,0.0,0.0,0.0,0.0,1.95
2234,1.222,0.0,0.0,0.0,0.0,1.95
2235,1.222,0.0,0.0,0.0,0.0,1.95
2236,1.222,0.0,0.0,0.0,0.0,1.95
2237,1.222,0.0,0.0,0.0,0.0,1.95
2238,1.222,0.0,0.0,0.0,0.0,1.95
2239,1.2225,0.5,0.1,0.0,0.0015,1.95
2240,1.222,0.0,0.0,0.0,0.0,1.95
2241,1.222,0.0,0.0,0.0,0.0,1.95
2242,1.2225,0.5,0.1,0.0,0.0015,1.95
2243,1.2225,0.5,0.1,0.0,0.0015,1.95
2244,1.2225,0.5,0.1,0.0,0.0015,1.95
2245,1.2225,0.5,0.1,0.0,0.0015,1.95
2246,1.222,0.0,0.0,0.0,0.0,1.95
2247,1.222,0.0,0.0,0.0,0.0,1.95
2248,1.222,0.0,0.0,0.0,0.0,1.95
2249,1.2225,0.5,0.1,0.0,0.0015,1.95
2250,1.2225,0.5,0.1,0.0,0.0015,1.95
2251,1.2225,0.5,0.1,0.0,0.0015,1.95
2252,1.222,0.0,0.0,0.0,0.0,1.95
2253,1.2225,0.5,0.1,0.0,0.0015,1.95
2254,1.222,0.0,0.0,0.0,0.0,1.95
2255,1.222,0.0,0.0,0.0,0.0,1.95
2256,1.222,0.0,0.0,0.0,0.0,1.95
2257,1.2225,0.5,0.1,0.0,0.0015,1.95
2258,1.222,0.0,0.0,0.0,0.0,1.95
2259,1.222,0.0,0.0,0.0,0.0,1.95
2260,1.2225,0.5,0.1,0.0,0.0015,1.95
2261,1.222,0.0,0.0,0.0,0.0,1.95
2262,1.2225,0.5,0.1,0.0,0.0015,1.95
2263,1.2225,0.5,0.1,0.0,0.0015,1.95
2264,1.2225,0.5,0.1,0.0,0.0015,1.95
2265,1.222,0.0,0.0,0.0,0.0,1.95
2266,1.222,0.0,0.0,0.0,0.0,1.95
2267,1.222,0.0,0.0,0.0,0.0,1.95
2268,1.222,0.0,0.0,0.0,0.0,1.95
2269,1.2225,0.5,0.1,0.0,0.0015,1.95
2270,1.222,0.0,0.0,0.0,0.0,1.95
2271,1.222,0.0,0.0,0.0,0.0,1.95
2272,1.2225,0.5,0.1,0.0,0.0015,1.95
2273,1.2225,0.5,0.1,0.0,0.0015,1.95
2274,1.2225,0.5,0.1,0.0,0.0015,1.95
2275,1.2225,0.5,0.1,0.0,0.0015,1.95
2276,1.2225,0.5,0.1,0.0,0.0015,1.95
2277,1.2225,0.5,0.1,0.0,0.0015,1.95
2278,1.222,0.0,0.0,0.0,0.0,1.95
2279,1.2225,0.5,0.1,0.0,0.0015,1.95
2280,1.2225,0.5,0.1,0.0,0.0015,1.95
2281,1.222,0.0,0.0,0.0,0.0,1.95
2282,1.222,0.0,0.0,0.0,0.0,1.95
2283,1.222,0.0,0.0,0.0,0.0,1.95
2284,1.222,0.0,0.0,0.0,0.0,1.95
2285,1.222,0.0,0.0,0.0,0.0,1.95
2286,1.2225,0.5,0.1,0.0,0.0015,1.95
2287,1.2225,0.5,0.1,0.0,0.0015,1.95
2288,1.222,0.0,0.0,0.0,0.0,1.95
2289,1.222,0.0,0.0,0.0,0.0,1.95
2290,1.2225,0.5,0.1,0.0,0.0015,1.95
2291,1.222,0.0,0.0,0.0,0.0,1.95
2292,1.222,0.0,0.0,0.0,0.0,1.95
2293,1.2225,0.5,0.1,0.0,0.0015,1.95
2294,1.2225,0.5,0.1,0.0,0.0015,1.95
2295,1.222,0.0,0.0,0.0,0.0,1.95
2296,1.222,0.0,0.0,0.0,0.0,1.95
2297,1.2225,0.5,0.1,0.0,0.0015,1.95
2298,1.2225,0.5,0.1,0.0,0.0015,1.95
2299,1.2225,0.5,0.1,0.0,0.0015,1.95
2300,1.222,0.0,0.0,0.0,0.0,1.95
2301,1.222,0.0,0.0,0.0,0.0,1.95
2302,1.222,0.0,0.0,0.0,0.0,1.95
2303,1.2225,0.5,0.1,0.0,0.0015,1.95
2304,1.222,0.0,0.0,0.0,0.0,1.95
2305,1.2225,0.5,0.1,0.0,0.0015,1.95
2306,1.222,0.0,0.0,0.0,0.0,1.95
2307,1.222,0.0,0.0,0.0,0.0,1.95
2308,1.2225,0.5,0.1,0.0,0.0015,1.95
2309,1.222,0.0,0.0,0.0,0.0,1.95
2310,1.222,0.0,0.0,0.0,0.0,1.95
2311,1.2225,0.5,0.1,0.0,0.0015,1.95
2312,1.222,0.0,0.0,0.0,0.0,1.95
2313,1.222,0.0,0.0,0.0,0.0,1.95
2314,1.222,0.0,0.0,0.0,0.0,1.95
2315,1.222,0.0,0.0,0.0,0.0,1.95
2316,1.2225,0.5,0.1,0.0,0.0015,1.95
2317,1.2225,0.5,0.1,0.0,0.0015,1.95
2318,1.222,0.0,0.0,0.0,0.0,1.95
2319,1.2225,0.5,0.1,0.0,0.0015,1.95
2320,1.222,0.0,0.0,0.0,0.0,1.95
2321,1.2225,0.5,0.1,0.0,0.0015,1.95
2322,1.222,0.0,0.0,0.0,0.0,1.95
2323,1.2225,0.5,0.1,0.0,0.0015,1.95
2324,1.222,0.0,0.0,0.0,0.0,1.95
2325,1.222,0.0,0.0,0.0,0.0,1.95
2326,1.222,0.0,0.0,0.0,0.0,1.95
2327,1.222,0.0,0.0,0.0,0.0,1.95
2328,1.2225,0.5,0.1,0.0,0.0015,1.95
2329,1.2225,0.5,0.1,0.0,0.0015,1.95
2330,1.222,0.0,0.0,0.0,0.0,1.95
2331,1.222,0.0,0.0,0.0,0.0,1.95
2332,1.2225,0.5,0.1,0.0,0.0015,1.95
2333,1.222,0.0,0.0,0.0,0.0,1.95
2334,1.222,0.0,0.0,0.0,0.0,1.95
2335,1.222,0.0,0.0,0.0,0.0,1.95
2336,1.2225,0.5,0.1,0.0,0.0015,1.95
2337,1.2225,0.5,0.1,0.0,0.0015,1.95
2338,1.222,0.0,0.0,0.0,0.0,1.95
2339,1.2225,0.5,0.1,0.0,0.0015,1.95
2340,1.2225,0.5,0.1,0.0,0.0015,1.95
2341,1.222,0.0,0.0,0.0,0.0,1.95
2342,1.2225,0.5,0.1,0.0,0.0015,1.95
2343,1.2225,0.5,0.1,0.0,0.0015,1.95
2344,1.2225,0.5,0.1,0.0,0.0015,1.95
2345,1.2225,0.5,0.1,0.0,0.0015,1.95
2346,1.2225,0.5,0.1,0.0,0.0015,1.95
2347,1.222,0.0,0.0,0.0,0.0,1.95
2348,1.222,0.0,0.0,0.0,0.0,1.95
2349,1.2225,0.5,0.1,0.0,0.0015,1.95
2350,1.2225,0.5,0.1,0.0,0.0015,1.95
2351,1.222,0.0,0.0,0.0,0.0,1.95
2352,1.2225,0.5,0.1,0.0,0.0015,1.95
2353,1.2225,0.5,0.1,0.0,0.0015,1.95
2354,1.222,0.0,0.0,0.0,0.0,1.95
2355,1.2225,0.5,0.1,0.0,0.0015,1.95
2356,1.2225,0.5,0.1,0.0,0.0015,1.95
2357,1.2225,0.5,0.1,0.0,0.0015,1.95
2358,1.222,0.0,0.0,0.0,0.0,1.95
2359,1.2225,0.5,0.1,0.0,0.0015,1.95
2360,1.2225,0.5,0.1,0.0,0.0015,1.95
2361,1.222,0.0,0.0,0.0,0.0,1.95
2362,1.2225,0.5,0.1,0.0,0.0015,1.95
2363,1.2225,0.5,0.1,0.0,0.0015,1.95
2364,1.222,0.0,0.0,0.0,0.0,1.95
2365,1.2225,0.5,0.1,0.0,0.0015,1.95
2366,1.222,0.0,0.0,0.0,0.0,1.95
2367,1.2225,0.5,0.1,0.0,0.0015,1.95
2368,1.222,0.0,0.0,0.0,0.0,1.95
2369,1.2225,0.5,0.1,0.0,0.0015,1.95
2370,1.222,0.0,0.0,0.0,0.0,1.95
2371,1.222,0.0,0.0,0.0,0.0,1.95
2372,1.222,0.0,0.0,0.0,0.0,1.95
2373,1.2225,0.5,0.1,0.0,0.0015,1.95
2374,1.2225,0.5,0.1,0.0,0.0015,1.95
2375,1.222,0.0,0.0,0.0,0.0,1.95
2376,1.2225,0.5,0.1,0.0,0.0015,1.95
2377,1.222,0.0,0.0,0.0,0.0,1.95
2378,1.222,0.0,0.0,0.0,0.0,1.95
2379,1.2225,0.5,0.1,0.0,0.0015,1.95
2380,1.2225,0.5,0.1,0.0,0.0015,1.95
2381,1.222,0.0,0.0,0.0,0.0,1.95
2382,1.2225,0.5,0.1,0.0,0.0015,1.95
2383,1.2225,0.5,0.1,0.0,0.0015,1.95
2384,1.2225,0.5,0.1,0.0,0.0015,1.95
2385,1.222,0.0,0.0,0.0,0.0,1.95
2386,1.222,0.0,0.0,0.0,0.0,1.95
2387,1.2225,0.5,0.1,0.0,0.0015,1.95
2388,1.2225,0.5,0.1,0.0,0.0015,1.95
2389,1.222,0.0,0.0,0.0,0.0,1.95
2390,1.222,0.0,0.0,0.0,0.0,1.95
2391,1.222,0.0,0.0,0.0,0.0,1.95
2392,1.2225,0.5,0.1,0.0,0.0015,1.95
2393,1.2225,0.5,0.1,0.0,0.0015,1.95
2394,1.2225,0.5,0.1,0.0,0.0015,1.95
2395,1.222,0.0,0.0,0.0,0.0,1.95
2396,1.2225,0.5,0.1,0.0,0.0015,1.95
2397,1.2225,0.5,0.1,0.0,0.0015,1.95
2398,1.222,0.0,0.0,0.0,0.0,1.95
2399,1.222,0.0,0.0,0.0,0.0,1.95
2400,1.2225,0.5,0.1,0.0,0.0015,1.95
2401,1.2225,0.5,0.1,0.0,0.0015,1.95
2402,1.2225,0.5,0.1,0.0,0.0015,1.95
2403,1.222,0.0,0.0,0.0,0.0,1.95
2404,1.2225,0.5,0.1,0.0,0.0015,1.95
2405,1.222,0.0,0.0,0.0,0.0,1.95
2406,1.222,0.0,0.0,0.0,0.0,1.95
2407,1.222,0.0,0.0,0.0,0.0,1.95
2408,1.2225,0.5,0.1,0.0,0.0015,1.95
2409,1.2225,0.5,0.1,0.0,0.0015,1.95
2410,1.2225,0.5,0.1,0.0,0.0015,1.95
2411,1.222,0.0,0.0,0.0,0.0,1.95
2412,1.222,0.0,0.0,0.0,0.0,1.95
2413,1.222,0.0,0.0,0.0,0.0,1.95
2414,1.222,0.0,0.0,0.0,0.0,1.95
2415,1.222,0.0,0.0,0.0,0.0,1.95
2416,1.222,0.0,0.0,0.0,0.0,1.95
2417,1.222,0.0,0.0,0.0,0.0,1.95
2418,1.2225,0.5,0.1,0.0,0.0015,1.95
2419,1.222,0.0,0.0,0.0,0.0,1.95
2420,1.222,0.0,0.0,0.0,0.0,1.95
2421,1.222,0.0,0.0,0.0,0.0,1.95
2422,1.2225,0.5,0.1,0.0,0.0015,1.95
2423,1.222,0.0,0.0,0.0,0.0,1.95
2424,1.222,0.0,0.0,0.0,0.0,1.95
2425,1.222,0.0,0.0,0.0,0.0,1.95
2426,1.222,0.0,0.0,0.0,0.0,1.95
2427,1.2225,0.5,0.1,0.0,0.0015,1.95
2428,1.222,0.0,0.0,0.0,0.0,1.95
2429,1.222,0.0,0.0,0.0,0.0,1.95
2430,1.2225,0.5,0.1,0.0,0.0015,1.95
2431,1.222,0.0,0.0,0.0,0.0,1.95
2432,1.222,0.0,0.0,0.0,0.0,1.95
2433,1.222,0.0,0.0,0.0,0.0,1.95
2434,1.222,0.0,0.0,0.0,0.0,1.95
2435,1.222,0.0,0.0,0.0,0.0,1.95
2436,1.2225,0.5,0.1,0.0,0.0015,1.95
2437,1.222,0.0,0.0,0.0,0.0,1.95
2438,1.222,0.0,0.0,0.0,0.0,1.95
2439,1.222,0.0,0.0,0.0,0.0,1.95
2440,1.222,0.0,0.0,0.0,0.0,1.95
2441,1.222,0.0,0.0,0.0,0.0,1.95
2442,1.2225,0.5,0.1,0.0,0.0015,1.95
2443,1.2225,0.5,0.1,0.0,0.0015,1.95
2444,1.2225,0.5,0.1,0.0,0.0015,1.95
2445,1.222,0.0,0.0,0.0,0.0,1.95
2446,1.2225,0.5,0.1,0.0,0.0015,1.95
2447,1.222,0.0,0.0,0.0,0.0,1.95
2448,1.2225,0.5,0.1,0.0,0.0015,1.95
2449,1.2225,0.5,0.1,0.0,0.0015,1.95
2450,1.2225,0.5,0.1,0.0,0.0015,1.95
2451,1.2225,0.5,0.1,0.0,0.0015,1.95
2452,1.2225,0.5,0.1,0.0,0.0015,1.95
2453,1.2225,0.5,0.1,0.0,0.0015,1.95
2454,1.2225,0.5,0.1,0.0,0.0015,1.95
2455,1.2225,0.5,0.1,0.0,0.0015,1.95
2456,1.222,0.0,0.0,0.0,0.0,1.95
2457,1.222,0.0,0.0,0.0,0.0,1.95
2458,1.222,0.0,0.0,0.0,0.0,1.95
2459,1.222,0.0,0.0,0.0,0.0,1.95
2460,1.222,0.0,0.0,0.0,0.0,1.95
2461,1.222,0.0,0.0,0.0,0.0,1.95
2462,1.222,0.0,0.0,0.0,0.0,1.95
2463,1.2225,0.5,0.1,0.0,0.0015,1.95
2464,1.2225,0.5,0.1,0.0,0.0015,1.95
2465,1.222,0.0,0.0,0.0,0.0,1.95
2466,1.2225,0.5,0.1,0.0,0.0015,1.95
2467,1.222,0.0,0.0,0.0,0.0,1.95
2468,1.2225,0.5,0.1,0.0,0.0015,1.95
2469,1.222,0.0,0.0,0.0,0.0,1.95
2470,1.222,0.0,0.0,0.0,0.0,1.95
2471,1.2225,0.5,0.1,0.0,0.0015,1.95
2472,1.222,0.0,0.0,0.0,0.0,1.95
2473,1.222,0.0,0.0,0.0,0.0,1.95
2474,1.222,0.0,0.0,0.0,0.0,1.95
2475,1.222,0.0,0.0,0.0,0.0,1.95
2476,1.2225,0.5,0.1,0.0,0.0015,1.95
2477,1.2225,0.5,0.1,0.0,0.0015,1.95
2478,1.222,0.0,0.0,0.0,0.0,1.95
2479,1.2225,0.5,0.1,0.0,0.0015,1.95
2480,1.222,0.0,0.0,0.0,0.0,1.95
2481,1.2225,0.5,0.1,0.0,0.0015,1.95
2482,1.222,0.0,0.0,0.0,0.0,1.95
2483,1.222,0.0,0.0,0.0,0.0,1.95
2484,1.2225,0.5,0.1,0.0,0.0015,1.95
2485,1.2225,0.5,0.1,0.0,0.0015,1.95
2486,1.2225,0.5,0.1,0.0,0.0015,1.95
2487,1.2225,0.5,0.1,0.0,0.0015,1.95
2488,1.222,0.0,0.0,0.0,0.0,1.95
2489,1.2225,0.5,0.1,0.0,0.0015,1.95
2490,1.2225,0.5,0.1,0.0,0.0015,1.95
2491,1.222,0.0,0.0,0.0,0.0,1.95
2492,1.222,0.0,0.0,0.0,0.0,1.95
2493,1.2225,0.5,0.1,0.0,0.0015,1.95
2494,1.2225,0.5,0.1,0.0,0.0015,1.95
2495,1.222,0.0,0.0,0.0,0.0,1.95
2496,1.222,0.0,0.0,0.0,0.0,1.95
2497,1.2225,0.5,0.1,0.0,0.0015,1.95
2498,1.2225,0.5,0.1,0.0,0.0015,1.95
2499,1.222,0.0,0.0,0.0,0.0,1.95
2500,1.222,0.0,0.0,0.0,0.0,1.95
2501,1.222,0.0,0.0,0.0,0.0,1.95
2502,1.222,0.0,0.0,0.0,0.0,1.95
2503,1.2225,0.5,0.1,0.0,0.0015,1.95
2504,1.222,0.0,0.0,0.0,0.0,1.95
2505,1.2225,0.5,0.1,0.0,0.0015,1.95
2506,1.222,0.0,0.0,0.0,0.0,1.95
2507,1.2225,0.5,0.1,0.0,0.0015,1.95
2508,1.2225,0.5,0.1,0.0,0.0015,1.95
2509,1.222,0.0,0.0,0.0,0.0,1.95
2510,1.222,0.0,0.0,0.0,0.0,1.95
2511,1.2225,0.5,0.1,0.0,0.0015,1.95
2512,1.2225,0.5,0.1,0.0,0.0015,1.95
2513,1.222,0.0,0.0,0.0,0.0,1.95
2514,1.222,0.0,0.0,0.0,0.0,1.95
2515,1.2225,0.5,0.1,0.0,0.0015,1.95
2516,1.2225,0.5,0.1,0.0,0.0015,1.95
2517,1.222,0.0,0.0,0.0,0.0,1.95
2518,1.222,0.0,0.0,0.0,0.0,1.95
2519,1.2225,0.5,0.1,0.0,0.0015,1.95
2520,1.222,0.0,0.0,0.0,0.0,1.95
2521,1.222,0.0,0.0,0.0,0.0,1.95
2522,1.2225,0.5,0.1,0.0,0.0015,1.95
2523,1.2225,0.5,0.1,0.0,0.0015,1.95
2524,1.222,0.0,0.0,0.0,0.0,1.95
2525,1.2225,0.5,0.1,0.0,0.0015,1.95
2526,1.2225,0.5,0.1,0.0,0.0015,1.95
2527,1.222,0.0,0.0,0.0,0.0,1.95
2528,1.2225,0.5,0.1,0.0,0.0015,1.95
2529,1.222,0.0,0.0,0.0,0.0,1.95
2530,1.222,0.0,0.0,0.0,0.0,1.95
2531,1.222,0.0,0.0,0.0,0.0,1.95
2532,1.222,0.0,0.0,0.0,0.0,1.95
2533,1.222,0.0,0.0,0.0,0.0,1.95
2534,1.2225,0.5,0.1,0.0,0.0015,1.95
2535,1.2225,0.5,0.1,0.0,0.0015,1.95
2536,1.2225,0.5,0.1,0.0,0.0015,1.95
2537,1.2225,0.5,0.1,0.0,0.0015,1.95
2538,1.2225,0.5,0.1,0.0,0.0015,1.95
2539,1.222,0.0,0.0,0.0,0.0,1.95
2540,1.222,0.0,0.0,0.0,0.0,1.95
2541,1.2225,0.5,0.1,0.0,0.0015,1.95
2542,1.222,0.0,0.0,0.0,0.0,1.95
2543,1.222,0.0,0.0,0.0,0.0,1.95
2544,1.222,0.0,0.0,0.0,0.0,1.95
2545,1.2225,0.5,0.1,0.0,0.0015,1.95
2546,1.222,0.0,0.0,0.0,0.0,1.95
2547,1.222,0.0,0.0,0.0,0.0,1.95
2548,1.222,0.0,0.0,0.0,0.0,1.95
2549,1.2225,0.5,0.1,0.0,0.0015,1.95
2550,1.2225,0.5,0.1,0.0,0.0015,1.95
2551,1.2225,0.5,0.1,0.0,0.0015,1.95
2552,1.2225,0.5,0.1,0.0,0.0015,1.95
2553,1.222,0.0,0.0,0.0,0.0,1.95
2554,1.222,0.0,0.0,0.0,0.0,1.95
2555,1.222,0.0,0.0,0.0,0.0,1.95
2556,1.222,0.0,0.0,0.0,0.0,1.95
2557,1.2225,0.5,0.1,0.0,0.0015,1.95
2558,1.222,0.0,0.0,0.0,0.0,1.95
2559,1.222,0.0,0.0,0.0,0.0,1.95
2560,1.222,0.0,0.0,0.0,0.0,1.95
2561,1.222,0.0,0.0,0.0,0.0,1.95
2562,1.2225,0.5,0.1,0.0,0.0015,1.95
2563,1.2225,0.5,0.1,0.0,0.0015,1.95
2564,1.2225,0.5,0.1,0.0,0.0015,1.95
2565,1.2225,0.5,0.1,0.0,0.0015,1.95
2566,1.222,0.0,0.0,0.0,0.0,1.95
2567,1.222,0.0,0.0,0.0,0.0,1.95
2568,1.222,0.0,0.0,0.0,0.0,1.95
2569,1.2225,0.5,0.1,0.0,0.0015,1.95
2570,1.2225,0.5,0.1,0.0,0.0015,1.95
2571,1.222,0.0,0.0,0.0,0.0,1.95
2572,1.222,0.0,0.0,0.0,0.0,1.95
2573,1.222,0.0,0.0,0.0,0.0,1.95
2574,1.222,0.0,0.0,0.0,0.0,1.95
2575,1.2225,0.5,0.1,0.0,0.0015,1.95
2576,1.222,0.0,0.0,0.0,0.0,1.95
2577,1.222,0.0,0.0,0.0,0.0,1.95
2578,1.222,0.0,0.0,0.0,0.0,1.95
2579,1.222,0.0,0.0,0.0,0.0,1.95
2580,1.222,0.0,0.0,0.0,0.0,1.95
2581,1.222,0.0,0.0,0.0,0.0,1.95
2582,1.2225,0.5,0.1,0.0,0.0015,1.95
2583,1.222,0.0,0.0,0.0,0.0,1.95
2584,1.2225,0.5,0.1,0.0,0.0015,1.95
2585,1.222,0.0,0.0,0.0,0.0,1.95
2586,1.222,0.0,0.0,0.0,0.0,1.95
2587,1.2225,0.5,0.1,0.0,0.0015,1.95
2588,1.2225,0.5,0.1,0.0,0.0015,1.95
2589,1.2225,0.5,0.1,0.0,0.0015,1.95
2590,1.222,0.0,0.0,0.0,0.0,1.95
2591,1.222,0.0,0.0,0.0,0.0,1.95
2592,1.222,0.0,0.0,0.0,0.0,1.95
2593,1.2225,0.5,0.1,0.0,0.0015,1.95
2594,1.222,0.0,0.0,0.0,0.0,1.95
2595,1.222,0.0,0.0,0.0,0.0,1.95
2596,1.222,0.0,0.0,0.0,0.0,1.95
2597,1.222,0.0,0.0,0.0,0.0,1.95
2598,1.222,0.0,0.0,0.0,0.0,1.95
2599,1.2225,0.5,0.1,0.0,0.0015,1.95
2600,1.2225,0.5,0.1,0.0,0.0015,1.95
2601,1.2225,0.5,0.1,0.0,0.0015,1.95
2602,1.222,0.0,0.0,0.0,0.0,1.95
2603,1.2225,0.5,0.1,0.0,0.0015,1.95
2604,1.2225,0.5,0.1,0.0,0.0015,1.95
2605,1.2225,0.5,0.1,0.0,0.0015,1.95
2606,1.222,0.0,0.0,0.0,0.0,1.95
2607,1.222,0.0,0.0,0.0,0.0,1.95
2608,1.2225,0.5,0.1,0.0,0.0015,1.95
2609,1.2225,0.5,0.1,0.0,0.0015,1.95
2610,1.2225,0.5,0.1,0.0,0.0015,1.95
2611,1.2225,0.5,0.1,0.0,0.0015,1.95
2612,1.222,0.0,0.0,0.0,0.0,1.95
2613,1.222,0.0,0.0,0.0,0.0,1.95
2614,1.2225,0.5,0.1,0.0,0.0015,1.95
2615,1.2225,0.5,0.1,0.0,0.0015,1.95
2616,1.2225,0.5,0.1,0.0,0.0015,1.95
2617,1.222,0.0,0.0,0.0,0.0,1.95
2618,1.2225,0.5,0.1,0.0,0.0015,1.95
2619,1.2225,0.5,0.1,0.0,0.0015,1.95
2620,1.222,0.0,0.0,0.0,0.0,1.95
2621,1.2225,0.5,0.1,0.0,0.0015,1.95
2622,1.2225,0.5,0.1,0.0,0.0015,1.95
2623,1.222,0.0,0.0,0.0,0.0,1.95
2624,1.2225,0.5,0.1,0.0,0.0015,1.95
2625,1.2225,0.5,0.1,0.0,0.0015,1.95
2626,1.222,0.0,0.0,0.0,0.0,1.95
2627,1.2225,0.5,0.1,0.0,0.0015,1.95
2628,1.2225,0.5,0.1,0.0,0.0015,1.95
2629,1.222,0.0,0.0,0.0,0.0,1.95
2630,1.222,0.0,0.0,0.0,0.0,1.95
2631,1.2225,0.5,0.1,0.0,0.0015,1.95
2632,1.222,0.0,0.0,0.0,0.0,1.95
2633,1.222,0.0,0.0,0.0,0.0,1.95
2634,1.222,0.0,0.0,0.0,0.0,1.95
2635,1.2225,0.5,0.1,0.0,0.0015,1.95
2636,1.222,0.0,0.0,0.0,0.0,1.95
2637,1.222,0.0,0.0,0.0,0.0,1.95
2638,1.222,0.0,0.0,0.0,0.0,1.95
2639,1.2225,0.5,0.1,0.0,0.0015,1.95
2640,1.222,0.0,0.0,0.0,0.0,1.95
2641,1.2225,0.5,0.1,0.0,0.0015,1.95
2642,1.222,0.0,0.0,0.0,0.0,1.95
2643,1.2225,0.5,0.1,0.0,0.0015,1.95
2644,1.222,0.0,0.0,0.0,0.0,1.95
2645,1.2225,0.5,0.1,0.0,0.0015,1.95
2646,1.222,0.0,0.0,0.0,0.0,1.95
2647,1.222,0.0,0.0,0.0,0.0,1.95
2648,1.222,0.0,0.0,0.0,0.0,1.95
2649,1.222,0.0,0.0,0.0,0.0,1.95
2650,1.2225,0.5,0.1,0.0,0.0015,1.95
2651,1.2225,0.5,0.1,0.0,0.0015,1.95
2652,1.2225,0.5,0.1,0.0,0.0015,1.95
2653,1.2225,0.5,0.1,0.0,0.0015,1.95
2654,1.2225,0.5,0.1,0.0,0.0015,1.95
2655,1.222,0.0,0.0,0.0,0.0,1.95
2656,1.222,0.0,0.0,0.0,0.0,1.95
2657,1.2225,0.5,0.1,0.0,0.0015,1.95
2658,1.2225,0.5,0.1,0.0,0.0015,1.95
2659,1.222,0.0,0.0,0.0,0.0,1.95
2660,1.222,0.0,0.0,0.0,0.0,1.95
2661,1.222,0.0,0.0,0.0,0.0,1.95
2662,1.222,0.0,0.0,0.0,0.0,1.95
2663,1.2225,0.5,0.1,0.0,0.0015,1.95
2664,1.2225,0.5,0.1,0.0,0.0015,1.95
2665,1.2225,0.5,0.1,0.0,0.0015,1.95
2666,1.222,0.0,0.0,0.0,0.0,1.95
2667,1.222,0.0,0.0,0.0,0.0,1.95
2668,1.222,0.0,0.0,0.0,0.0,1.95
2669,1.2225,0.5,0.1,0.0,0.0015,1.95
2670,1.222,0.0,0.0,0.0,0.0,1.95
2671,1.2225,0.5,0.1,0.0,0.0015,1.95
2672,1.2225,0.5,0.1,0.0,0.0015,1.95
2673,1.222,0.0,0.0,0.0,0.0,1.95
2674,1.222,0.0,0.0,0.0,0.0,1.95
2675,1.222,0.0,0.0,0.0,0.0,1.95
2676,1.2225,0.5,0.1,0.0,0.0015,1.95
2677,1.2225,0.5,0.1,0.0,0.0015,1.95
2678,1.222,0.0,0.0,0.0,0.0,1.95
2679,1.2225,0.5,0.1,0.0,0.0015,1.95
2680,1.2225,0.5,0.1,0.0,0.0015,1.95
2681,1.222,0.0,0.0,0.0,0.0,1.95
2682,1.222,0.0,0.0,0.0,0.0,1.95
2683,1.2225,0.5,0.1,0.0,0.0015,1.95
2684,1.2225,0.5,0.1,0.0,0.0015,1.95
2685,1.222,0.0,0.0,0.0,0.0,1.95
2686,1.222,0.0,0.0,0.0,0.0,1.95
2687,1.222,0.0,0.0,0.0,0.0,1.95
2688,1.2225,0.5,0.1,0.0,0.0015,1.95
2689,1.2225,0.5,0.1,0.0,0.0015,1.95
2690,1.2225,0.5,0.1,0.0,0.0015,1.95
2691,1.222,0.0,0.0,0.0,0.0,1.95
2692,1.2225,0.5,0.1,0.0,0.0015,1.95
2693,1.222,0.0,0.0,0.0,0.0,1.95
2694,1.222,0.0,0.0,0.0,0.0,1.95
2695,1.222,0.0,0.0,0.0,0.0,1.95
2696,1.222,0.0,0.0,0.0,0.0,1.95
2697,1.222,0.0,0.0,0.0,0.0,1.95
2698,1.222,0.0,0.0,0.0,0.0,1.95
2699,1.222,0.0,0.0,0.0,0.0,1.95
2700,1.2225,0.5,0.1,0.0,0.0015,1.95
2701,1.222,0.0,0.0,0.0,0.0,1.95
2702,1.222,0.0,0.0,0.0,0.0,1.95
2703,1.222,0.0,0.0,0.0,0.0,1.95
2704,1.222,0.0,0.0,0.0,0.0,1.95
2705,1.222,0.0,0.0,0.0,0.0,1.95
2706,1.222,0.0,0.0,0.0,0.0,1.95
2707,1.2225,0.5,0.1,0.0,0.0015,1.95
2708,1.2225,0.5,0.1,0.0,0.0015,1.95
2709,1.2225,0.5,0.1,0.0,0.0015,1.95
2710,1.2225,0.5,0.1,0.0,0.0015,1.95
2711,1.2225,0.5,0.1,0.0,0.0015,1.95
2712,1.2225,0.5,0.1,0.0,0.0015,1.95
2713,1.2225,0.5,0.1,0.0,0.0015,1.95
2714,1.2225,0.5,0.1,0.0,0.0015,1.95
2715,1.2225,0.5,0.1,0.0,0.0015,1.95
2716,1.2225,0.5,0.1,0.0,0.0015,1.95
2717,1.222,0.0,0.0,0.0,0.0,1.95
2718,1.2225,0.5,0.1,0.0,0.0015,1.95
2719,1.222,0.0,0.0,0.0,0.0,1.95
2720,1.2225,0.5,0.1,0.0,0.0015,1.95
2721,1.222,0.0,0.0,0.0,0.0,1.95
2722,1.2225,0.5,0.1,0.0,0.0015,1.95
2723,1.2225,0.5,0.1,0.0,0.0015,1.95
2724,1.222,0.0,0.0,0.0,0.0,1.95
2725,1.222,0.0,0.0,0.0,0.0,1.95
2726,1.222,0.0,0.0,0.0,0.0,1.95
2727,1.222,0.0,0.0,0.0,0.0,1.95
2728,1.2225,0.5,0.1,0.0,0.0015,1.95
2729,1.2225,0.5,0.1,0.0,0.0015,1.95
2730,1.222,0.0,0.0,0.0,0.0,1.95
2731,1.2225,0.5,0.1,0.0,0.0015,1.95
2732,1.2225,0.5,0.1,0.0,0.0015,1.95
2733,1.2225,0.5,0.1,0.0,0.0015,1.95
2734,1.222,0.0,0.0,0.0,0.0,1.95
2735,1.2225,0.5,0.1,0.0,0.0015,1.95
2736,1.222,0.0,0.0,0.0,0.0,1.95
2737,1.2225,0.5,0.1,0.0,0.0015,1.95
2738,1.2225,0.5,0.1,0.0,0.0015,1.95
2739,1.222,0.0,0.0,0.0,0.0,1.95
2740,1.222,0.0,0.0,0.0,0.0,1.95
2741,1.222,0.0,0.0,0.0,0.0,1.95
2742,1.2225,0.5,0.1,0.0,0.0015,1.95
2743,1.2225,0.5,0.1,0.0,0.0015,1.95
2744,1.2225,0.5,0.1,0.0,0.0015,1.95
2745,1.2225,0.5,0.1,0.0,0.0015,1.95
2746,1.222,0.0,0.0,0.0,0.0,1.95
2747,1.222,0.0,0.0,0.0,0.0,1.95
2748,1.222,0.0,0.0,0.0,0.0,1.95
2749,1.2225,0.5,0.1,0.0,0.0015,1.95
2750,1.222,0.0,0.0,0.0,0.0,1.95
2751,1.2225,0.5,0.1,0.0,0.0015,1.95
2752,1.2225,0.5,0.1,0.0,0.0015,1.95
2753,1.2225,0.5,0.1,0.0,0.0015,1.95
2754,1.222,0.0,0.0,0.0,0.0,1.95
2755,1.222,0.0,0.0,0.0,0.0,1.95
2756,1.2225,0.5,0.1,0.0,0.0015,1.95
2757,1.222,0.0,0.0,0.0,0.0,1.95
2758,1.2225,0.5,0.1,0.0,0.0015,1.95
2759,1.2225,0.5,0.1,0.0,0.0015,1.95
2760,1.2225,0.5,0.1,0.0,0.0015,1.95
2761,1.2225,0.5,0.1,0.0,0.0015,1.95
2762,1.2225,0.5,0.1,0.0,0.0015,1.95
2763,1.2225,0.5,0.1,0.0,0.0015,1.95
2764,1.222,0.0,0.0,0.0,0.0,1.95
2765,1.2225,0.5,0.1,0.0,0.0015,1.95
2766,1.222,0.0,0.0,0.0,0.0,1.95
2767,1.222,0.0,0.0,0.0,0.0,1.95
2768,1.2225,0.5,0.1,0.0,0.0015,1.95
2769,1.222,0.0,0.0,0.0,0.0,1.95
2770,1.222,0.0,0.0,0.0,0.0,1.95
2771,1.222,0.0,0.0,0.0,0.0,1.95
2772,1.222,0.0,0.0,0.0,0.0,1.95
2773,1.222,0.0,0.0,0.0,0.0,1.95
2774,1.2225,0.5,0.1,0.0,0.0015,1.95
2775,1.222,0.0,0.0,0.0,0.0,1.95
2776,1.222,0.0,0.0,0.0,0.0,1.95
2777,1.2225,0.5,0.1,0.0,0.0015,1.95
2778,1.222,0.0,0.0,0.0,0.0,1.95
2779,1.222,0.0,0.0,0.0,0.0,1.95
2780,1.2225,0.5,0.1,0.0,0.0015,1.95
2781,1.222,0.0,0.0,0.0,0.0,1.95
2782,1.222,0.0,0.0,0.0,0.0,1.95
2783,1.2225,0.5,0.1,0.0,0.0015,1.95
2784,1.2225,0.5,0.1,0.0,0.0015,1.95
2785,1.222,0.0,0.0,0.0,0.0,1.95
2786,1.2225,0.5,0.1,0.0,0.0015,1.95
2787,1.2225,0.5,0.1,0.0,0.0015,1.95
2788,1.2225,0.5,0.1,0.0,0.0015,1.95
2789,1.2225,0.5,0.1,0.0,0.0015,1.95
2790,1.2225,0.5,0.1,0.0,0.0015,1.95
2791,1.2225,0.5,0.1,0.0,0.0015,1.95
2792,1.2225,0.5,0.1,0.0,0.0015,1.95
2793,1.2225,0.5,0.1,0.0,0.0015,1.95
2794,1.222,0.0,0.0,0.0,0.0,1.95
2795,1.222,0.0,0.0,0.0,0.0,1.95
2796,1.222,0.0,0.0,0.0,0.0,1.95
2797,1.222,0.0,0.0,0.0,0.0,1.95
2798,1.222,0.0,0.0,0.0,0.0,1.95
2799,1.2225,0.5,0.1,0.0,0.0015,1.95
2800,1.222,0.0,0.0,0.0,0.0,1.95
2801,1.2225,0.5,0.1,0.0,0.0015,1.95
2802,1.2225,0.5,0.1,0.0,0.0015,1.95
2803,1.222,0.0,0.0,0.0,0.0,1.95
2804,1.222,0.0,0.0,0.0,0.0,1.95
2805,1.222,0.0,0.0,0.0,0.0,1.95
2806,1.222,0.0,0.0,0.0,0.0,1.95
2807,1.222,0.0,0.0,0.0,0.0,1.95
2808,1.2225,0.5,0.1,0.0,0.0015,1.95
2809,1.2225,0.5,0.1,0.0,0.0015,1.95
2810,1.222,0.0,0.0,0.0,0.0,1.95
2811,1.2225,0.5,0.1,0.0,0.0015,1.95
2812,1.222,0.0,0.0,0.0,0.0,1.95
2813,1.2225,0.5,0.1,0.0,0.0015,1.95
2814,1.222,0.0,0.0,0.0,0.0,1.95
2815,1.222,0.0,0.0,0.0,0.0,1.95
2816,1.222,0.0,0.0,0.0,0.0,1.95
2817,1.222,0.0,0.0,0.0,0.0,1.95
2818,1.222,0.0,0.0,0.0,0.0,1.95
2819,1.222,0.0,0.0,0.0,0.0,1.95
2820,1.2225,0.5,0.1,0.0,0.0015,1.95
2821,1.222,0.0,0.0,0.0,0.0,1.95
2822,1.2225,0.5,0.1,0.0,0.0015,1.95
2823,1.222,0.0,0.0,0.0,0.0,1.95
2824,1.222,0.0,0.0,0.0,0.0,1.95
2825,1.2225,0.5,0.1,0.0,0.0015,1.95
2826,1.2225,0.5,0.1,0.0,0.0015,1.95
2827,1.222,0.0,0.0,0.0,0.0,1.95
2828,1.2225,0.5,0.1,0.0,0.0015,1.95
2829,1.222,0.0,0.0,0.0,0.0,1.95
2830,1.2225,0.5,0.1,0.0,0.0015,1.95
2831,1.222,0.0,0.0,0.0,0.0,1.95
2832,1.2225,0.5,0.1,0.0,0.0015,1.95
2833,1.222,0.0,0.0,0.0,0.0,1.95
2834,1.222,0.0,0.0,0.0,0.0,1.95
2835,1.2225,0.5,0.1,0.0,0.0015,1.95
2836,1.222,0.0,0.0,0.0,0.0,1.95
2837,1.222,0.0,0.0,0.0,0.0,1.95
2838,1.222,0.0,0.0,0.0,0.0,1.95
2839,1.222,0.0,0.0,0.0,0.0,1.95
2840,1.2225,0.5,0.1,0.0,0.0015,1.95
2841,1.222,0.0,0.0,0.0,0.0,1.95
2842,1.2225,0.5,0.1,0.0,0.0015,1.95
2843,1.2225,0.5,0.1,0.0,0.0015,1.95
2844,1.2225,0.5,0.1,0.0,0.0015,1.95
2845,1.2225,0.5,0.1,0.0,0.0015,1.95
2846,1.2225,0.5,0.1,0.0,0.0015,1.95
2847,1.222,0.0,0.0,0.0,0.0,1.95
2848,1.2225,0.5,0.1,0.0,0.0015,1.95
2849,1.2225,0.5,0.1,0.0,0.0015,1.95
2850,1.222,0.0,0.0,0.0,0.0,1.95
2851,1.222,0.0,0.0,0.0,0.0,1.95
2852,1.222,0.0,0.0,0.0,0.0,1.95
2853,1.222,0.0,0.0,0.0,0.0,1.95
2854,1.2225,0.5,0.1,0.0,0.0015,1.95
2855,1.2225,0.5,0.1,0.0,0.0015,1.95
2856,1.2225,0.5,0.1,0.0,0.0015,1.95
2857,1.222,0.0,0.0,0.0,0.0,1.95
2858,1.2225,0.5,0.1,0.0,0.0015,1.95
2859,1.222,0.0,0.0,0.0,0.0,1.95
2860,1.2225,0.5,0.1,0.0,0.0015,1.95
2861,1.222,0.0,0.0,0.0,0.0,1.95
2862,1.2225,0.5,0.1,0.0,0.0015,1.95
2863,1.2225,0.5,0.1,0.0,0.0015,1.95
2864,1.222,0.0,0.0,0.0,0.0,1.95
2865,1.222,0.0,0.0,0.0,0.0,1.95
2866,1.222,0.0,0.0,0.0,0.0,1.95
2867,1.222,0.0,0.0,0.0,0.0,1.95
2868,1.222,0.0,0.0,0.0,0.0,1.95
2869,1.222,0.0,0.0,0.0,0.0,1.95
2870,1.2225,0.5,0.1,0.0,0.0015,1.95
2871,1.2225,0.5,0.1,0.0,0.0015,1.95
2872,1.2225,0.5,0.1,0.0,0.0015,1.95
2873,1.222,0.0,0.0,0.0,0.0,1.95
2874,1.222,0.0,0.0,0.0,0.0,1.95
2875,1.222,0.0,0.0,0.0,0.0,1.95
2876,1.222,0.0,0.0,0.0,0.0,1.95
2877,1.222,0.0,0.0,0.0,0.0,1.95
2878,1.2225,0.5,0.1,0.0,0.0015,1.95
2879,1.222,0.0,0.0,0.0,0.0,1.95
2880,1.2225,0.5,0.1,0.0,0.0015,1.95
2881,1.2225,0.5,0.1,0.0,0.0015,1.95
2882,1.2225,0.5,0.1,0.0,0.0015,1.95
2883,1.2225,0.5,0.1,0.0,0.0015,1.95
2884,1.222,0.0,0.0,0.0,0.0,1.95
2885,1.2225,0.5,0.1,0.0,0.0015,1.95
2886,1.222,0.0,0.0,0.0,0.0,1.95
2887,1.2225,0.5,0.1,0.0,0.0015,1.95
2888,1.222,0.0,0.0,0.0,0.0,1.95
2889,1.222,0.0,0.0,0.0,0.0,1.95
2890,1.2225,0.5,0.1,0.0,0.0015,1.95
2891,1.222,0.0,0.0,0.0,0.0,1.95
2892,1.2225,0.5,0.1,0.0,0.0015,1.95
2893,1.222,0.0,0.0,0.0,0.0,1.95
2894,1.222,0.0,0.0,0.0,0.0,1.95
2895,1.222,0.0,0.0,0.0,0.0,1.95
2896,1.2225,0.5,0.1,0.0,0.0015,1.95
2897,1.2225,0.5,0.1,0.0,0.0015,1.95
2898,1.222,0.0,0.0,0.0,0.0,1.95
2899,1.2225,0.5,0.1,0.0,0.0015,1.95
2900,1.2225,0.5,0.1,0.0,0.0015,1.95
2901,1.222,0.0,0.0,0.0,0.0,1.95
2902,1.2225,0.5,0.1,0.0,0.0015,1.95
2903,1.2225,0.5,0.1,0.0,0.0015,1.95
2904,1.2225,0.5,0.1,0.0,0.0015,1.95
2905,1.2225,0.5,0.1,0.0,0.0015,1.95
2906,1.222,0.0,0.0,0.0,0.0,1.95
2907,1.222,0.0,0.0,0.0,0.0,1.95
2908,1.222,0.0,0.0,0.0,0.0,1.95
2909,1.222,0.0,0.0,0.0,0.0,1.95
2910,1.222,0.0,0.0,0.0,0.0,1.95
2911,1.222,0.0,0.0,0.0,0.0,1.95
2912,1.2225,0.5,0.1,0.0,0.0015,1.95
2913,1.2225,0.5,0.1,0.0,0.0015,1.95
2914,1.222,0.0,0.0,0.0,0.0,1.95
2915,1.222,0.0,0.0,0.0,0.0,1.95
2916,1.2225,0.5,0.1,0.0,0.0015,1.95
2917,1.222,0.0,0.0,0.0,0.0,1.95
2918,1.2225,0.5,0.1,0.0,0.0015,1.95
2919,1.2225,0.5,0.1,0.0,0.0015,1.95
2920,1.2225,0.5,0.1,0.0,0.0015,1.95
2921,1.222,0.0,0.0,0.0,0.0,1.95
2922,1.2225,0.5,0.1,0.0,0.0015,1.95
2923,1.2225,0.5,0.1,0.0,0.0015,1.95
2924,1.2225,0.5,0.1,0.0,0.0015,1.95
2925,1.2225,0.5,0.1,0.0,0.0015,1.95
2926,1.222,0.0,0.0,0.0,0.0,1.95
2927,1.222,0.0,0.0,0.0,0.0,1.95
2928,1.222,0.0,0.0,0.0,0.0,1.95
2929,1.222,0.0,0.0,0.0,0.0,1.95
2930,1.2225,0.5,0.1,0.0,0.0015,1.95
2931,1.222,0.0,0.0,0.0,0.0,1.95
2932,1.222,0.0,0.0,0.0,0.0,1.95
2933,1.2225,0.5,0.1,0.0,0.0015,1.95
2934,1.222,0.0,0.0,0.0,0.0,1.95
2935,1.2225,0.5,0.1,0.0,0.0015,1.95
2936,1.2225,0.5,0.1,0.0,0.0015,1.95
2937,1.222,0.0,0.0,0.0,0.0,1.95
2938,1.2225,0.5,0.1,0.0,0.0015,1.95
2939,1.2225,0.5,0.1,0.0,0.0015,1.95
2940,1.222,0.0,0.0,0.0,0.0,1.95
2941,1.222,0.0,0.0,0.0,0.0,1.95
2942,1.222,0.0,0.0,0.0,0.0,1.95
2943,1.2225,0.5,0.1,0.0,0.0015,1.95
2944,1.222,0.0,0.0,0.0,0.0,1.95
2945,1.222,0.0,0.0,0.0,0.0,1.95
2946,1.2225,0.5,0.1,0.0,0.0015,1.95
2947,1.222,0.0,0.0,0.0,0.0,1.95
2948,1.2225,0.5,0.1,0.0,0.0015,1.95
2949,1.2225,0.5,0.1,0.0,0.0015,1.95
2950,1.2225,0.5,0.1,0.0,0.0015,1.95
2951,1.222,0.0,0.0,0.0,0.0,1.95
2952,1.222,0.0,0.0,0.0,0.0,1.95
2953,1.2225,0.5,0.1,0.0,0.0015,1.95
2954,1.2225,0.5,0.1,0.0,0.0015,1.95
2955,1.2225,0.5,0.1,0.0,0.0015,1.95
2956,1.222,0.0,0.0,0.0,0.0,1.95
2957,1.222,0.0,0.0,0.0,0.0,1.95
2958,1.222,0.0,0.0,0.0,0.0,1.95
2959,1.2225,0.5,0.1,0.0,0.0015,1.95
2960,1.2225,0.5,0.1,0.0,0.0015,1.95
2961,1.222,0.0,0.0,0.0,0.0,1.95
2962,1.222,0.0,0.0,0.0,0.0,1.95
2963,1.2225,0.5,0.1,0.0,0.0015,1.95
2964,1.2225,0.5,0.1,0.0,0.0015,1.95
2965,1.222,0.0,0.0,0.0,0.0,1.95
2966,1.2225,0.5,0.1,0.0,0.0015,1.95
2967,1.222,0.0,0.0,0.0,0.0,1.95
2968,1.2225,0.5,0.1,0.0,0.0015,1.95
2969,1.222,0.0,0.0,0.0,0.0,1.95
2970,1.222,0.0,0.0,0.0,0.0,1.95
2971,1.2225,0.5,0.1,0.0,0.0015,1.95
2972,1.222,0.0,0.0,0.0,0.0,1.95
2973,1.222,0.0,0.0,0.0,0.0,1.95
2974,1.222,0.0,0.0,0.0,0.0,1.95
2975,1.222,0.0,0.0,0.0,0.0,1.95
2976,1.222,0.0,0.0,0.0,0.0,1.95
2977,1.2225,0.5,0.1,0.0,0.0015,1.95
2978,1.222,0.0,0.0,0.0,0.0,1.95
2979,1.2225,0.5,0.1,0.0,0.0015,1.95
2980,1.222,0.0,0.0,0.0,0.0,1.95
2981,1.2225,0.5,0.1,0.0,0.0015,1.95
2982,1.2225,0.5,0.1,0.0,0.0015,1.95
2983,1.222,0.0,0.0,0.0,0.0,1.95
2984,1.2225,0.5,0.1,0.0,0.0015,1.95
2985,1.2225,0.5,0.1,0.0,0.0015,1.95
2986,1.2225,0.5,0.1,0.0,0.0015,1.95
2987,1.222,0.0,0.0,0.0,0.0,1.95
2988,1.2225,0.5,0.1,0.0,0.0015,1.95
2989,1.2225,0.5,0.1,0.0,0.0015,1.95
2990,1.222,0.0,0.0,0.0,0.0,1.95
2991,1.222,0.0,0.0,0.0,0.0,1.95
2992,1.2225,0.5,0.1,0.0,0.0015,1.95
2993,1.2225,0.5,0.1,0.0,0.0015,1.95
2994,1.2225,0.5,0.1,0.0,0.0015,1.95
2995,1.222,0.0,0.0,0.0,0.0,1.95
2996,1.222,0.0,0.0,0.0,0.0,1.95
2997,1.2225,0.5,0.1,0.0,0.0015,1.95
2998,1.222,0.0,0.0,0.0,0.0,1.95
2999,1.222,0.0,0.0,0.0,0.0,1.95
3000,1.2225,0.5,0.1,0.0,0.0015,1.95
3001,1.222,0.0,0.0,0.0,0.0,1.95
3002,1.2225,0.5,0.1,0.0,0.0015,1.95
3003,1.2225,0.5,0.1,0.0,0.0015,1.95
3004,1.222,0.0,0.0,0.0,0.0,1.95
3005,1.2225,0.5,0.1,0.0,0.0015,1.95
3006,1.222,0.0,0.0,0.0,0.0,1.95
3007,1.222,0.0,0.0,0.0,0.0,1.95
3008,1.2225,0.5,0.1,0.0,0.0015,1.95
3009,1.222,0.0,0.0,0.0,0.0,1.95
3010,1.222,0.0,0.0,0.0,0.0,1.95
3011,1.2225,0.5,0.1,0.0,0.0015,1.95
3012,1.2225,0.5,0.1,0.0,0.0015,1.95
3013,1.2225,0.5,0.1,0.0,0.0015,1.95
3014,1.2225,0.5,0.1,0.0,0.0015,1.95
3015,1.2225,0.5,0.1,0.0,0.0015,1.95
3016,1.2225,0.5,0.1,0.0,0.0015,1.95
3017,1.2225,0.5,0.1,0.0,0.0015,1.95
3018,1.222,0.0,0.0,0.0,0.0,1.95
3019,1.222,0.0,0.0,0.0,0.0,1.95
3020,1.222,0.0,0.0,0.0,0.0,1.95
3021,1.222,0.0,0.0,0.0,0.0,1.95
3022,1.222,0.0,0.0,0.0,0.0,1.95
3023,1.2225,0.5,0.1,0.0,0.0015,1.95
3024,1.2225,0.5,0.1,0.0,0.0015,1.95
3025,1.222,0.0,0.0,0.0,0.0,1.95
3026,1.2225,0.5,0.1,0.0,0.0015,1.95
3027,1.2225,0.5,0.1,0.0,0.0015,1.95
3028,1.2225,0.5,0.1,0.0,0.0015,1.95
3029,1.2225,0.5,0.1,0.0,0.0015,1.95
3030,1.222,0.0,0.0,0.0,0.0,1.95
3031,1.2225,0.5,0.1,0.0,0.0015,1.95
3032,1.2225,0.5,0.1,0.0,0.0015,1.95
3033,1.222,0.0,0.0,0.0,0.0,1.95
3034,1.222,0.0,0.0,0.0,0.0,1.95
3035,1.222,0.0,0.0,0.0,0.0,1.95
3036,1.2225,0.5,0.1,0.0,0.0015,1.95
3037,1.222,0.0,0.0,0.0,0.0,1.95
3038,1.2225,0.5,0.1,0.0,0.0015,1.95
3039,1.222,0.0,0.0,0.0,0.0,1.95
3040,1.222,0.0,0.0,0.0,0.0,1.95
3041,1.2225,0.5,0.1,0.0,0.0015,1.95
3042,1.2225,0.5,0.1,0.0,0.0015,1.95
3043,1.2225,0.5,0.1,0.0,0.0015,1.95
3044,1.222,0.0,0.0,0.0,0.0,1.95
3045,1.222,0.0,0.0,0.0,0.0,1.95
3046,1.222,0.0,0.0,0.0,0.0,1.95
3047,1.2225,0.5,0.1,0.0,0.0015,1.95
3048,1.2225,0.5,0.1,0.0,0.0015,1.95
3049,1.2225,0.5,0.1,0.0,0.0015,1.95
3050,1.222,0.0,0.0,0.0,0.0,1.95
3051,1.2225,0.5,0.1,0.0,0.0015,1.95
3052,1.2225,0.5,0.1,0.0,0.0015,1.95
3053,1.222,0.0,0.0,0.0,0.0,1.95
3054,1.222,0.0,0.0,0.0,0.0,1.95
3055,1.2225,0.5,0.1,0.0,0.0015,1.95
3056,1.222,0.0,0.0,0.0,0.0,1.95
3057,1.222,0.0,0.0,0.0,0.0,1.95
3058,1.2225,0.5,0.1,0.0,0.0015,1.95
3059,1.2225,0.5,0.1,0.0,0.0015,1.95
3060,1.2225,0.5,0.1,0.0,0.0015,1.95
3061,1.2225,0.5,0.1,0.0,0.0015,1.95
3062,1.222,0.0,0.0,0.0,0.0,1.95
3063,1.2225,0.5,0.1,0.0,0.0015,1.95
3064,1.222,0.0,0.0,0.0,0.0,1.95
3065,1.222,0.0,0.0,0.0,0.0,1.95
3066,1.2225,0.5,0.1,0.0,0.0015,1.95
3067,1.2225,0.5,0.1,0.0,0.0015,1.95
3068,1.2225,0.5,0.1,0.0,0.0015,1.95
3069,1.2225,0.5,0.1,0.0,0.0015,1.95
3070,1.2225,0.5,0.1,0.0,0.0015,1.95
3071,1.222,0.0,0.0,0.0,0.0,1.95
3072,1.2225,0.5,0.1,0.0,0.0015,1.95
3073,1.222,0.0,0.0,0.0,0.0,1.95
3074,1.2225,0.5,0.1,0.0,0.0015,1.95
3075,1.2225,0.5,0.1,0.0,0.0015,1.95
3076,1.222,0.0,0.0,0.0,0.0,1.95
3077,1.222,0.0,0.0,0.0,0.0,1.95
3078,1.222,0.0,0.0,0.0,0.0,1.95
3079,1.222,0.0,0.0,0.0,0.0,1.95
3080,1.222,0.0,0.0,0.0,0.0,1.95
3081,1.222,0.0,0.0,0.0,0.0,1.95
3082,1.222,0.0,0.0,0.0,0.0,1.95
3083,1.222,0.0,0.0,0.0,0.0,1.95
3084,1.222,0.0,0.0,0.0,0.0,1.95
3085,1.222,0.0,0.0,0.0,0.0,1.95
3086,1.2225,0.5,0.1,0.0,0.0015,1.95
3087,1.222,0.0,0.0,0.0,0.0,1.95
3088,1.222,0.0,0.0,0.0,0.0,1.95
3089,1.222,0.0,0.0,0.0,0.0,1.95
3090,1.222,0.0,0.0,0.0,0.0,1.95
3091,1.222,0.0,0.0,0.0,0.0,1.95
3092,1.2225,0.5,0.1,0.0,0.0015,1.95
3093,1.2225,0.5,0.1,0.0,0.0015,1.95
3094,1.2225,0.5,0.1,0.0,0.0015,1.95
3095,1.222,0.0,0.0,0.0,0.0,1.95
3096,1.222,0.0,0.0,0.0,0.0,1.95
3097,1.2225,0.5,0.1,0.0,0.0015,1.95
3098,1.222,0.0,0.0,0.0,0.0,1.95
3099,1.2225,0.5,0.1,0.0,0.0015,1.95
3100,1.222,0.0,0.0,0.0,0.0,1.95
3101,1.222,0.0,0.0,0.0,0.0,1.95
3102,1.222,0.0,0.0,0.0,0.0,1.95
3103,1.222,0.0,0.0,0.0,0.0,1.95
3104,1.2225,0.5,0.1,0.0,0.0015,1.95
3105,1.2225,0.5,0.1,0.0,0.0015,1.95
3106,1.222,0.0,0.0,0.0,0.0,1.95
3107,1.2225,0.5,0.1,0.0,0.0015,1.95
3108,1.2225,0.5,0.1,0.0,0.0015,1.95
3109,1.222,0.0,0.0,0.0,0.0,1.95
3110,1.222,0.0,0.0,0.0,0.0,1.95
3111,1.222,0.0,0.0,0.0,0.0,1.95
3112,1.2225,0.5,0.1,0.0,0.0015,1.95
3113,1.222,0.0,0.0,0.0,0.0,1.95
3114,1.222,0.0,0.0,0.0,0.0,1.95
3115,1.222,0.0,0.0,0.0,0.0,1.95
3116,1.2225,0.5,0.1,0.0,0.0015,1.95
3117,1.222,0.0,0.0,0.0,0.0,1.95
3118,1.2225,0.5,0.1,0.0,0.0015,1.95
3119,1.2225,0.5,0.1,0.0,0.0015,1.95
3120,1.2225,0.5,0.1,0.0,0.0015,1.95
3121,1.2225,0.5,0.1,0.0,0.0015,1.95
3122,1.222,0.0,0.0,0.0,0.0,1.95
3123,1.2225,0.5,0.1,0.0,0.0015,1.95
3124,1.222,0.0,0.0,0.0,0.0,1.95
3125,1.2225,0.5,0.1,0.0,0.0015,1.95
3126,1.222,0.0,0.0,0.0,0.0,1.95
3127,1.222,0.0,0.0,0.0,0.0,1.95
3128,1.222,0.0,0.0,0.0,0.0,1.95
3129,1.2225,0.5,0.1,0.0,0.0015,1.95
3130,1.222,0.0,0.0,0.0,0.0,1.95
3131,1.2225,0.5,0.1,0.0,0.0015,1.95
3132,1.222,0.0,0.0,0.0,0.0,1.95
3133,1.2225,0.5,0.1,0.0,0.0015,1.95
3134,1.222,0.0,0.0,0.0,0.0,1.95
3135,1.222,0.0,0.0,0.0,0.0,1.95
3136,1.2225,0.5,0.1,0.0,0.0015,1.95
3137,1.2225,0.5,0.1,0.0,0.0015,1.95
3138,1.2225,0.5,0.1,0.0,0.0015,1.95
3139,1.2225,0.5,0.1,0.0,0.0015,1.95
3140,1.222,0.0,0.0,0.0,0.0,1.95
3141,1.222,0.0,0.0,0.0,0.0,1.95
3142,1.222,0.0,0.0,0.0,0.0,1.95
3143,1.222,0.0,0.0,0.0,0.0,1.95
3144,1.222,0.0,0.0,0.0,0.0,1.95
3145,1.2225,0.5,0.1,0.0,0.0015,1.95
3146,1.222,0.0,0.0,0.0,0.0,1.95
3147,1.222,0.0,0.0,0.0,0.0,1.95
3148,1.2225,0.5,0.1,0.0,0.0015,1.95
3149,1.2225,0.5,0.1,0.0,0.0015,1.95
3150,1.222,0.0,0.0,0.0,0.0,1.95
3151,1.2225,0.5,0.1,0.0,0.0015,1.95
3152,1.2225,0.5,0.1,0.0,0.0015,1.95
3153,1.2225,0.5,0.1,0.0,0.0015,1.95
3154,1.2225,0.5,0.1,0.0,0.0015,1.95
3155,1.2225,0.5,0.1,0.0,0.0015,1.95
3156,1.222,0.0,0.0,0.0,0.0,1.95
3157,1.2225,0.5,0.1,0.0,0.0015,1.95
3158,1.2225,0.5,0.1,0.0,0.0015,1.95
3159,1.2225,0.5,0.1,0.0,0.0015,1.95
3160,1.2225,0.5,0.1,0.0,0.0015,1.95
3161,1.2225,0.5,0.1,0.0,0.0015,1.95
3162,1.2225,0.5,0.1,0.0,0.0015,1.95
3163,1.2225,0.5,0.1,0.0,0.0015,1.95
3164,1.2225,0.5,0.1,0.0,0.0015,1.95
3165,1.2225,0.5,0.1,0.0,0.0015,1.95
3166,1.2225,0.5,0.1,0.0,0.0015,1.95
3167,1.222,0.0,0.0,0.0,0.0,1.95
3168,1.222,0.0,0.0,0.0,0.0,1.95
3169,1.222,0.0,0.0,0.0,0.0,1.95
3170,1.2225,0.5,0.1,0.0,0.0015,1.95
3171,1.222,0.0,0.0,0.0,0.0,1.95
3172,1.2225,0.5,0.1,0.0,0.0015,1.95
3173,1.2225,0.5,0.1,0.0,0.0015,1.95
3174,1.222,0.0,0.0,0.0,0.0,1.95
3175,1.2225,0.5,0.1,0.0,0.0015,1.95
3176,1.2225,0.5,0.1,0.0,0.0015,1.95
3177,1.2225,0.5,0.1,0.0,0.0015,1.95
3178,1.2225,0.5,0.1,0.0,0.0015,1.95
3179,1.222,0.0,0.0,0.0,0.0,1.95
3180,1.222,0.0,0.0,0.0,0.0,1.95
3181,1.222,0.0,0.0,0.0,0.0,1.95
3182,1.2225,0.5,0.1,0.0,0.0015,1.95
3183,1.2225,0.5,0.1,0.0,0.0015,1.95
3184,1.222,0.0,0.0,0.0,0.0,1.95
3185,1.2225,0.5,0.1,0.0,0.0015,1.95
3186,1.2225,0.5,0.1,0.0,0.0015,1.95
3187,1.2225,0.5,0.1,0.0,0.0015,1.95
3188,1.222,0.0,0.0,0.0,0.0,1.95
3189,1.222,0.0,0.0,0.0,0.0,1.95
3190,1.222,0.0,0.0,0.0,0.0,1.95
3191,1.2225,0.5,0.1,0.0,0.0015,1.95
3192,1.2225,0.5,0.1,0.0,0.0015,1.95
3193,1.2225,0.5,0.1,0.0,0.0015,1.95
3194,1.222,0.0,0.0,0.0,0.0,1.95
3195,1.2225,0.5,0.1,0.0,0.0015,1.95
3196,1.222,0.0,0.0,0.0,0.0,1.95
3197,1.2225,0.5,0.1,0.0,0.0015,1.95
3198,1.222,0.0,0.0,0.0,0.0,1.95
3199,1.2225,0.5,0.1,0.0,0.0015,1.95
3200,1.2225,0.5,0.1,0.0,0.0015,1.95
3201,1.222,0.0,0.0,0.0,0.0,1.95
3202,1.2225,0.5,0.1,0.0,0.0015,1.95
3203,1.222,0.0,0.0,0.0,0.0,1.95
3204,1.2225,0.5,0.1,0.0,0.0015,1.95
3205,1.2225,0.5,0.1,0.0,0.0015,1.95
3206,1.2225,0.5,0.1,0.0,0.0015,1.95
3207,1.2225,0.5,0.1,0.0,0.0015,1.95
3208,1.2225,0.5,0.1,0.0,0.0015,1.95
3209,1.222,0.0,0.0,0.0,0.0,1.95
3210,1.2225,0.5,0.1,0.0,0.0015,1.95
3211,1.222,0.0,0.0,0.0,0.0,1.95
3212,1.222,0.0,0.0,0.0,0.0,1.95
3213,1.222,0.0,0.0,0.0,0.0,1.95
3214,1.222,0.0,0.0,0.0,0.0,1.95
3215,1.222,0.0,0.0,0.0,0.0,1.95
3216,1.2225,0.5,0.1,0.0,0.0015,1.95
3217,1.222,0.0,0.0,0.0,0.0,1.95
3218,1.2225,0.5,0.1,0.0,0.0015,1.95
3219,1.2225,0.5,0.1,0.0,0.0015,1.95
3220,1.2225,0.5,0.1,0.0,0.0015,1.95
3221,1.2225,0.5,0.1,0.0,0.0015,1.95
3222,1.222,0.0,0.0,0.0,0.0,1.95
3223,1.2225,0.5,0.1,0.0,0.0015,1.95
3224,1.2225,0.5,0.1,0.0,0.0015,1.95
3225,1.222,0.0,0.0,0.0,0.0,1.95
3226,1.222,0.0,0.0,0.0,0.0,1.95
3227,1.2225,0.5,0.1,0.0,0.0015,1.95
3228,1.222,0.0,0.0,0.0,0.0,1.95
3229,1.2225,0.5,0.1,0.0,0.0015,1.95
3230,1.2225,0.5,0.1,0.0,0.0015,1.95
3231,1.222,0.0,0.0,0.0,0.0,1.95
3232,1.222,0.0,0.0,0.0,0.0,1.95
3233,1.222,0.0,0.0,0.0,0.0,1.95
3234,1.222,0.0,0.0,0.0,0.0,1.95
3235,1.222,0.0,0.0,0.0,0.0,1.95
3236,1.2225,0.5,0.1,0.0,0.0015,1.95
3237,1.222,0.0,0.0,0.0,0.0,1.95
3238,1.2225,0.5,0.1,0.0,0.0015,1.95
3239,1.2225,0.5,0.1,0.0,0.0015,1.95
3240,1.2225,0.5,0.1,0.0,0.0015,1.95
3241,1.2225,0.5,0.1,0.0,0.0015,1.95
3242,1.2225,0.5,0.1,0.0,0.0015,1.95
3243,1.2225,0.5,0.1,0.0,0.0015,1.95
3244,1.2225,0.5,0.1,0.0,0.0015,1.95
3245,1.2225,0.5,0.1,0.0,0.0015,1.95
3246,1.222,0.0,0.0,0.0,0.0,1.95
3247,1.2225,0.5,0.1,0.0,0.0015,1.95
3248,1.2225,0.5,0.1,0.0,0.0015,1.95
3249,1.222,0.0,0.0,0.0,0.0,1.95
3250,1.222,0.0,0.0,0.0,0.0,1.95
3251,1.222,0.0,0.0,0.0,0.0,1.95
3252,1.2225,0.5,0.1,0.0,0.0015,1.95
3253,1.2225,0.5,0.1,0.0,0.0015,1.95
3254,1.222,0.0,0.0,0.0,0.0,1.95
3255,1.2225,0.5,0.1,0.0,0.0015,1.95
3256,1.222,0.0,0.0,0.0,0.0,1.95
3257,1.222,0.0,0.0,0.0,0.0,1.95
3258,1.2225,0.5,0.1,0.0,0.0015,1.95
3259,1.2225,0.5,0.1,0.0,0.0015,1.95
3260,1.2225,0.5,0.1,0.0,0.0015,1.95
3261,1.2225,0.5,0.1,0.0,0.0015,1.95
3262,1.2225,0.5,0.1,0.0,0.0015,1.95
3263,1.222,0.0,0.0,0.0,0.0,1.95
3264,1.222,0.0,0.0,0.0,0.0,1.95
3265,1.222,0.0,0.0,0.0,0.0,1.95
3266,1.2225,0.5,0.1,0.0,0.0015,1.95
3267,1.222,0.0,0.0,0.0,0.0,1.95
3268,1.222,0.0,0.0,0.0,0.0,1.95
3269,1.222,0.0,0.0,0.0,0.0,1.95
3270,1.222,0.0,0.0,0.0,0.0,1.95
3271,1.2225,0.5,0.1,0.0,0.0015,1.95
3272,1.222,0.0,0.0,0.0,0.0,1.95
3273,1.2225,0.5,0.1,0.0,0.0015,1.95
3274,1.2225,0.5,0.1,0.0,0.0015,1.95
3275,1.2225,0.5,0.1,0.0,0.0015,1.95
3276,1.222,0.0,0.0,0.0,0.0,1.95
3277,1.2225,0.5,0.1,0.0,0.0015,1.95
3278,1.222,0.0,0.0,0.0,0.0,1.95
3279,1.2225,0.5,0.1,0.0,0.0015,1.95
3280,1.222,0.0,0.0,0.0,0.0,1.95
3281,1.222,0.0,0.0,0.0,0.0,1.95
3282,1.2225,0.5,0.1,0.0,0.0015,1.95
3283,1.222,0.0,0.0,0.0,0.0,1.95
3284,1.2225,0.5,0.1,0.0,0.0015,1.95
3285,1.2225,0.5,0.1,0.0,0.0015,1.95
3286,1.2225,0.5,0.1,0.0,0.0015,1.95
3287,1.222,0.0,0.0,0.0,0.0,1.95
3288,1.2225,0.5,0.1,0.0,0.0015,1.95
3289,1.2225,0.5,0.1,0.0,0.0015,1.95
3290,1.222,0.0,0.0,0.0,0.0,1.95
3291,1.2225,0.5,0.1,0.0,0.0015,1.95
3292,1.222,0.0,0.0,0.0,0.0,1.95
3293,1.222,0.0,0.0,0.0,0.0,1.95
3294,1.222,0.0,0.0,0.0,0.0,1.95
3295,1.2225,0.5,0.1,0.0,0.0015,1.95
3296,1.2225,0.5,0.1,0.0,0.0015,1.95
3297,1.222,0.0,0.0,0.0,0.0,1.95
3298,1.2225,0.5,0.1,0.0,0.0015,1.95
3299,1.2225,0.5,0.1,0.0,0.0015,1.95
3300,1.2225,0.5,0.1,0.0,0.0015,1.95
3301,1.2225,0.5,0.1,0.0,0.0015,1.95
3302,1.222,0.0,0.0,0.0,0.0,1.95
3303,1.2225,0.5,0.1,0.0,0.0015,1.95
3304,1.222,0.0,0.0,0.0,0.0,1.95
3305,1.2225,0.5,0.1,0.0,0.0015,1.95
3306,1.222,0.0,0.0,0.0,0.0,1.95
3307,1.222,0.0,0.0,0.0,0.0,1.95
3308,1.222,0.0,0.0,0.0,0.0,1.95
3309,1.222,0.0,0.0,0.0,0.0,1.95
3310,1.222,0.0,0.0,0.0,0.0,1.95
3311,1.222,0.0,0.0,0.0,0.0,1.95
3312,1.2225,0.5,0.1,0.0,0.0015,1.95
3313,1.2225,0.5,0.1,0.0,0.0015,1.95
3314,1.222,0.0,0.0,0.0,0.0,1.95
3315,1.2225,0.5,0.1,0.0,0.0015,1.95
3316,1.222,0.0,0.0,0.0,0.0,1.95
3317,1.2225,0.5,0.1,0.0,0.0015,1.95
3318,1.2225,0.5,0.1,0.0,0.0015,1.95
3319,1.222,0.0,0.0,0.0,0.0,1.95
3320,1.2225,0.5,0.1,0.0,0.0015,1.95
3321,1.222,0.0,0.0,0.0,0.0,1.95
3322,1.222,0.0,0.0,0.0,0.0,1.95
3323,1.222,0.0,0.0,0.0,0.0,1.95
3324,1.2225,0.5,0.1,0.0,0.0015,1.95
3325,1.2225,0.5,0.1,0.0,0.0015,1.95
3326,1.222,0.0,0.0,0.0,0.0,1.95
3327,1.222,0.0,0.0,0.0,0.0,1.95
3328,1.2225,0.5,0.1,0.0,0.0015,1.95
3329,1.2225,0.5,0.1,0.0,0.0015,1.95
3330,1.222,0.0,0.0,0.0,0.0,1.95
3331,1.222,0.0,0.0,0.0,0.0,1.95
3332,1.222,0.0,0.0,0.0,0.0,1.95
3333,1.222,0.0,0.0,0.0,0.0,1.95
3334,1.222,0.0,0.0,0.0,0.0,1.95
3335,1.222,0.0,0.0,0.0,0.0,1.95
3336,1.222,0.0,0.0,0.0,0.0,1.95
3337,1.2225,0.5,0.1,0.0,0.0015,1.95
3338,1.222,0.0,0.0,0.0,0.0,1.95
3339,1.222,0.0,0.0,0.0,0.0,1.95
3340,1.2225,0.5,0.1,0.0,0.0015,1.95
3341,1.2225,0.5,0.1,0.0,0.0015,1.95
3342,1.222,0.0,0.0,0.0,0.0,1.95
3343,1.2225,0.5,0.1,0.0,0.0015,1.95
3344,1.222,0.0,0.0,0.0,0.0,1.95
3345,1.2225,0.5,0.1,0.0,0.0015,1.95
3346,1.222,0.0,0.0,0.0,0.0,1.95
3347,1.222,0.0,0.0,0.0,0.0,1.95
3348,1.2225,0.5,0.1,0.0,0.0015,1.95
3349,1.2225,0.5,0.1,0.0,0.0015,1.95
3350,1.222,0.0,0.0,0.0,0.0,1.95
3351,1.222,0.0,0.0,0.0,0.0,1.95
3352,1.222,0.0,0.0,0.0,0.0,1.95
3353,1.222,0.0,0.0,0.0,0.0,1.95
3354,1.222,0.0,0.0,0.0,0.0,1.95
3355,1.222,0.0,0.0,0.0,0.0,1.95
3356,1.2225,0.5,0.1,0.0,0.0015,1.95
3357,1.2225,0.5,0.1,0.0,0.0015,1.95
3358,1.222,0.0,0.0,0.0,0.0,1.95
3359,1.222,0.0,0.0,0.0,0.0,1.95
3360,1.2225,0.5,0.1,0.0,0.0015,1.95
3361,1.222,0.0,0.0,0.0,0.0,1.95
3362,1.222,0.0,0.0,0.0,0.0,1.95
3363,1.222,0.0,0.0,0.0,0.0,1.95
3364,1.2225,0.5,0.1,0.0,0.0015,1.95
3365,1.2225,0.5,0.1,0.0,0.0015,1.95
3366,1.2225,0.5,0.1,0.0,0.0015,1.95
3367,1.222,0.0,0.0,0.0,0.0,1.95
3368,1.222,0.0,0.0,0.0,0.0,1.95
3369,1.222,0.0,0.0,0.0,0.0,1.95
3370,1.2225,0.5,0.1,0.0,0.0015,1.95
3371,1.222,0.0,0.0,0.0,0.0,1.95
3372,1.222,0.0,0.0,0.0,0.0,1.95
3373,1.2225,0.5,0.1,0.0,0.0015,1.95
3374,1.222,0.0,0.0,0.0,0.0,1.95
3375,1.2225,0.5,0.1,0.0,0.0015,1.95
3376,1.222,0.0,0.0,0.0,0.0,1.95
3377,1.222,0.0,0.0,0.0,0.0,1.95
3378,1.2225,0.5,0.1,0.0,0.0015,1.95
3379,1.222,0.0,0.0,0.0,0.0,1.95
3380,1.2225,0.5,0.1,0.0,0.0015,1.95
3381,1.222,0.0,0.0,0.0,0.0,1.95
3382,1.222,0.0,0.0,0.0,0.0,1.95
3383,1.222,0.0,0.0,0.0,0.0,1.95
3384,1.2225,0.5,0.1,0.0,0.0015,1.95
3385,1.2225,0.5,0.1,0.0,0.0015,1.95
3386,1.2225,0.5,0.1,0.0,0.0015,1.95
3387,1.2225,0.5,0.1,0.0,0.0015,1.95
3388,1.2225,0.5,0.1,0.0,0.0015,1.95
3389,1.2225,0.5,0.1,0.0,0.0015,1.95
3390,1.222,0.0,0.0,0.0,0.0,1.95
3391,1.2225,0.5,0.1,0.0,0.0015,1.95
3392,1.222,0.0,0.0,0.0,0.0,1.95
3393,1.222,0.0,0.0,0.0,0.0,1.95
3394,1.2225,0.5,0.1,0.0,0.0015,1.95
3395,1.2225,0.5,0.1,0.0,0.0015,1.95
3396,1.222,0.0,0.0,0.0,0.0,1.95
3397,1.222,0.0,0.0,0.0,0.0,1.95
3398,1.2225,0.5,0.1,0.0,0.0015,1.95
3399,1.2225,0.5,0.1,0.0,0.0015,1.95
3400,1.2225,0.5,0.1,0.0,0.0015,1.95
3401,1.222,0.0,0.0,0.0,0.0,1.95
3402,1.2225,0.5,0.1,0.0,0.0015,1.95
3403,1.2225,0.5,0.1,0.0,0.0015,1.95
3404,1.2225,0.5,0.1,0.0,0.0015,1.95
3405,1.222,0.0,0.0,0.0,0.0,1.95
3406,1.2225,0.5,0.1,0.0,0.0015,1.95
3407,1.222,0.0,0.0,0.0,0.0,1.95
3408,1.222,0.0,0.0,0.0,0.0,1.95
3409,1.2225,0.5,0.1,0.0,0.0015,1.95
3410,1.222,0.0,0.0,0.0,0.0,1.95
3411,1.2225,0.5,0.1,0.0,0.0015,1.95
3412,1.2225,0.5,0.1,0.0,0.0015,1.95
3413,1.2225,0.5,0.1,0.0,0.0015,1.95
3414,1.2225,0.5,0.1,0.0,0.0015,1.95
3415,1.222,0.0,0.0,0.0,0.0,1.95
3416,1.222,0.0,0.0,0.0,0.0,1.95
3417,1.222,0.0,0.0,0.0,0.0,1.95
3418,1.2225,0.5,0.1,0.0,0.0015,1.95
3419,1.2225,0.5,0.1,0.0,0.0015,1.95
3420,1.222,0.0,0.0,0.0,0.0,1.95
3421,1.222,0.0,0.0,0.0,0.0,1.95
3422,1.2225,0.5,0.1,0.0,0.0015,1.95
3423,1.222,0.0,0.0,0.0,0.0,1.95
3424,1.222,0.0,0.0,0.0,0.0,1.95
3425,1.222,0.0,0.0,0.0,0.0,1.95
3426,1.222,0.0,0.0,0.0,0.0,1.95
3427,1.222,0.0,0.0,0.0,0.0,1.95
3428,1.222,0.0,0.0,0.0,0.0,1.95
3429,1.222,0.0,0.0,0.0,0.0,1.95
3430,1.222,0.0,0.0,0.0,0.0,1.95
3431,1.2225,0.5,0.1,0.0,0.0015,1.95
3432,1.222,0.0,0.0,0.0,0.0,1.95
3433,1.222,0.0,0.0,0.0,0.0,1.95
3434,1.222,0.0,0.0,0.0,0.0,1.95
3435,1.222,0.0,0.0,0.0,0.0,1.95
3436,1.222,0.0,0.0,0.0,0.0,1.95
3437,1.2225,0.5,0.1,0.0,0.0015,1.95
3438,1.2225,0.5,0.1,0.0,0.0015,1.95
3439,1.2225,0.5,0.1,0.0,0.0015,1.95
3440,1.222,0.0,0.0,0.0,0.0,1.95
3441,1.2225,0.5,0.1,0.0,0.0015,1.95
3442,1.222,0.0,0.0,0.0,0.0,1.95
3443,1.2225,0.5,0.1,0.0,0.0015,1.95
3444,1.2225,0.5,0.1,0.0,0.0015,1.95
3445,1.222,0.0,0.0,0.0,0.0,1.95
3446,1.2225,0.5,0.1,0.0,0.0015,1.95
3447,1.222,0.0,0.0,0.0,0.0,1.95
3448,1.222,0.0,0.0,0.0,0.0,1.95
3449,1.222,0.0,0.0,0.0,0.0,1.95
3450,1.2225,0.5,0.1,0.0,0.0015,1.95
3451,1.222,0.0,0.0,0.0,0.0,1.95
3452,1.2225,0.5,0.1,0.0,0.0015,1.95
3453,1.222,0.0,0.0,0.0,0.0,1.95
3454,1.2225,0.5,0.1,0.0,0.0015,1.95
3455,1.2225,0.5,0.1,0.0,0.0015,1.95
3456,1.2225,0.5,0.1,0.0,0.0015,1.95
3457,1.222,0.0,0.0,0.0,0.0,1.95
3458,1.2225,0.5,0.1,0.0,0.0015,1.95
3459,1.222,0.0,0.0,0.0,0.0,1.95
3460,1.222,0.0,0.0,0.0,0.0,1.95
3461,1.222,0.0,0.0,0.0,0.0,1.95
3462,1.2225,0.5,0.1,0.0,0.0015,1.95
3463,1.222,0.0,0.0,0.0,0.0,1.95
3464,1.2225,0.5,0.1,0.0,0.0015,1.95
3465,1.2225,0.5,0.1,0.0,0.0015,1.95
3466,1.2225,0.5,0.1,0.0,0.0015,1.95
3467,1.222,0.0,0.0,0.0,0.0,1.95
3468,1.222,0.0,0.0,0.0,0.0,1.95
3469,1.2225,0.5,0.1,0.0,0.0015,1.95
3470,1.222,0.0,0.0,0.0,0.0,1.95
3471,1.222,0.0,0.0,0.0,0.0,1.95
3472,1.222,0.0,0.0,0.0,0.0,1.95
3473,1.222,0.0,0.0,0.0,0.0,1.95
3474,1.2225,0.5,0.1,0.0,0.0015,1.95
3475,1.222,0.0,0.0,0.0,0.0,1.95
3476,1.222,0.0,0.0,0.0,0.0,1.95
3477,1.2225,0.5,0.1,0.0,0.0015,1.95
3478,1.2225,0.5,0.1,0.0,0.0015,1.95
3479,1.222,0.0,0.0,0.0,0.0,1.95
3480,1.2225,0.5,0.1,0.0,0.0015,1.95
3481,1.222,0.0,0.0,0.0,0.0,1.95
3482,1.222,0.0,0.0,0.0,0.0,1.95
3483,1.222,0.0,0.0,0.0,0.0,1.95
3484,1.2225,0.5,0.1,0.0,0.0015,1.95
3485,1.222,0.0,0.0,0.0,0.0,1.95
3486,1.222,0.0,0.0,0.0,0.0,1.95
3487,1.222,0.0,0.0,0.0,0.0,1.95
3488,1.2225,0.5,0.1,0.0,0.0015,1.95
3489,1.2225,0.5,0.1,0.0,0.0015,1.95
3490,1.222,0.0,0.0,0.0,0.0,1.95
3491,1.2225,0.5,0.1,0.0,0.0015,1.95
3492,1.222,0.0,0.0,0.0,0.0,1.95
3493,1.2225,0.5,0.1,0.0,0.0015,1.95
3494,1.2225,0.5,0.1,0.0,0.0015,1.95
3495,1.2225,0.5,0.1,0.0,0.0015,1.95
3496,1.2225,0.5,0.1,0.0,0.0015,1.95
3497,1.222,0.0,0.0,0.0,0.0,1.95
3498,1.2225,0.5,0.1,0.0,0.0015,1.95
3499,1.222,0.0,0.0,0.0,0.0,1.95
3500,1.222,0.0,0.0,0.0,0.0,1.95
3501,1.2225,0.5,0.1,0.0,0.0015,1.95
3502,1.222,0.0,0.0,0.0,0.0,1.95
3503,1.2225,0.5,0.1,0.0,0.0015,1.95
3504,1.2225,0.5,0.1,0.0,0.0015,1.95
3505,1.2225,0.5,0.1,0.0,0.0015,1.95
3506,1.222,0.0,0.0,0.0,0.0,1.95
3507,1.222,0.0,0.0,0.0,0.0,1.95
3508,1.222,0.0,0.0,0.0,0.0,1.95
3509,1.2225,0.5,0.1,0.0,0.0015,1.95
3510,1.2225,0.5,0.1,0.0,0.0015,1.95
3511,1.2225,0.5,0.1,0.0,0.0015,1.95
3512,1.222,0.0,0.0,0.0,0.0,1.95
3513,1.222,0.0,0.0,0.0,0.0,1.95
3514,1.2225,0.5,0.1,0.0,0.0015,1.95
3515,1.222,0.0,0.0,0.0,0.0,1.95
3516,1.2225,0.5,0.1,0.0,0.0015,1.95
3517,1.222,0.0,0.0,0.0,0.0,1.95
3518,1.2225,0.5,0.1,0.0,0.0015,1.95
3519,1.222,0.0,0.0,0.0,0.0,1.95
3520,1.222,0.0,0.0,0.0,0.0,1.95
3521,1.2225,0.5,0.1,0.0,0.0015,1.95
3522,1.222,0.0,0.0,0.0,0.0,1.95
3523,1.2225,0.5,0.1,0.0,0.0015,1.95
3524,1.2225,0.5,0.1,0.0,0.0015,1.95
3525,1.2225,0.5,0.1,0.0,0.0015,1.95
3526,1.2225,0.5,0.1,0.0,0.0015,1.95
3527,1.222,0.0,0.0,0.0,0.0,1.95
3528,1.222,0.0,0.0,0.0,0.0,1.95
3529,1.222,0.0,0.0,0.0,0.0,1.95
3530,1.222,0.0,0.0,0.0,0.0,1.95
3531,1.2225,0.5,0.1,0.0,0.0015,1.95
3532,1.222,0.0,0.0,0.0,0.0,1.95
3533,1.222,0.0,0.0,0.0,0.0,1.95
3534,1.2225,0.5,0.1,0.0,0.0015,1.95
3535,1.2225,0.5,0.1,0.0,0.0015,1.95
3536,1.222,0.0,0.0,0.0,0.0,1.95
3537,1.2225,0.5,0.1,0.0,0.0015,1.95
3538,1.2225,0.5,0.1,0.0,0.0015,1.95
3539,1.2225,0.5,0.1,0.0,0.0015,1.95
3540,1.2225,0.5,0.1,0.0,0.0015,1.95
3541,1.2225,0.5,0.1,0.0,0.0015,1.95
3542,1.222,0.0,0.0,0.0,0.0,1.95
3543,1.222,0.0,0.0,0.0,0.0,1.95
3544,1.222,0.0,0.0,0.0,0.0,1.95
3545,1.2225,0.5,0.1,0.0,0.0015,1.95
3546,1.2225,0.5,0.1,0.0,0.0015,1.95
3547,1.2225,0.5,0.1,0.0,0.0015,1.95
3548,1.222,0.0,0.0,0.0,0.0,1.95
3549,1.2225,0.5,0.1,0.0,0.0015,1.95
3550,1.222,0.0,0.0,0.0,0.0,1.95
3551,1.222,0.0,0.0,0.0,0.0,1.95
3552,1.222,0.0,0.0,0.0,0.0,1.95
3553,1.2225,0.5,0.1,0.0,0.0015,1.95
3554,1.2225,0.5,0.1,0.0,0.0015,1.95
3555,1.2225,0.5,0.1,0.0,0.0015,1.95
3556,1.222,0.0,0.0,0.0,0.0,1.95
3557,1.222,0.0,0.0,0.0,0.0,1.95
3558,1.222,0.0,0.0,0.0,0.0,1.95
3559,1.222,0.0,0.0,0.0,0.0,1.95
3560,1.2225,0.5,0.1,0.0,0.0015,1.95
3561,1.222,0.0,0.0,0.0,0.0,1.95
3562,1.2225,0.5,0.1,0.0,0.0015,1.95
3563,1.2225,0.5,0.1,0.0,0.0015,1.95
3564,1.222,0.0,0.0,0.0,0.0,1.95
3565,1.222,0.0,0.0,0.0,0.0,1.95
3566,1.222,0.0,0.0,0.0,0.0,1.95
3567,1.222,0.0,0.0,0.0,0.0,1.95
3568,1.222,0.0,0.0,0.0,0.0,1.95
3569,1.222,0.0,0.0,0.0,0.0,1.95
3570,1.222,0.0,0.0,0.0,0.0,1.95
3571,1.222,0.0,0.0,0.0,0.0,1.95
3572,1.2225,0.5,0.1,0.0,0.0015,1.95
3573,1.222,0.0,0.0,0.0,0.0,1.95
3574,1.2225,0.5,0.1,0.0,0.0015,1.95
3575,1.2225,0.5,0.1,0.0,0.0015,1.95
3576,1.2225,0.5,0.1,0.0,0.0015,1.95
3577,1.222,0.0,0.0,0.0,0.0,1.95
3578,1.2225,0.5,0.1,0.0,0.0015,1.95
3579,1.222,0.0,0.0,0.0,0.0,1.95
3580,1.2225,0.5,0.1,0.0,0.0015,1.95
3581,1.222,0.0,0.0,0.0,0.0,1.95
3582,1.2225,0.5,0.1,0.0,0.0015,1.95
3583,1.222,0.0,0.0,0.0,0.0,1.95
3584,1.222,0.0,0.0,0.0,0.0,1.95
3585,1.222,0.0,0.0,0.0,0.0,1.95
3586,1.222,0.0,0.0,0.0,0.0,1.95
3587,1.2225,0.5,0.1,0.0,0.0015,1.95
3588,1.2225,0.5,0.1,0.0,0.0015,1.95
3589,1.222,0.0,0.0,0.0,0.0,1.95
3590,1.2225,0.5,0.1,0.0,0.0015,1.95
3591,1.222,0.0,0.0,0.0,0.0,1.95
3592,1.222,0.0,0.0,0.0,0.0,1.95
3593,1.222,0.0,0.0,0.0,0.0,1.95
3594,1.2225,0.5,0.1,0.0,0.0015,1.95
3595,1.2225,0.5,0.1,0.0,0.0015,1.95
3596,1.222,0.0,0.0,0.0,0.0,1.95
3597,1.222,0.0,0.0,0.0,0.0,1.95
3598,1.2225,0.5,0.1,0.0,0.0015,1.95
3599,1.2225,0.5,0.1,0.0,0.0015,1.95
3600,1.222,0.0,0.0,0.0,0.0,1.95
3601,1.2225,0.5,0.1,0.0,0.0015,1.95
3602,1.222,0.0,0.0,0.0,0.0,1.95
3603,1.222,0.0,0.0,0.0,0.0,1.95
3604,1.222,0.0,0.0,0.0,0.0,1.95
3605,1.2225,0.5,0.1,0.0,0.0015,1.95
3606,1.2225,0.5,0.1,0.0,0.0015,1.95
3607,1.222,0.0,0.0,0.0,0.0,1.95
3608,1.222,0.0,0.0,0.0,0.0,1.95
3609,1.222,0.0,0.0,0.0,0.0,1.95
3610,1.222,0.0,0.0,0.0,0.0,1.95
3611,1.222,0.0,0.0,0.0,0.0,1.95
3612,1.222,0.0,0.0,0.0,0.0,1.95
3613,1.222,0.0,0.0,0.0,0.0,1.95
3614,1.222,0.0,0.0,0.0,0.0,1.95
3615,1.222,0.0,0.0,0.0,0.0,1.95
3616,1.2225,0.5,0.1,0.0,0.0015,1.95
3617,1.2225,0.5,0.1,0.0,0.0015,1.95
3618,1.222,0.0,0.0,0.0,0.0,1.95
3619,1.222,0.0,0.0,0.0,0.0,1.95
3620,1.222,0.0,0.0,0.0,0.0,1.95
3621,1.2225,0.5,0.1,0.0,0.0015,1.95
3622,1.222,0.0,0.0,0.0,0.0,1.95
3623,1.2225,0.5,0.1,0.0,0.0015,1.95
3624,1.2225,0.5,0.1,0.0,0.0015,1.95
3625,1.2225,0.5,0.1,0.0,0.0015,1.95
3626,1.2225,0.5,0.1,0.0,0.0015,1.95
3627,1.2225,0.5,0.1,0.0,0.0015,1.95
3628,1.222,0.0,0.0,0.0,0.0,1.95
3629,1.222,0.0,0.0,0.0,0.0,1.95
3630,1.2225,0.5,0.1,0.0,0.0015,1.95
3631,1.2225,0.5,0.1,0.0,0.0015,1.95
3632,1.2225,0.5,0.1,0.0,0.0015,1.95
3633,1.222,0.0,0.0,0.0,0.0,1.95
3634,1.2225,0.5,0.1,0.0,0.0015,1.95
3635,1.2225,0.5,0.1,0.0,0.0015,1.95
3636,1.2225,0.5,0.1,0.0,0.0015,1.95
3637,1.2225,0.5,0.1,0.0,0.0015,1.95
3638,1.222,0.0,0.0,0.0,0.0,1.95
3639,1.2225,0.5,0.1,0.0,0.0015,1.95
3640,1.2225,0.5,0.1,0.0,0.0015,1.95
3641,1.2225,0.5,0.1,0.0,0.0015,1.95
3642,1.2225,0.5,0.1,0.0,0.0015,1.95
3643,1.222,0.0,0.0,0.0,0.0,1.95
3644,1.222,0.0,0.0,0.0,0.0,1.95
3645,1.2225,0.5,0.1,0.0,0.0015,1.95
3646,1.222,0.0,0.0,0.0,0.0,1.95
3647,1.2225,0.5,0.1,0.0,0.0015,1.95
3648,1.2225,0.5,0.1,0.0,0.0015,1.95
3649,1.2225,0.5,0.1,0.0,0.0015,1.95
3650,1.2225,0.5,0.1,0.0,0.0015,1.95
3651,1.222,0.0,0.0,0.0,0.0,1.95
3652,1.222,0.0,0.0,0.0,0.0,1.95
3653,1.222,0.0,0.0,0.0,0.0,1.95
3654,1.2225,0.5,0.1,0.0,0.0015,1.95
3655,1.2225,0.5,0.1,0.0,0.0015,1.95
3656,1.222,0.0,0.0,0.0,0.0,1.95
3657,1.2225,0.5,0.1,0.0,0.0015,1.95
3658,1.2225,0.5,0.1,0.0,0.0015,1.95
3659,1.222,0.0,0.0,0.0,0.0,1.95
3660,1.222,0.0,0.0,0.0,0.0,1.95
3661,1.2225,0.5,0.1,0.0,0.0015,1.95
3662,1.222,0.0,0.0,0.0,0.0,1.95
3663,1.2225,0.5,0.1,0.0,0.0015,1.95
3664,1.222,0.0,0.0,0.0,0.0,1.95
3665,1.222,0.0,0.0,0.0,0.0,1.95
3666,1.222,0.0,0.0,0.0,0.0,1.95
3667,1.222,0.0,0.0,0.0,0.0,1.95
3668,1.2225,0.5,0.1,0.0,0.0015,1.95
3669,1.2225,0.5,0.1,0.0,0.0015,1.95
3670,1.2225,0.5,0.1,0.0,0.0015,1.95
3671,1.2225,0.5,0.1,0.0,0.0015,1.95
3672,1.2225,0.5,0.1,0.0,0.0015,1.95
3673,1.2225,0.5,0.1,0.0,0.0015,1.95
3674,1.222,0.0,0.0,0.0,0.0,1.95
3675,1.222,0.0,0.0,0.0,0.0,1.95
3676,1.222,0.0,0.0,0.0,0.0,1.95
3677,1.2225,0.5,0.1,0.0,0.0015,1.95
3678,1.2225,0.5,0.1,0.0,0.0015,1.95
3679,1.222,0.0,0.0,0.0,0.0,1.95
3680,1.222,0.0,0.0,0.0,0.0,1.95
3681,1.222,0.0,0.0,0.0,0.0,1.95
3682,1.2225,0.5,0.1,0.0,0.0015,1.95
3683,1.2225,0.5,0.1,0.0,0.0015,1.95
3684,1.222,0.0,0.0,0.0,0.0,1.95
3685,1.222,0.0,0.0,0.0,0.0,1.95
3686,1.2225,0.5,0.1,0.0,0.0015,1.95
3687,1.222,0.0,0.0,0.0,0.0,1.95
3688,1.2225,0.5,0.1,0.0,0.0015,1.95
3689,1.222,0.0,0.0,0.0,0.0,1.95
3690,1.222,0.0,0.0,0.0,0.0,1.95
3691,1.2225,0.5,0.1,0.0,0.0015,1.95
3692,1.222,0.0,0.0,0.0,0.0,1.95
3693,1.222,0.0,0.0,0.0,0.0,1.95
3694,1.222,0.0,0.0,0.0,0.0,1.95
3695,1.2225,0.5,0.1,0.0,0.0015,1.95
3696,1.2225,0.5,0.1,0.0,0.0015,1.95
3697,1.2225,0.5,0.1,0.0,0.0015,1.95
3698,1.2225,0.5,0.1,0.0,0.0015,1.95
3699,1.2225,0.5,0.1,0.0,0.0015,1.95
3700,1.2225,0.5,0.1,0.0,0.0015,1.95
3701,1.222,0.0,0.0,0.0,0.0,1.95
3702,1.222,0.0,0.0,0.0,0.0,1.95
3703,1.2225,0.5,0.1,0.0,0.0015,1.95
3704,1.222,0.0,0.0,0.0,0.0,1.95
3705,1.222,0.0,0.0,0.0,0.0,1.95
3706,1.2225,0.5,0.1,0.0,0.0015,1.95
3707,1.222,0.0,0.0,0.0,0.0,1.95
3708,1.2225,0.5,0.1,0.0,0.0015,1.95
3709,1.2225,0.5,0.1,0.0,0.0015,1.95
3710,1.222,0.0,0.0,0.0,0.0,1.95
3711,1.222,0.0,0.0,0.0,0.0,1.95
3712,1.2225,0.5,0.1,0.0,0.0015,1.95
3713,1.222,0.0,0.0,0.0,0.0,1.95
3714,1.222,0.0,0.0,0.0,0.0,1.95
3715,1.222,0.0,0.0,0.0,0.0,1.95
3716,1.2225,0.5,0.1,0.0,0.0015,1.95
3717,1.222,0.0,0.0,0.0,0.0,1.95
3718,1.2225,0.5,0.1,0.0,0.0015,1.95
3719,1.2225,0.5,0.1,0.0,0.0015,1.95
3720,1.222,0.0,0.0,0.0,0.0,1.95
3721,1.222,0.0,0.0,0.0,0.0,1.95
3722,1.2225,0.5,0.1,0.0,0.0015,1.95
3723,1.2225,0.5,0.1,0.0,0.0015,1.95
3724,1.222,0.0,0.0,0.0,0.0,1.95
3725,1.222,0.0,0.0,0.0,0.0,1.95
3726,1.222,0.0,0.0,0.0,0.0,1.95
3727,1.2225,0.5,0.1,0.0,0.0015,1.95
3728,1.2225,0.5,0.1,0.0,0.0015,1.95
3729,1.2225,0.5,0.1,0.0,0.0015,1.95
3730,1.222,0.0,0.0,0.0,0.0,1.95
3731,1.222,0.0,0.0,0.0,0.0,1.95
3732,1.222,0.0,0.0,0.0,0.0,1.95
3733,1.2225,0.5,0.1,0.0,0.0015,1.95
3734,1.2225,0.5,0.1,0.0,0.0015,1.95
3735,1.2225,0.5,0.1,0.0,0.0015,1.95
3736,1.222,0.0,0.0,0.0,0.0,1.95
3737,1.222,0.0,0.0,0.0,0.0,1.95
3738,1.222,0.0,0.0,0.0,0.0,1.95
3739,1.2225,0.5,0.1,0.0,0.0015,1.95
3740,1.2225,0.5,0.1,0.0,0.0015,1.95
3741,1.222,0.0,0.0,0.0,0.0,1.95
3742,1.2225,0.5,0.1,0.0,0.0015,1.95
3743,1.2225,0.5,0.1,0.0,0.0015,1.95
3744,1.2225,0.5,0.1,0.0,0.0015,1.95
3745,1.222,0.0,0.0,0.0,0.0,1.95
3746,1.222,0.0,0.0,0.0,0.0,1.95
3747,1.2225,0.5,0.1,0.0,0.0015,1.95
3748,1.222,0.0,0.0,0.0,0.0,1.95
3749,1.222,0.0,0.0,0.0,0.0,1.95
3750,1.2225,0.5,0.1,0.0,0.0015,1.95
3751,1.222,0.0,0.0,0.0,0.0,1.95
3752,1.222,0.0,0.0,0.0,0.0,1.95
3753,1.222,0.0,0.0,0.0,0.0,1.95
3754,1.2225,0.5,0.1,0.0,0.0015,1.95
3755,1.222,0.0,0.0,0.0,0.0,1.95
3756,1.222,0.0,0.0,0.0,0.0,1.95
3757,1.2225,0.5,0.1,0.0,0.0015,1.95
3758,1.2225,0.5,0.1,0.0,0.0015,1.95
3759,1.222,0.0,0.0,0.0,0.0,1.95
3760,1.2225,0.5,0.1,0.0,0.0015,1.95
3761,1.222,0.0,0.0,0.0,0.0,1.95
3762,1.222,0.0,0.0,0.0,0.0,1.95
3763,1.222,0.0,0.0,0.0,0.0,1.95
3764,1.222,0.0,0.0,0.0,0.0,1.95
3765,1.222,0.0,0.0,0.0,0.0,1.95
3766,1.2225,0.5,0.1,0.0,0.0015,1.95
3767,1.222,0.0,0.0,0.0,0.0,1.95
3768,1.2225,0.5,0.1,0.0,0.0015,1.95
3769,1.2225,0.5,0.1,0.0,0.0015,1.95
3770,1.222,0.0,0.0,0.0,0.0,1.95
3771,1.2225,0.5,0.1,0.0,0.0015,1.95
3772,1.2225,0.5,0.1,0.0,0.0015,1.95
3773,1.222,0.0,0.0,0.0,0.0,1.95
3774,1.222,0.0,0.0,0.0,0.0,1.95
3775,1.222,0.0,0.0,0.0,0.0,1.95
3776,1.2225,0.5,0.1,0.0,0.0015,1.95
3777,1.2225,0.5,0.1,0.0,0.0015,1.95
3778,1.2225,0.5,0.1,0.0,0.0015,1.95
3779,1.222,0.0,0.0,0.0,0.0,1.95
3780,1.2225,0.5,0.1,0.0,0.0015,1.95
3781,1.222,0.0,0.0,0.0,0.0,1.95
3782,1.222,0.0,0.0,0.0,0.0,1.95
3783,1.2225,0.5,0.1,0.0,0.0015,1.95
3784,1.2225,0.5,0.1,0.0,0.0015,1.95
3785,1.222,0.0,0.0,0.0,0.0,1.95
3786,1.222,0.0,0.0,0.0,0.0,1.95
3787,1.222,0.0,0.0,0.0,0.0,1.95
3788,1.222,0.0,0.0,0.0,0.0,1.95
3789,1.2225,0.5,0.1,0.0,0.0015,1.95
3790,1.2225,0.5,0.1,0.0,0.0015,1.95
3791,1.2225,0.5,0.1,0.0,0.0015,1.95
3792,1.222,0.0,0.0,0.0,0.0,1.95
3793,1.2225,0.5,0.1,0.0,0.0015,1.95
3794,1.2225,0.5,0.1,0.0,0.0015,1.95
3795,1.222,0.0,0.0,0.0,0.0,1.95
3796,1.2225,0.5,0.1,0.0,0.0015,1.95
3797,1.222,0.0,0.0,0.0,0.0,1.95
3798,1.222,0.0,0.0,0.0,0.0,1.95
3799,1.222,0.0,0.0,0.0,0.0,1.95
3800,1.2225,0.5,0.1,0.0,0.0015,1.95
3801,1.222,0.0,0.0,0.0,0.0,1.95
3802,1.222,0.0,0.0,0.0,0.0,1.95
3803,1.222,0.0,0.0,0.0,0.0,1.95
3804,1.2225,0.5,0.1,0.0,0.0015,1.95
3805,1.2225,0.5,0.1,0.0,0.0015,1.95
3806,1.2225,0.5,0.1,0.0,0.0015,1.95
3807,1.2225,0.5,0.1,0.0,0.0015,1.95
3808,1.2225,0.5,0.1,0.0,0.0015,1.95
3809,1.2225,0.5,0.1,0.0,0.0015,1.95
3810,1.2225,0.5,0.1,0.0,0.0015,1.95
3811,1.222,0.0,0.0,0.0,0.0,1.95
3812,1.222,0.0,0.0,0.0,0.0,1.95
3813,1.2225,0.5,0.1,0.0,0.0015,1.95
3814,1.2225,0.5,0.1,0.0,0.0015,1.95
3815,1.222,0.0,0.0,0.0,0.0,1.95
3816,1.222,0.0,0.0,0.0,0.0,1.95
3817,1.222,0.0,0.0,0.0,0.0,1.95
3818,1.2225,0.5,0.1,0.0,0.0015,1.95
3819,1.222,0.0,0.0,0.0,0.0,1.95
3820,1.222,0.0,0.0,0.0,0.0,1.95
3821,1.2225,0.5,0.1,0.0,0.0015,1.95
3822,1.222,0.0,0.0,0.0,0.0,1.95
3823,1.222,0.0,0.0,0.0,0.0,1.95
3824,1.2225,0.5,0.1,0.0,0.0015,1.95
3825,1.2225,0.5,0.1,0.0,0.0015,1.95
3826,1.222,0.0,0.0,0.0,0.0,1.95
3827,1.2225,0.5,0.1,0.0,0.0015,1.95
3828,1.222,0.0,0.0,0.0,0.0,1.95
3829,1.222,0.0,0.0,0.0,0.0,1.95
3830,1.2225,0.5,0.1,0.0,0.0015,1.95
3831,1.222,0.0,0.0,0.0,0.0,1.95
3832,1.222,0.0,0.0,0.0,0.0,1.95
3833,1.222,0.0,0.0,0.0,0.0,1.95
3834,1.222,0.0,0.0,0.0,0.0,1.95
3835,1.2225,0.5,0.1,0.0,0.0015,1.95
3836,1.222,0.0,0.0,0.0,0.0,1.95
3837,1.222,0.0,0.0,0.0,0.0,1.95
3838,1.222,0.0,0.0,0.0,0.0,1.95
3839,1.222,0.0,0.0,0.0,0.0,1.95
3840,1.222,0.0,0.0,0.0,0.0,1.95
3841,1.2225,0.5,0.1,0.0,0.0015,1.95
3842,1.2225,0.5,0.1,0.0,0.0015,1.95
3843,1.222,0.0,0.0,0.0,0.0,1.95
3844,1.222,0.0,0.0,0.0,0.0,1.95
3845,1.222,0.0,0.0,0.0,0.0,1.95
3846,1.222,0.0,0.0,0.0,0.0,1.95
3847,1.222,0.0,0.0,0.0,0.0,1.95
3848,1.2225,0.5,0.1,0.0,0.0015,1.95
3849,1.222,0.0,0.0,0.0,0.0,1.95
3850,1.2225,0.5,0.1,0.0,0.0015,1.95
3851,1.222,0.0,0.0,0.0,0.0,1.95
3852,1.222,0.0,0.0,0.0,0.0,1.95
3853,1.2225,0.5,0.1,0.0,0.0015,1.95
3854,1.222,0.0,0.0,0.0,0.0,1.95
3855,1.222,0.0,0.0,0.0,0.0,1.95
3856,1.2225,0.5,0.1,0.0,0.0015,1.95
3857,1.2225,0.5,0.1,0.0,0.0015,1.95
3858,1.222,0.0,0.0,0.0,0.0,1.95
3859,1.222,0.0,0.0,0.0,0.0,1.95
3860,1.2225,0.5,0.1,0.0,0.0015,1.95
3861,1.222,0.0,0.0,0.0,0.0,1.95
3862,1.222,0.0,0.0,0.0,0.0,1.95
3863,1.2225,0.5,0.1,0.0,0.0015,1.95
3864,1.2225,0.5,0.1,0.0,0.0015,1.95
3865,1.2225,0.5,0.1,0.0,0.0015,1.95
3866,1.2225,0.5,0.1,0.0,0.0015,1.95
3867,1.222,0.0,0.0,0.0,0.0,1.95
3868,1.222,0.0,0.0,0.0,0.0,1.95
3869,1.2225,0.5,0.1,0.0,0.0015,1.95
3870,1.2225,0.5,0.1,0.0,0.0015,1.95
3871,1.2225,0.5,0.1,0.0,0.0015,1.95
3872,1.2225,0.5,0.1,0.0,0.0015,1.95
3873,1.2225,0.5,0.1,0.0,0.0015,1.95
3874,1.222,0.0,0.0,0.0,0.0,1.95
3875,1.2225,0.5,0.1,0.0,0.0015,1.95
3876,1.222,0.0,0.0,0.0,0.0,1.95
3877,1.2225,0.5,0.1,0.0,0.0015,1.95
3878,1.222,0.0,0.0,0.0,0.0,1.95
3879,1.2225,0.5,0.1,0.0,0.0015,1.95
3880,1.222,0.0,0.0,0.0,0.0,1.95
3881,1.222,0.0,0.0,0.0,0.0,1.95
3882,1.222,0.0,0.0,0.0,0.0,1.95
3883,1.2225,0.5,0.1,0.0,0.0015,1.95
3884,1.2225,0.5,0.1,0.0,0.0015,1.95
3885,1.222,0.0,0.0,0.0,0.0,1.95
3886,1.222,0.0,0.0,0.0,0.0,1.95
3887,1.2225,0.5,0.1,0.0,0.0015,1.95
3888,1.2225,0.5,0.1,0.0,0.0015,1.95
3889,1.222,0.0,0.0,0.0,0.0,1.95
3890,1.222,0.0,0.0,0.0,0.0,1.95
3891,1.2225,0.5,0.1,0.0,0.0015,1.95
3892,1.2225,0.5,0.1,0.0,0.0015,1.95
3893,1.2225,0.5,0.1,0.0,0.0015,1.95
3894,1.222,0.0,0.0,0.0,0.0,1.95
3895,1.2225,0.5,0.1,0.0,0.0015,1.95
3896,1.2225,0.5,0.1,0.0,0.0015,1.95
3897,1.2225,0.5,0.1,0.0,0.0015,1.95
3898,1.222,0.0,0.0,0.0,0.0,1.95
3899,1.222,0.0,0.0,0.0,0.0,1.95
3900,1.222,0.0,0.0,0.0,0.0,1.95
3901,1.2225,0.5,0.1,0.0,0.0015,1.95
3902,1.2225,0.5,0.1,0.0,0.0015,1.95
3903,1.222,0.0,0.0,0.0,0.0,1.95
3904,1.222,0.0,0.0,0.0,0.0,1.95
3905,1.2225,0.5,0.1,0.0,0.0015,1.95
3906,1.222,0.0,0.0,0.0,0.0,1.95
3907,1.2225,0.5,0.1,0.0,0.0015,1.95
3908,1.2225,0.5,0.1,0.0,0.0015,1.95
3909,1.222,0.0,0.0,0.0,0.0,1.95
3910,1.222,0.0,0.0,0.0,0.0,1.95
3911,1.2225,0.5,0.1,0.0,0.0015,1.95
3912,1.2225,0.5,0.1,0.0,0.0015,1.95
3913,1.222,0.0,0.0,0.0,0.0,1.95
3914,1.2225,0.5,0.1,0.0,0.0015,1.95
3915,1.222,0.0,0.0,0.0,0.0,1.95
3916,1.222,0.0,0.0,0.0,0.0,1.95
3917,1.222,0.0,0.0,0.0,0.0,1.95
3918,1.2225,0.5,0.1,0.0,0.0015,1.95
3919,1.2225,0.5,0.1,0.0,0.0015,1.95
3920,1.2225,0.5,0.1,0.0,0.0015,1.95
3921,1.2225,0.5,0.1,0.0,0.0015,1.95
3922,1.2225,0.5,0.1,0.0,0.0015,1.95
3923,1.222,0.0,0.0,0.0,0.0,1.95
3924,1.222,0.0,0.0,0.0,0.0,1.95
3925,1.222,0.0,0.0,0.0,0.0,1.95
3926,1.2225,0.5,0.1,0.0,0.0015,1.95
3927,1.2225,0.5,0.1,0.0,0.0015,1.95
3928,1.222,0.0,0.0,0.0,0.0,1.95
3929,1.2225,0.5,0.1,0.0,0.0015,1.95
3930,1.2225,0.5,0.1,0.0,0.0015,1.95
3931,1.2225,0.5,0.1,0.0,0.0015,1.95
3932,1.222,0.0,0.0,0.0,0.0,1.95
3933,1.2225,0.5,0.1,0.0,0.0015,1.95
3934,1.222,0.0,0.0,0.0,0.0,1.95
3935,1.222,0.0,0.0,0.0,0.0,1.95
3936,1.222,0.0,0.0,0.0,0.0,1.95
3937,1.222,0.0,0.0,0.0,0.0,1.95
3938,1.222,0.0,0.0,0.0,0.0,1.95
3939,1.222,0.0,0.0,0.0,0.0,1.95
3940,1.2225,0.5,0.1,0.0,0.0015,1.95
3941,1.2225,0.5,0.1,0.0,0.0015,1.95
3942,1.2225,0.5,0.1,0.0,0.0015,1.95
3943,1.2225,0.5,0.1,0.0,0.0015,1.95
3944,1.2225,0.5,0.1,0.0,0.0015,1.95
3945,1.2225,0.5,0.1,0.0,0.0015,1.95
3946,1.222,0.0,0.0,0.0,0.0,1.95
3947,1.222,0.0,0.0,0.0,0.0,1.95
3948,1.222,0.0,0.0,0.0,0.0,1.95
3949,1.222,0.0,0.0,0.0,0.0,1.95
3950,1.2225,0.5,0.1,0.0,0.0015,1.95
3951,1.222,0.0,0.0,0.0,0.0,1.95
3952,1.2225,0.5,0.1,0.0,0.0015,1.95
3953,1.222,0.0,0.0,0.0,0.0,1.95
3954,1.222,0.0,0.0,0.0,0.0,1.95
3955,1.2225,0.5,0.1,0.0,0.0015,1.95
3956,1.222,0.0,0.0,0.0,0.0,1.95
3957,1.222,0.0,0.0,0.0,0.0,1.95
3958,1.2225,0.5,0.1,0.0,0.0015,1.95
3959,1.2225,0.5,0.1,0.0,0.0015,1.95
3960,1.222,0.0,0.0,0.0,0.0,1.95
3961,1.222,0.0,0.0,0.0,0.0,1.95
3962,1.222,0.0,0.0,0.0,0.0,1.95
3963,1.2225,0.5,0.1,0.0,0.0015,1.95
3964,1.2225,0.5,0.1,0.0,0.0015,1.95
3965,1.2225,0.5,0.1,0.0,0.0015,1.95
3966,1.222,0.0,0.0,0.0,0.0,1.95
3967,1.222,0.0,0.0,0.0,0.0,1.95
3968,1.2225,0.5,0.1,0.0,0.0015,1.95
3969,1.222,0.0,0.0,0.0,0.0,1.95
3970,1.222,0.0,0.0,0.0,0.0,1.95
3971,1.2225,0.5,0.1,0.0,0.0015,1.95
3972,1.2225,0.5,0.1,0.0,0.0015,1.95
3973,1.222,0.0,0.0,0.0,0.0,1.95
3974,1.2225,0.5,0.1,0.0,0.0015,1.95
3975,1.222,0.0,0.0,0.0,0.0,1.95
3976,1.2225,0.5,0.1,0.0,0.0015,1.95
3977,1.222,0.0,0.0,0.0,0.0,1.95
3978,1.222,0.0,0.0,0.0,0.0,1.95
3979,1.2225,0.5,0.1,0.0,0.0015,1.95
3980,1.2225,0.5,0.1,0.0,0.0015,1.95
3981,1.222,0.0,0.0,0.0,0.0,1.95
3982,1.222,0.0,0.0,0.0,0.0,1.95
3983,1.2225,0.5,0.1,0.0,0.0015,1.95
3984,1.222,0.0,0.0,0.0,0.0,1.95
3985,1.222,0.0,0.0,0.0,0.0,1.95
3986,1.222,0.0,0.0,0.0,0.0,1.95
3987,1.222,0.0,0.0,0.0,0.0,1.95
3988,1.222,0.0,0.0,0.0,0.0,1.95
3989,1.222,0.0,0.0,0.0,0.0,1.95
3990,1.2225,0.5,0.1,0.0,0.0015,1.95
3991,1.222,0.0,0.0,0.0,0.0,1.95
3992,1.222,0.0,0.0,0.0,0.0,1.95
3993,1.2225,0.5,0.1,0.0,0.0015,1.95
3994,1.222,0.0,0.0,0.0,0.0,1.95
3995,1.2225,0.5,0.1,0.0,0.0015,1.95
3996,1.2225,0.5,0.1,0.0,0.0015,1.95
3997,1.2225,0.5,0.1,0.0,0.0015,1.95
3998,1.2225,0.5,0.1,0.0,0.0015,1.95
3999,1.2225,0.5,0.1,0.0,0.0015,1.95
4000,1.222,0.0,0.0,0.0,0.0,1.95
4001,1.2225,0.5,0.1,0.0,0.0015,1.95
4002,1.2225,0.5,0.1,0.0,0.0015,1.95
4003,1.222,0.0,0.0,0.0,0.0,1.95
4004,1.2225,0.5,0.1,0.0,0.0015,1.95
4005,1.222,0.0,0.0,0.0,0.0,1.95
4006,1.222,0.0,0.0,0.0,0.0,1.95
4007,1.222,0.0,0.0,0.0,0.0,1.95
4008,1.222,0.0,0.0,0.0,0.0,1.95
4009,1.222,0.0,0.0,0.0,0.0,1.95
4010,1.2225,0.5,0.1,0.0,0.0015,1.95
4011,1.2225,0.5,0.1,0.0,0.0015,1.95
4012,1.2225,0.5,0.1,0.0,0.0015,1.95
4013,1.2225,0.5,0.1,0.0,0.0015,1.95
4014,1.222,0.0,0.0,0.0,0.0,1.95
4015,1.2225,0.5,0.1,0.0,0.0015,1.95
4016,1.2225,0.5,0.1,0.0,0.0015,1.95
4017,1.222,0.0,0.0,0.0,0.0,1.95
4018,1.2225,0.5,0.1,0.0,0.0015,1.95
4019,1.222,0.0,0.0,0.0,0.0,1.95
4020,1.222,0.0,0.0,0.0,0.0,1.95
4021,1.2225,0.5,0.1,0.0,0.0015,1.95
4022,1.2225,0.5,0.1,0.0,0.0015,1.95
4023,1.2225,0.5,0.1,0.0,0.0015,1.95
4024,1.2225,0.5,0.1,0.0,0.0015,1.95
4025,1.222,0.0,0.0,0.0,0.0,1.95
4026,1.2225,0.5,0.1,0.0,0.0015,1.95
4027,1.2225,0.5,0.1,0.0,0.0015,1.95
4028,1.2225,0.5,0.1,0.0,0.0015,1.95
4029,1.222,0.0,0.0,0.0,0.0,1.95
4030,1.222,0.0,0.0,0.0,0.0,1.95
4031,1.2225,0.5,0.1,0.0,0.0015,1.95
4032,1.2225,0.5,0.1,0.0,0.0015,1.95
4033,1.222,0.0,0.0,0.0,0.0,1.95
4034,1.2225,0.5,0.1,0.0,0.0015,1.95
4035,1.222,0.0,0.0,0.0,0.0,1.95
4036,1.222,0.0,0.0,0.0,0.0,1.95
4037,1.222,0.0,0.0,0.0,0.0,1.95
4038,1.2225,0.5,0.1,0.0,0.0015,1.95
4039,1.222,0.0,0.0,0.0,0.0,1.95
4040,1.222,0.0,0.0,0.0,0.0,1.95
4041,1.2225,0.5,0.1,0.0,0.0015,1.95
4042,1.222,0.0,0.0,0.0,0.0,1.95
4043,1.222,0.0,0.0,0.0,0.0,1.95
4044,1.222,0.0,0.0,0.0,0.0,1.95
4045,1.2225,0.5,0.1,0.0,0.0015,1.95
4046,1.222,0.0,0.0,0.0,0.0,1.95
4047,1.222,0.0,0.0,0.0,0.0,1.95
4048,1.222,0.0,0.0,0.0,0.0,1.95
4049,1.2225,0.5,0.1,0.0,0.0015,1.95
4050,1.222,0.0,0.0,0.0,0.0,1.95
4051,1.222,0.0,0.0,0.0,0.0,1.95
4052,1.222,0.0,0.0,0.0,0.0,1.95
4053,1.222,0.0,0.0,0.0,0.0,1.95
4054,1.222,0.0,0.0,0.0,0.0,1.95
4055,1.2225,0.5,0.1,0.0,0.0015,1.95
4056,1.2225,0.5,0.1,0.0,0.0015,1.95
4057,1.2225,0.5,0.1,0.0,0.0015,1.95
4058,1.2225,0.5,0.1,0.0,0.0015,1.95
4059,1.222,0.0,0.0,0.0,0.0,1.95
4060,1.2225,0.5,0.1,0.0,0.0015,1.95
4061,1.2225,0.5,0.1,0.0,0.0015,1.95
4062,1.2225,0.5,0.1,0.0,0.0015,1.95
4063,1.2225,0.5,0.1,0.0,0.0015,1.95
4064,1.222,0.0,0.0,0.0,0.0,1.95
4065,1.2225,0.5,0.1,0.0,0.0015,1.95
4066,1.222,0.0,0.0,0.0,0.0,1.95
4067,1.2225,0.5,0.1,0.0,0.0015,1.95
4068,1.222,0.0,0.0,0.0,0.0,1.95
4069,1.2225,0.5,0.1,0.0,0.0015,1.95
4070,1.222,0.0,0.0,0.0,0.0,1.95
4071,1.2225,0.5,0.1,0.0,0.0015,1.95
4072,1.2225,0.5,0.1,0.0,0.0015,1.95
4073,1.222,0.0,0.0,0.0,0.0,1.95
4074,1.222,0.0,0.0,0.0,0.0,1.95
4075,1.2225,0.5,0.1,0.0,0.0015,1.95
4076,1.2225,0.5,0.1,0.0,0.0015,1.95
4077,1.222,0.0,0.0,0.0,0.0,1.95
4078,1.2225,0.5,0.1,0.0,0.0015,1.95
4079,1.2225,0.5,0.1,0.0,0.0015,1.95
4080,1.2225,0.5,0.1,0.0,0.0015,1.95
4081,1.2225,0.5,0.1,0.0,0.0015,1.95
4082,1.2225,0.5,0.1,0.0,0.0015,1.95
4083,1.222,0.0,0.0,0.0,0.0,1.95
4084,1.222,0.0,0.0,0.0,0.0,1.95
4085,1.222,0.0,0.0,0.0,0.0,1.95
4086,1.222,0.0,0.0,0.0,0.0,1.95
4087,1.222,0.0,0.0,0.0,0.0,1.95
4088,1.222,0.0,0.0,0.0,0.0,1.95
4089,1.2225,0.5,0.1,0.0,0.0015,1.95
4090,1.2225,0.5,0.1,0.0,0.0015,1.95
4091,1.2225,0.5,0.1,0.0,0.0015,1.95
4092,1.2225,0.5,0.1,0.0,0.0015,1.95
4093,1.222,0.0,0.0,0.0,0.0,1.95
4094,1.222,0.0,0.0,0.0,0.0,1.95
4095,1.2225,0.5,0.1,0.0,0.0015,1.95
4096,1.2225,0.5,0.1,0.0,0.0015,1.95
4097,1.2225,0.5,0.1,0.0,0.0015,1.95
4098,1.2225,0.5,0.1,0.0,0.0015,1.95
4099,1.222,0.0,0.0,0.0,0.0,1.95
4100,1.222,0.0,0.0,0.0,0.0,1.95
4101,1.2225,0.5,0.1,0.0,0.0015,1.95
4102,1.222,0.0,0.0,0.0,0.0,1.95
4103,1.2225,0.5,0.1,0.0,0.0015,1.95
4104,1.2225,0.5,0.1,0.0,0.0015,1.95
4105,1.222,0.0,0.0,0.0,0.0,1.95
4106,1.222,0.0,0.0,0.0,0.0,1.95
4107,1.222,0.0,0.0,0.0,0.0,1.95
4108,1.222,0.0,0.0,0.0,0.0,1.95
4109,1.222,0.0,0.0,0.0,0.0,1.95
4110,1.222,0.0,0.0,0.0,0.0,1.95
4111,1.222,0.0,0.0,0.0,0.0,1.95
4112,1.222,0.0,0.0,0.0,0.0,1.95
4113,1.2225,0.5,0.1,0.0,0.0015,1.95
4114,1.222,0.0,0.0,0.0,0.0,1.95
4115,1.222,0.0,0.0,0.0,0.0,1.95
4116,1.2225,0.5,0.1,0.0,0.0015,1.95
4117,1.2225,0.5,0.1,0.0,0.0015,1.95
4118,1.222,0.0,0.0,0.0,0.0,1.95
4119,1.222,0.0,0.0,0.0,0.0,1.95
4120,1.2225,0.5,0.1,0.0,0.0015,1.95
4121,1.222,0.0,0.0,0.0,0.0,1.95
4122,1.222,0.0,0.0,0.0,0.0,1.95
4123,1.2225,0.5,0.1,0.0,0.0015,1.95
4124,1.2225,0.5,0.1,0.0,0.0015,1.95
4125,1.222,0.0,0.0,0.0,0.0,1.95
4126,1.222,0.0,0.0,0.0,0.0,1.95
4127,1.222,0.0,0.0,0.0,0.0,1.95
4128,1.2225,0.5,0.1,0.0,0.0015,1.95
4129,1.2225,0.5,0.1,0.0,0.0015,1.95
4130,1.222,0.0,0.0,0.0,0.0,1.95
4131,1.2225,0.5,0.1,0.0,0.0015,1.95
4132,1.222,0.0,0.0,0.0,0.0,1.95
4133,1.222,0.0,0.0,0.0,0.0,1.95
4134,1.2225,0.5,0.1,0.0,0.0015,1.95
4135,1.222,0.0,0.0,0.0,0.0,1.95
4136,1.2225,0.5,0.1,0.0,0.0015,1.95
4137,1.2225,0.5,0.1,0.0,0.0015,1.95
4138,1.2225,0.5,0.1,0.0,0.0015,1.95
4139,1.2225,0.5,0.1,0.0,0.0015,1.95
4140,1.222,0.0,0.0,0.0,0.0,1.95
4141,1.2225,0.5,0.1,0.0,0.0015,1.95
4142,1.222,0.0,0.0,0.0,0.0,1.95
4143,1.222,0.0,0.0,0.0,0.0,1.95
4144,1.2225,0.5,0.1,0.0,0.0015,1.95
4145,1.222,0.0,0.0,0.0,0.0,1.95
4146,1.222,0.0,0.0,0.0,0.0,1.95
4147,1.222,0.0,0.0,0.0,0.0,1.95
4148,1.2225,0.5,0.1,0.0,0.0015,1.95
4149,1.222,0.0,0.0,0.0,0.0,1.95
4150,1.222,0.0,0.0,0.0,0.0,1.95
4151,1.2225,0.5,0.1,0.0,0.0015,1.95
4152,1.222,0.0,0.0,0.0,0.0,1.95
4153,1.2225,0.5,0.1,0.0,0.0015,1.95
4154,1.222,0.0,0.0,0.0,0.0,1.95
4155,1.222,0.0,0.0,0.0,0.0,1.95
4156,1.222,0.0,0.0,0.0,0.0,1.95
4157,1.222,0.0,0.0,0.0,0.0,1.95
4158,1.222,0.0,0.0,0.0,0.0,1.95
4159,1.2225,0.5,0.1,0.0,0.0015,1.95
4160,1.222,0.0,0.0,0.0,0.0,1.95
4161,1.2225,0.5,0.1,0.0,0.0015,1.95
4162,1.222,0.0,0.0,0.0,0.0,1.95
4163,1.2225,0.5,0.1,0.0,0.0015,1.95
4164,1.222,0.0,0.0,0.0,0.0,1.95
4165,1.2225,0.5,0.1,0.0,0.0015,1.95
4166,1.2225,0.5,0.1,0.0,0.0015,1.95
4167,1.222,0.0,0.0,0.0,0.0,1.95
4168,1.222,0.0,0.0,0.0,0.0,1.95
4169,1.2225,0.5,0.1,0.0,0.0015,1.95
4170,1.222,0.0,0.0,0.0,0.0,1.95
4171,1.2225,0.5,0.1,0.0,0.0015,1.95
4172,1.2225,0.5,0.1,0.0,0.0015,1.95
4173,1.222,0.0,0.0,0.0,0.0,1.95
4174,1.2225,0.5,0.1,0.0,0.0015,1.95
4175,1.2225,0.5,0.1,0.0,0.0015,1.95
4176,1.2225,0.5,0.1,0.0,0.0015,1.95
4177,1.222,0.0,0.0,0.0,0.0,1.95
4178,1.2225,0.5,0.1,0.0,0.0015,1.95
4179,1.2225,0.5,0.1,0.0,0.0015,1.95
4180,1.222,0.0,0.0,0.0,0.0,1.95
4181,1.2225,0.5,0.1,0.0,0.0015,1.95
4182,1.222,0.0,0.0,0.0,0.0,1.95
4183,1.222,0.0,0.0,0.0,0.0,1.95
4184,1.222,0.0,0.0,0.0,0.0,1.95
4185,1.222,0.0,0.0,0.0,0.0,1.95
4186,1.2225,0.5,0.1,0.0,0.0015,1.95
4187,1.2225,0.5,0.1,0.0,0.0015,1.95
4188,1.222,0.0,0.0,0.0,0.0,1.95
4189,1.2225,0.5,0.1,0.0,0.0015,1.95
4190,1.2225,0.5,0.1,0.0,0.0015,1.95
4191,1.222,0.0,0.0,0.0,0.0,1.95
4192,1.2225,0.5,0.1,0.0,0.0015,1.95
4193,1.2225,0.5,0.1,0.0,0.0015,1.95
4194,1.222,0.0,0.0,0.0,0.0,1.95
4195,1.222,0.0,0.0,0.0,0.0,1.95
4196,1.222,0.0,0.0,0.0,0.0,1.95
4197,1.2225,0.5,0.1,0.0,0.0015,1.95
4198,1.2225,0.5,0.1,0.0,0.0015,1.95
4199,1.2225,0.5,0.1,0.0,0.0015,1.95
4200,1.2225,0.5,0.1,0.0,0.0015,1.95
4201,1.2225,0.5,0.1,0.0,0.0015,1.95
4202,1.222,0.0,0.0,0.0,0.0,1.95
4203,1.2225,0.5,0.1,0.0,0.0015,1.95
4204,1.222,0.0,0.0,0.0,0.0,1.95
4205,1.222,0.0,0.0,0.0,0.0,1.95
4206,1.2225,0.5,0.1,0.0,0.0015,1.95
4207,1.222,0.0,0.0,0.0,0.0,1.95
4208,1.222,0.0,0.0,0.0,0.0,1.95
4209,1.222,0.0,0.0,0.0,0.0,1.95
4210,1.222,0.0,0.0,0.0,0.0,1.95
4211,1.222,0.0,0.0,0.0,0.0,1.95
4212,1.2225,0.5,0.1,0.0,0.0015,1.95
4213,1.2225,0.5,0.1,0.0,0.0015,1.95
4214,1.2225,0.5,0.1,0.0,0.0015,1.95
4215,1.222,0.0,0.0,0.0,0.0,1.95
4216,1.222,0.0,0.0,0.0,0.0,1.95
4217,1.2225,0.5,0.1,0.0,0.0015,1.95
4218,1.222,0.0,0.0,0.0,0.0,1.95
4219,1.222,0.0,0.0,0.0,0.0,1.95
4220,1.222,0.0,0.0,0.0,0.0,1.95
4221,1.2225,0.5,0.1,0.0,0.0015,1.95
4222,1.222,0.0,0.0,0.0,0.0,1.95
4223,1.2225,0.5,0.1,0.0,0.0015,1.95
4224,1.222,0.0,0.0,0.0,0.0,1.95
4225,1.2225,0.5,0.1,0.0,0.0015,1.95
4226,1.2225,0.5,0.1,0.0,0.0015,1.95
4227,1.2225,0.5,0.1,0.0,0.0015,1.95
4228,1.222,0.0,0.0,0.0,0.0,1.95
4229,1.2225,0.5,0.1,0.0,0.0015,1.95
4230,1.2225,0.5,0.1,0.0,0.0015,1.95
4231,1.2225,0.5,0.1,0.0,0.0015,1.95
4232,1.222,0.0,0.0,0.0,0.0,1.95
4233,1.222,0.0,0.0,0.0,0.0,1.95
4234,1.2225,0.5,0.1,0.0,0.0015,1.95
4235,1.2225,0.5,0.1,0.0,0.0015,1.95
4236,1.2225,0.5,0.1,0.0,0.0015,1.95
4237,1.222,0.0,0.0,0.0,0.0,1.95
4238,1.222,0.0,0.0,0.0,0.0,1.95
4239,1.222,0.0,0.0,0.0,0.0,1.95
4240,1.222,0.0,0.0,0.0,0.0,1.95
4241,1.222,0.0,0.0,0.0,0.0,1.95
4242,1.2225,0.5,0.1,0.0,0.0015,1.95
4243,1.222,0.0,0.0,0.0,0.0,1.95
4244,1.2225,0.5,0.1,0.0,0.0015,1.95
4245,1.2225,0.5,0.1,0.0,0.0015,1.95
4246,1.222,0.0,0.0,0.0,0.0,1.95
4247,1.2225,0.5,0.1,0.0,0.0015,1.95
4248,1.2225,0.5,0.1,0.0,0.0015,1.95
4249,1.222,0.0,0.0,0.0,0.0,1.95
4250,1.222,0.0,0.0,0.0,0.0,1.95
4251,1.2225,0.5,0.1,0.0,0.0015,1.95
4252,1.222,0.0,0.0,0.0,0.0,1.95
4253,1.2225,0.5,0.1,0.0,0.0015,1.95
4254,1.222,0.0,0.0,0.0,0.0,1.95
4255,1.2225,0.5,0.1,0.0,0.0015,1.95
4256,1.222,0.0,0.0,0.0,0.0,1.95
4257,1.2225,0.5,0.1,0.0,0.0015,1.95
4258,1.2225,0.5,0.1,0.0,0.0015,1.95
4259,1.2225,0.5,0.1,0.0,0.0015,1.95
4260,1.222,0.0,0.0,0.0,0.0,1.95
4261,1.222,0.0,0.0,0.0,0.0,1.95
4262,1.222,0.0,0.0,0.0,0.0,1.95
4263,1.222,0.0,0.0,0.0,0.0,1.95
4264,1.2225,0.5,0.1,0.0,0.0015,1.95
4265,1.2225,0.5,0.1,0.0,0.0015,1.95
4266,1.2225,0.5,0.1,0.0,0.0015,1.95
4267,1.2225,0.5,0.1,0.0,0.0015,1.95
4268,1.2225,0.5,0.1,0.0,0.0015,1.95
4269,1.2225,0.5,0.1,0.0,0.0015,1.95
4270,1.2225,0.5,0.1,0.0,0.0015,1.95
4271,1.2225,0.5,0.1,0.0,0.0015,1.95
4272,1.222,0.0,0.0,0.0,0.0,1.95
4273,1.2225,0.5,0.1,0.0,0.0015,1.95
4274,1.2225,0.5,0.1,0.0,0.0015,1.95
4275,1.222,0.0,0.0,0.0,0.0,1.95
4276,1.2225,0.5,0.1,0.0,0.0015,1.95
4277,1.222,0.0,0.0,0.0,0.0,1.95
4278,1.2225,0.5,0.1,0.0,0.0015,1.95
4279,1.222,0.0,0.0,0.0,0.0,1.95
4280,1.2225,0.5,0.1,0.0,0.0015,1.95
4281,1.222,0.0,0.0,0.0,0.0,1.95
4282,1.222,0.0,0.0,0.0,0.0,1.95
4283,1.2225,0.5,0.1,0.0,0.0015,1.95
4284,1.222,0.0,0.0,0.0,0.0,1.95
4285,1.222,0.0,0.0,0.0,0.0,1.95
4286,1.222,0.0,0.0,0.0,0.0,1.95
4287,1.2225,0.5,0.1,0.0,0.0015,1.95
4288,1.222,0.0,0.0,0.0,0.0,1.95
4289,1.2225,0.5,0.1,0.0,0.0015,1.95
4290,1.2225,0.5,0.1,0.0,0.0015,1.95
4291,1.222,0.0,0.0,0.0,0.0,1.95
4292,1.222,0.0,0.0,0.0,0.0,1.95
4293,1.2225,0.5,0.1,0.0,0.0015,1.95
4294,1.2225,0.5,0.1,0.0,0.0015,1.95
4295,1.222,0.0,0.0,0.0,0.0,1.95
4296,1.2225,0.5,0.1,0.0,0.0015,1.95
4297,1.222,0.0,0.0,0.0,0.0,1.95
4298,1.222,0.0,0.0,0.0,0.0,1.95
4299,1.2225,0.5,0.1,0.0,0.0015,1.95
4300,1.222,0.0,0.0,0.0,0.0,1.95
4301,1.2225,0.5,0.1,0.0,0.0015,1.95
4302,1.222,0.0,0.0,0.0,0.0,1.95
4303,1.222,0.0,0.0,0.0,0.0,1.95
4304,1.2225,0.5,0.1,0.0,0.0015,1.95
4305,1.2225,0.5,0.1,0.0,0.0015,1.95
4306,1.222,0.0,0.0,0.0,0.0,1.95
4307,1.2225,0.5,0.1,0.0,0.0015,1.95
4308,1.222,0.0,0.0,0.0,0.0,1.95
4309,1.2225,0.5,0.1,0.0,0.0015,1.95
4310,1.222,0.0,0.0,0.0,0.0,1.95
4311,1.2225,0.5,0.1,0.0,0.0015,1.95
4312,1.2225,0.5,0.1,0.0,0.0015,1.95
4313,1.2225,0.5,0.1,0.0,0.0015,1.95
4314,1.222,0.0,0.0,0.0,0.0,1.95
4315,1.222,0.0,0.0,0.0,0.0,1.95
4316,1.222,0.0,0.0,0.0,0.0,1.95
4317,1.222,0.0,0.0,0.0,0.0,1.95
4318,1.222,0.0,0.0,0.0,0.0,1.95
4319,1.222,0.0,0.0,0.0,0.0,1.95
4320,1.222,0.0,0.0,0.0,0.0,1.95
4321,1.222,0.0,0.0,0.0,0.0,1.95
4322,1.222,0.0,0.0,0.0,0.0,1.95
4323,1.222,0.0,0.0,0.0,0.0,1.95
4324,1.2225,0.5,0.1,0.0,0.0015,1.95
4325,1.222,0.0,0.0,0.0,0.0,1.95
4326,1.222,0.0,0.0,0.0,0.0,1.95
4327,1.222,0.0,0.0,0.0,0.0,1.95
4328,1.2225,0.5,0.1,0.0,0.0015,1.95
4329,1.222,0.0,0.0,0.0,0.0,1.95
4330,1.222,0.0,0.0,0.0,0.0,1.95
4331,1.222,0.0,0.0,0.0,0.0,1.95
4332,1.2225,0.5,0.1,0.0,0.0015,1.95
4333,1.2225,0.5,0.1,0.0,0.0015,1.95
4334,1.2225,0.5,0.1,0.0,0.0015,1.95
4335,1.2225,0.5,0.1,0.0,0.0015,1.95
4336,1.2225,0.5,0.1,0.0,0.0015,1.95
4337,1.2225,0.5,0.1,0.0,0.0015,1.95
4338,1.222,0.0,0.0,0.0,0.0,1.95
4339,1.222,0.0,0.0,0.0,0.0,1.95
4340,1.222,0.0,0.0,0.0,0.0,1.95
4341,1.222,0.0,0.0,0.0,0.0,1.95
4342,1.222,0.0,0.0,0.0,0.0,1.95
4343,1.2225,0.5,0.1,0.0,0.0015,1.95
4344,1.2225,0.5,0.1,0.0,0.0015,1.95
4345,1.222,0.0,0.0,0.0,0.0,1.95
4346,1.222,0.0,0.0,0.0,0.0,1.95
4347,1.222,0.0,0.0,0.0,0.0,1.95
4348,1.222,0.0,0.0,0.0,0.0,1.95
4349,1.2225,0.5,0.1,0.0,0.0015,1.95
4350,1.2225,0.5,0.1,0.0,0.0015,1.95
4351,1.222,0.0,0.0,0.0,0.0,1.95
4352,1.222,0.0,0.0,0.0,0.0,1.95
4353,1.222,0.0,0.0,0.0,0.0,1.95
4354,1.222,0.0,0.0,0.0,0.0,1.95
4355,1.2225,0.5,0.1,0.0,0.0015,1.95
4356,1.2225,0.5,0.1,0.0,0.0015,1.95
4357,1.2225,0.5,0.1,0.0,0.0015,1.95
4358,1.222,0.0,0.0,0.0,0.0,1.95
4359,1.222,0.0,0.0,0.0,0.0,1.95
4360,1.222,0.0,0.0,0.0,0.0,1.95
4361,1.222,0.0,0.0,0.0,0.0,1.95
4362,1.222,0.0,0.0,0.0,0.0,1.95
4363,1.222,0.0,0.0,0.0,0.0,1.95
4364,1.2225,0.5,0.1,0.0,0.0015,1.95
4365,1.222,0.0,0.0,0.0,0.0,1.95
4366,1.2225,0.5,0.1,0.0,0.0015,1.95
4367,1.222,0.0,0.0,0.0,0.0,1.95
4368,1.222,0.0,0.0,0.0,0.0,1.95
4369,1.2225,0.5,0.1,0.0,0.0015,1.95
4370,1.2225,0.5,0.1,0.0,0.0015,1.95
4371,1.222,0.0,0.0,0.0,0.0,1.95
4372,1.222,0.0,0.0,0.0,0.0,1.95
4373,1.222,0.0,0.0,0.0,0.0,1.95
4374,1.2225,0.5,0.1,0.0,0.0015,1.95
4375,1.222,0.0,0.0,0.0,0.0,1.95
4376,1.222,0.0,0.0,0.0,0.0,1.95
4377,1.222,0.0,0.0,0.0,0.0,1.95
4378,1.222,0.0,0.0,0.0,0.0,1.95
4379,1.222,0.0,0.0,0.0,0.0,1.95
4380,1.222,0.0,0.0,0.0,0.0,1.95
4381,1.2225,0.5,0.1,0.0,0.0015,1.95
4382,1.222,0.0,0.0,0.0,0.0,1.95
4383,1.2225,0.5,0.1,0.0,0.0015,1.95
4384,1.2225,0.5,0.1,0.0,0.0015,1.95
4385,1.222,0.0,0.0,0.0,0.0,1.95
4386,1.222,0.0,0.0,0.0,0.0,1.95
4387,1.222,0.0,0.0,0.0,0.0,1.95
4388,1.222,0.0,0.0,0.0,0.0,1.95
4389,1.222,0.0,0.0,0.0,0.0,1.95
4390,1.222,0.0,0.0,0.0,0.0,1.95
4391,1.222,0.0,0.0,0.0,0.0,1.95
4392,1.222,0.0,0.0,0.0,0.0,1.95
4393,1.222,0.0,0.0,0.0,0.0,1.95
4394,1.222,0.0,0.0,0.0,0.0,1.95
4395,1.2225,0.5,0.1,0.0,0.0015,1.95
4396,1.222,0.0,0.0,0.0,0.0,1.95
4397,1.2225,0.5,0.1,0.0,0.0015,1.95
4398,1.2225,0.5,0.1,0.0,0.0015,1.95
4399,1.222,0.0,0.0,0.0,0.0,1.95
4400,1.222,0.0,0.0,0.0,0.0,1.95
4401,1.2225,0.5,0.1,0.0,0.0015,1.95
4402,1.2225,0.5,0.1,0.0,0.0015,1.95
4403,1.222,0.0,0.0,0.0,0.0,1.95
4404,1.222,0.0,0.0,0.0,0.0,1.95
4405,1.2225,0.5,0.1,0.0,0.0015,1.95
4406,1.2225,0.5,0.1,0.0,0.0015,1.95
4407,1.2225,0.5,0.1,0.0,0.0015,1.95
4408,1.222,0.0,0.0,0.0,0.0,1.95
4409,1.2225,0.5,0.1,0.0,0.0015,1.95
4410,1.2225,0.5,0.1,0.0,0.0015,1.95
4411,1.2225,0.5,0.1,0.0,0.0015,1.95
4412,1.222,0.0,0.0,0.0,0.0,1.95
4413,1.2225,0.5,0.1,0.0,0.0015,1.95
4414,1.222,0.0,0.0,0.0,0.0,1.95
4415,1.222,0.0,0.0,0.0,0.0,1.95
4416,1.222,0.0,0.0,0.0,0.0,1.95
4417,1.222,0.0,0.0,0.0,0.0,1.95
4418,1.222,0.0,0.0,0.0,0.0,1.95
4419,1.2225,0.5,0.1,0.0,0.0015,1.95
4420,1.2225,0.5,0.1,0.0,0.0015,1.95
4421,1.222,0.0,0.0,0.0,0.0,1.95
4422,1.2225,0.5,0.1,0.0,0.0015,1.95
4423,1.2225,0.5,0.1,0.0,0.0015,1.95
4424,1.222,0.0,0.0,0.0,0.0,1.95
4425,1.2225,0.5,0.1,0.0,0.0015,1.95
4426,1.222,0.0,0.0,0.0,0.0,1.95
4427,1.222,0.0,0.0,0.0,0.0,1.95
4428,1.222,0.0,0.0,0.0,0.0,1.95
4429,1.2225,0.5,0.1,0.0,0.0015,1.95
4430,1.2225,0.5,0.1,0.0,0.0015,1.95
4431,1.222,0.0,0.0,0.0,0.0,1.95
4432,1.2225,0.5,0.1,0.0,0.0015,1.95
4433,1.222,0.0,0.0,0.0,0.0,1.95
4434,1.222,0.0,0.0,0.0,0.0,1.95
4435,1.2225,0.5,0.1,0.0,0.0015,1.95
4436,1.2225,0.5,0.1,0.0,0.0015,1.95
4437,1.222,0.0,0.0,0.0,0.0,1.95
4438,1.2225,0.5,0.1,0.0,0.0015,1.95
4439,1.2225,0.5,0.1,0.0,0.0015,1.95
4440,1.222,0.0,0.0,0.0,0.0,1.95
4441,1.222,0.0,0.0,0.0,0.0,1.95
4442,1.222,0.0,0.0,0.0,0.0,1.95
4443,1.222,0.0,0.0,0.0,0.0,1.95
4444,1.222,0.0,0.0,0.0,0.0,1.95
4445,1.2225,0.5,0.1,0.0,0.0015,1.95
4446,1.222,0.0,0.0,0.0,0.0,1.95
4447,1.222,0.0,0.0,0.0,0.0,1.95
4448,1.222,0.0,0.0,0.0,0.0,1.95
4449,1.222,0.0,0.0,0.0,0.0,1.95
4450,1.222,0.0,0.0,0.0,0.0,1.95
4451,1.2225,0.5,0.1,0.0,0.0015,1.95
4452,1.222,0.0,0.0,0.0,0.0,1.95
4453,1.222,0.0,0.0,0.0,0.0,1.95
4454,1.222,0.0,0.0,0.0,0.0,1.95
4455,1.2225,0.5,0.1,0.0,0.0015,1.95
4456,1.2225,0.5,0.1,0.0,0.0015,1.95
4457,1.222,0.0,0.0,0.0,0.0,1.95
4458,1.222,0.0,0.0,0.0,0.0,1.95
4459,1.2225,0.5,0.1,0.0,0.0015,1.95
4460,1.222,0.0,0.0,0.0,0.0,1.95
4461,1.2225,0.5,0.1,0.0,0.0015,1.95
4462,1.222,0.0,0.0,0.0,0.0,1.95
4463,1.222,0.0,0.0,0.0,0.0,1.95
4464,1.2225,0.5,0.1,0.0,0.0015,1.95
4465,1.222,0.0,0.0,0.0,0.0,1.95
4466,1.2225,0.5,0.1,0.0,0.0015,1.95
4467,1.2225,0.5,0.1,0.0,0.0015,1.95
4468,1.2225,0.5,0.1,0.0,0.0015,1.95
4469,1.2225,0.5,0.1,0.0,0.0015,1.95
4470,1.2225,0.5,0.1,0.0,0.0015,1.95
4471,1.222,0.0,0.0,0.0,0.0,1.95
4472,1.222,0.0,0.0,0.0,0.0,1.95
4473,1.2225,0.5,0.1,0.0,0.0015,1.95
4474,1.2225,0.5,0.1,0.0,0.0015,1.95
4475,1.2225,0.5,0.1,0.0,0.0015,1.95
4476,1.222,0.0,0.0,0.0,0.0,1.95
4477,1.222,0.0,0.0,0.0,0.0,1.95
4478,1.2225,0.5,0.1,0.0,0.0015,1.95
4479,1.222,0.0,0.0,0.0,0.0,1.95
4480,1.2225,0.5,0.1,0.0,0.0015,1.95
4481,1.2225,0.5,0.1,0.0,0.0015,1.95
4482,1.2225,0.5,0.1,0.0,0.0015,1.95
4483,1.222,0.0,0.0,0.0,0.0,1.95
4484,1.222,0.0,0.0,0.0,0.0,1.95
4485,1.2225,0.5,0.1,0.0,0.0015,1.95
4486,1.2225,0.5,0.1,0.0,0.0015,1.95
4487,1.2225,0.5,0.1,0.0,0.0015,1.95
4488,1.222,0.0,0.0,0.0,0.0,1.95
4489,1.222,0.0,0.0,0.0,0.0,1.95
4490,1.222,0.0,0.0,0.0,0.0,1.95
4491,1.2225,0.5,0.1,0.0,0.0015,1.95
4492,1.222,0.0,0.0,0.0,0.0,1.95
4493,1.222,0.0,0.0,0.0,0.0,1.95
4494,1.2225,0.5,0.1,0.0,0.0015,1.95
4495,1.2225,0.5,0.1,0.0,0.0015,1.95
4496,1.222,0.0,0.0,0.0,0.0,1.95
4497,1.222,0.0,0.0,0.0,0.0,1.95
4498,1.2225,0.5,0.1,0.0,0.0015,1.95
4499,1.2225,0.5,0.1,0.0,0.0015,1.95
4500,1.2225,0.5,0.1,0.0,0.0015,1.95
4501,1.222,0.0,0.0,0.0,0.0,1.95
4502,1.222,0.0,0.0,0.0,0.0,1.95
4503,1.222,0.0,0.0,0.0,0.0,1.95
4504,1.2225,0.5,0.1,0.0,0.0015,1.95
4505,1.2225,0.5,0.1,0.0,0.0015,1.95
4506,1.222,0.0,0.0,0.0,0.0,1.95
4507,1.222,0.0,0.0,0.0,0.0,1.95
4508,1.2225,0.5,0.1,0.0,0.0015,1.95
4509,1.222,0.0,0.0,0.0,0.0,1.95
4510,1.2225,0.5,0.1,0.0,0.0015,1.95
4511,1.2225,0.5,0.1,0.0,0.0015,1.95
4512,1.222,0.0,0.0,0.0,0.0,1.95
4513,1.2225,0.5,0.1,0.0,0.0015,1.95
4514,1.222,0.0,0.0,0.0,0.0,1.95
4515,1.222,0.0,0.0,0.0,0.0,1.95
4516,1.2225,0.5,0.1,0.0,0.0015,1.95
4517,1.222,0.0,0.0,0.0,0.0,1.95
4518,1.2225,0.5,0.1,0.0,0.0015,1.95
4519,1.222,0.0,0.0,0.0,0.0,1.95
4520,1.222,0.0,0.0,0.0,0.0,1.95
4521,1.222,0.0,0.0,0.0,0.0,1.95
4522,1.222,0.0,0.0,0.0,0.0,1.95
4523,1.222,0.0,0.0,0.0,0.0,1.95
4524,1.222,0.0,0.0,0.0,0.0,1.95
4525,1.2225,0.5,0.1,0.0,0.0015,1.95
4526,1.2225,0.5,0.1,0.0,0.0015,1.95
4527,1.222,0.0,0.0,0.0,0.0,1.95
4528,1.2225,0.5,0.1,0.0,0.0015,1.95
4529,1.2225,0.5,0.1,0.0,0.0015,1.95
4530,1.222,0.0,0.0,0.0,0.0,1.95
4531,1.222,0.0,0.0,0.0,0.0,1.95
4532,1.2225,0.5,0.1,0.0,0.0015,1.95
4533,1.2225,0.5,0.1,0.0,0.0015,1.95
4534,1.222,0.0,0.0,0.0,0.0,1.95
4535,1.2225,0.5,0.1,0.0,0.0015,1.95
4536,1.222,0.0,0.0,0.0,0.0,1.95
4537,1.222,0.0,0.0,0.0,0.0,1.95
4538,1.2225,0.5,0.1,0.0,0.0015,1.95
4539,1.222,0.0,0.0,0.0,0.0,1.95
4540,1.2225,0.5,0.1,0.0,0.0015,1.95
4541,1.2225,0.5,0.1,0.0,0.0015,1.95
4542,1.2225,0.5,0.1,0.0,0.0015,1.95
4543,1.2225,0.5,0.1,0.0,0.0015,1.95
4544,1.222,0.0,0.0,0.0,0.0,1.95
4545,1.222,0.0,0.0,0.0,0.0,1.95
4546,1.2225,0.5,0.1,0.0,0.0015,1.95
4547,1.2225,0.5,0.1,0.0,0.0015,1.95
4548,1.2225,0.5,0.1,0.0,0.0015,1.95
4549,1.222,0.0,0.0,0.0,0.0,1.95
4550,1.222,0.0,0.0,0.0,0.0,1.95
4551,1.222,0.0,0.0,0.0,0.0,1.95
4552,1.222,0.0,0.0,0.0,0.0,1.95
4553,1.2225,0.5,0.1,0.0,0.0015,1.95
4554,1.222,0.0,0.0,0.0,0.0,1.95
4555,1.2225,0.5,0.1,0.0,0.0015,1.95
4556,1.2225,0.5,0.1,0.0,0.0015,1.95
4557,1.222,0.0,0.0,0.0,0.0,1.95
4558,1.222,0.0,0.0,0.0,0.0,1.95
4559,1.2225,0.5,0.1,0.0,0.0015,1.95
4560,1.2225,0.5,0.1,0.0,0.0015,1.95
4561,1.2225,0.5,0.1,0.0,0.0015,1.95
4562,1.222,0.0,0.0,0.0,0.0,1.95
4563,1.2225,0.5,0.1,0.0,0.0015,1.95
4564,1.222,0.0,0.0,0.0,0.0,1.95
4565,1.2225,0.5,0.1,0.0,0.0015,1.95
4566,1.222,0.0,0.0,0.0,0.0,1.95
4567,1.2225,0.5,0.1,0.0,0.0015,1.95
4568,1.222,0.0,0.0,0.0,0.0,1.95
4569,1.2225,0.5,0.1,0.0,0.0015,1.95
4570,1.222,0.0,0.0,0.0,0.0,1.95
4571,1.2225,0.5,0.1,0.0,0.0015,1.95
4572,1.222,0.0,0.0,0.0,0.0,1.95
4573,1.222,0.0,0.0,0.0,0.0,1.95
4574,1.2225,0.5,0.1,0.0,0.0015,1.95
4575,1.222,0.0,0.0,0.0,0.0,1.95
4576,1.2225,0.5,0.1,0.0,0.0015,1.95
4577,1.222,0.0,0.0,0.0,0.0,1.95
4578,1.222,0.0,0.0,0.0,0.0,1.95
4579,1.2225,0.5,0.1,0.0,0.0015,1.95
4580,1.222,0.0,0.0,0.0,0.0,1.95
4581,1.222,0.0,0.0,0.0,0.0,1.95
4582,1.2225,0.5,0.1,0.0,0.0015,1.95
4583,1.222,0.0,0.0,0.0,0.0,1.95
4584,1.2225,0.5,0.1,0.0,0.0015,1.95
4585,1.222,0.0,0.0,0.0,0.0,1.95
4586,1.222,0.0,0.0,0.0,0.0,1.95
4587,1.222,0.0,0.0,0.0,0.0,1.95
4588,1.2225,0.5,0.1,0.0,0.0015,1.95
4589,1.2225,0.5,0.1,0.0,0.0015,1.95
4590,1.2225,0.5,0.1,0.0,0.0015,1.95
4591,1.2225,0.5,0.1,0.0,0.0015,1.95
4592,1.2225,0.5,0.1,0.0,0.0015,1.95
4593,1.2225,0.5,0.1,0.0,0.0015,1.95
4594,1.222,0.0,0.0,0.0,0.0,1.95
4595,1.2225,0.5,0.1,0.0,0.0015,1.95
4596,1.222,0.0,0.0,0.0,0.0,1.95
4597,1.2225,0.5,0.1,0.0,0.0015,1.95
4598,1.2225,0.5,0.1,0.0,0.0015,1.95
4599,1.2225,0.5,0.1,0.0,0.0015,1.95
4600,1.222,0.0,0.0,0.0,0.0,1.95
4601,1.2225,0.5,0.1,0.0,0.0015,1.95
4602,1.2225,0.5,0.1,0.0,0.0015,1.95
4603,1.222,0.0,0.0,0.0,0.0,1.95
4604,1.222,0.0,0.0,0.0,0.0,1.95
4605,1.222,0.0,0.0,0.0,0.0,1.95
4606,1.2225,0.5,0.1,0.0,0.0015,1.95
4607,1.2225,0.5,0.1,0.0,0.0015,1.95
4608,1.2225,0.5,0.1,0.0,0.0015,1.95
4609,1.222,0.0,0.0,0.0,0.0,1.95
4610,1.222,0.0,0.0,0.0,0.0,1.95
4611,1.222,0.0,0.0,0.0,0.0,1.95
4612,1.222,0.0,0.0,0.0,0.0,1.95
4613,1.222,0.0,0.0,0.0,0.0,1.95
4614,1.2225,0.5,0.1,0.0,0.0015,1.95
4615,1.222,0.0,0.0,0.0,0.0,1.95
4616,1.2225,0.5,0.1,0.0,0.0015,1.95
4617,1.222,0.0,0.0,0.0,0.0,1.95
4618,1.222,0.0,0.0,0.0,0.0,1.95
4619,1.222,0.0,0.0,0.0,0.0,1.95
4620,1.222,0.0,0.0,0.0,0.0,1.95
4621,1.2225,0.5,0.1,0.0,0.0015,1.95
4622,1.222,0.0,0.0,0.0,0.0,1.95
4623,1.222,0.0,0.0,0.0,0.0,1.95
4624,1.222,0.0,0.0,0.0,0.0,1.95
4625,1.222,0.0,0.0,0.0,0.0,1.95
4626,1.222,0.0,0.0,0.0,0.0,1.95
4627,1.222,0.0,0.0,0.0,0.0,1.95
4628,1.222,0.0,0.0,0.0,0.0,1.95
4629,1.2225,0.5,0.1,0.0,0.0015,1.95
4630,1.2225,0.5,0.1,0.0,0.0015,1.95
4631,1.2225,0.5,0.1,0.0,0.0015,1.95
4632,1.222,0.0,0.0,0.0,0.0,1.95
4633,1.2225,0.5,0.1,0.0,0.0015,1.95
4634,1.222,0.0,0.0,0.0,0.0,1.95
4635,1.222,0.0,0.0,0.0,0.0,1.95
4636,1.2225,0.5,0.1,0.0,0.0015,1.95
4637,1.222,0.0,0.0,0.0,0.0,1.95
4638,1.2225,0.5,0.1,0.0,0.0015,1.95
4639,1.222,0.0,0.0,0.0,0.0,1.95
4640,1.222,0.0,0.0,0.0,0.0,1.95
4641,1.222,0.0,0.0,0.0,0.0,1.95
4642,1.2225,0.5,0.1,0.0,0.0015,1.95
4643,1.222,0.0,0.0,0.0,0.0,1.95
4644,1.222,0.0,0.0,0.0,0.0,1.95
4645,1.2225,0.5,0.1,0.0,0.0015,1.95
4646,1.2225,0.5,0.1,0.0,0.0015,1.95
4647,1.222,0.0,0.0,0.0,0.0,1.95
4648,1.222,0.0,0.0,0.0,0.0,1.95
4649,1.2225,0.5,0.1,0.0,0.0015,1.95
4650,1.222,0.0,0.0,0.0,0.0,1.95
4651,1.2225,0.5,0.1,0.0,0.0015,1.95
4652,1.2225,0.5,0.1,0.0,0.0015,1.95
4653,1.222,0.0,0.0,0.0,0.0,1.95
4654,1.222,0.0,0.0,0.0,0.0,1.95
4655,1.222,0.0,0.0,0.0,0.0,1.95
4656,1.2225,0.5,0.1,0.0,0.0015,1.95
4657,1.222,0.0,0.0,0.0,0.0,1.95
4658,1.2225,0.5,0.1,0.0,0.0015,1.95
4659,1.2225,0.5,0.1,0.0,0.0015,1.95
4660,1.2225,0.5,0.1,0.0,0.0015,1.95
4661,1.222,0.0,0.0,0.0,0.0,1.95
4662,1.2225,0.5,0.1,0.0,0.0015,1.95
4663,1.222,0.0,0.0,0.0,0.0,1.95
4664,1.222,0.0,0.0,0.0,0.0,1.95
4665,1.222,0.0,0.0,0.0,0.0,1.95
4666,1.2225,0.5,0.1,0.0,0.0015,1.95
4667,1.2225,0.5,0.1,0.0,0.0015,1.95
4668,1.222,0.0,0.0,0.0,0.0,1.95
4669,1.222,0.0,0.0,0.0,0.0,1.95
4670,1.2225,0.5,0.1,0.0,0.0015,1.95
4671,1.2225,0.5,0.1,0.0,0.0015,1.95
4672,1.222,0.0,0.0,0.0,0.0,1.95
4673,1.222,0.0,0.0,0.0,0.0,1.95
4674,1.222,0.0,0.0,0.0,0.0,1.95
4675,1.2225,0.5,0.1,0.0,0.0015,1.95
4676,1.222,0.0,0.0,0.0,0.0,1.95
4677,1.222,0.0,0.0,0.0,0.0,1.95
4678,1.2225,0.5,0.1,0.0,0.0015,1.95
4679,1.222,0.0,0.0,0.0,0.0,1.95
4680,1.2225,0.5,0.1,0.0,0.0015,1.95
4681,1.222,0.0,0.0,0.0,0.0,1.95
4682,1.2225,0.5,0.1,0.0,0.0015,1.95
4683,1.222,0.0,0.0,0.0,0.0,1.95
4684,1.222,0.0,0.0,0.0,0.0,1.95
4685,1.2225,0.5,0.1,0.0,0.0015,1.95
4686,1.2225,0.5,0.1,0.0,0.0015,1.95
4687,1.2225,0.5,0.1,0.0,0.0015,1.95
4688,1.222,0.0,0.0,0.0,0.0,1.95
4689,1.222,0.0,0.0,0.0,0.0,1.95
4690,1.2225,0.5,0.1,0.0,0.0015,1.95
4691,1.2225,0.5,0.1,0.0,0.0015,1.95
4692,1.222,0.0,0.0,0.0,0.0,1.95
4693,1.2225,0.5,0.1,0.0,0.0015,1.95
4694,1.2225,0.5,0.1,0.0,0.0015,1.95
4695,1.222,0.0,0.0,0.0,0.0,1.95
4696,1.222,0.0,0.0,0.0,0.0,1.95
4697,1.222,0.0,0.0,0.0,0.0,1.95
4698,1.222,0.0,0.0,0.0,0.0,1.95
4699,1.2225,0.5,0.1,0.0,0.0015,1.95
4700,1.2225,0.5,0.1,0.0,0.0015,1.95
4701,1.222,0.0,0.0,0.0,0.0,1.95
4702,1.2225,0.5,0.1,0.0,0.0015,1.95
4703,1.222,0.0,0.0,0.0,0.0,1.95
4704,1.2225,0.5,0.1,0.0,0.0015,1.95
4705,1.2225,0.5,0.1,0.0,0.0015,1.95
4706,1.2225,0.5,0.1,0.0,0.0015,1.95
4707,1.222,0.0,0.0,0.0,0.0,1.95
4708,1.222,0.0,0.0,0.0,0.0,1.95
4709,1.2225,0.5,0.1,0.0,0.0015,1.95
4710,1.2225,0.5,0.1,0.0,0.0015,1.95
4711,1.2225,0.5,0.1,0.0,0.0015,1.95
4712,1.222,0.0,0.0,0.0,0.0,1.95
4713,1.222,0.0,0.0,0.0,0.0,1.95
4714,1.2225,0.5,0.1,0.0,0.0015,1.95
4715,1.222,0.0,0.0,0.0,0.0,1.95
4716,1.2225,0.5,0.1,0.0,0.0015,1.95
4717,1.222,0.0,0.0,0.0,0.0,1.95
4718,1.222,0.0,0.0,0.0,0.0,1.95
4719,1.2225,0.5,0.1,0.0,0.0015,1.95
4720,1.222,0.0,0.0,0.0,0.0,1.95
4721,1.2225,0.5,0.1,0.0,0.0015,1.95
4722,1.2225,0.5,0.1,0.0,0.0015,1.95
4723,1.222,0.0,0.0,0.0,0.0,1.95
4724,1.2225,0.5,0.1,0.0,0.0015,1.95
4725,1.222,0.0,0.0,0.0,0.0,1.95
4726,1.2225,0.5,0.1,0.0,0.0015,1.95
4727,1.2225,0.5,0.1,0.0,0.0015,1.95
4728,1.222,0.0,0.0,0.0,0.0,1.95
4729,1.2225,0.5,0.1,0.0,0.0015,1.95
4730,1.222,0.0,0.0,0.0,0.0,1.95
4731,1.222,0.0,0.0,0.0,0.0,1.95
4732,1.2225,0.5,0.1,0.0,0.0015,1.95
4733,1.2225,0.5,0.1,0.0,0.0015,1.95
4734,1.2225,0.5,0.1,0.0,0.0015,1.95
4735,1.2225,0.5,0.1,0.0,0.0015,1.95
4736,1.222,0.0,0.0,0.0,0.0,1.95
4737,1.2225,0.5,0.1,0.0,0.0015,1.95
4738,1.222,0.0,0.0,0.0,0.0,1.95
4739,1.2225,0.5,0.1,0.0,0.0015,1.95
4740,1.222,0.0,0.0,0.0,0.0,1.95
4741,1.222,0.0,0.0,0.0,0.0,1.95
4742,1.222,0.0,0.0,0.0,0.0,1.95
4743,1.2225,0.5,0.1,0.0,0.0015,1.95
4744,1.2225,0.5,0.1,0.0,0.0015,1.95
4745,1.2225,0.5,0.1,0.0,0.0015,1.95
4746,1.222,0.0,0.0,0.0,0.0,1.95
4747,1.2225,0.5,0.1,0.0,0.0015,1.95
4748,1.2225,0.5,0.1,0.0,0.0015,1.95
4749,1.2225,0.5,0.1,0.0,0.0015,1.95
4750,1.2225,0.5,0.1,0.0,0.0015,1.95
4751,1.2225,0.5,0.1,0.0,0.0015,1.95
4752,1.222,0.0,0.0,0.0,0.0,1.95
4753,1.2225,0.5,0.1,0.0,0.0015,1.95
4754,1.2225,0.5,0.1,0.0,0.0015,1.95
4755,1.222,0.0,0.0,0.0,0.0,1.95
4756,1.2225,0.5,0.1,0.0,0.0015,1.95
4757,1.222,0.0,0.0,0.0,0.0,1.95
4758,1.222,0.0,0.0,0.0,0.0,1.95
4759,1.2225,0.5,0.1,0.0,0.0015,1.95
4760,1.222,0.0,0.0,0.0,0.0,1.95
4761,1.222,0.0,0.0,0.0,0.0,1.95
4762,1.222,0.0,0.0,0.0,0.0,1.95
4763,1.222,0.0,0.0,0.0,0.0,1.95
4764,1.222,0.0,0.0,0.0,0.0,1.95
4765,1.2225,0.5,0.1,0.0,0.0015,1.95
4766,1.222,0.0,0.0,0.0,0.0,1.95
4767,1.2225,0.5,0.1,0.0,0.0015,1.95
4768,1.2225,0.5,0.1,0.0,0.0015,1.95
4769,1.2225,0.5,0.1,0.0,0.0015,1.95
4770,1.2225,0.5,0.1,0.0,0.0015,1.95
4771,1.222,0.0,0.0,0.0,0.0,1.95
4772,1.2225,0.5,0.1,0.0,0.0015,1.95
4773,1.222,0.0,0.0,0.0,0.0,1.95
4774,1.222,0.0,0.0,0.0,0.0,1.95
4775,1.222,0.0,0.0,0.0,0.0,1.95
4776,1.222,0.0,0.0,0.0,0.0,1.95
4777,1.222,0.0,0.0,0.0,0.0,1.95
4778,1.222,0.0,0.0,0.0,0.0,1.95
4779,1.2225,0.5,0.1,0.0,0.0015,1.95
4780,1.2225,0.5,0.1,0.0,0.0015,1.95
4781,1.2225,0.5,0.1,0.0,0.0015,1.95
4782,1.2225,0.5,0.1,0.0,0.0015,1.95
4783,1.222,0.0,0.0,0.0,0.0,1.95
4784,1.222,0.0,0.0,0.0,0.0,1.95
4785,1.222,0.0,0.0,0.0,0.0,1.95
4786,1.2225,0.5,0.1,0.0,0.0015,1.95
4787,1.2225,0.5,0.1,0.0,0.0015,1.95
4788,1.2225,0.5,0.1,0.0,0.0015,1.95
4789,1.222,0.0,0.0,0.0,0.0,1.95
4790,1.222,0.0,0.0,0.0,0.0,1.95
4791,1.222,0.0,0.0,0.0,0.0,1.95
4792,1.222,0.0,0.0,0.0,0.0,1.95
4793,1.2225,0.5,0.1,0.0,0.0015,1.95
4794,1.2225,0.5,0.1,0.0,0.0015,1.95
4795,1.2225,0.5,0.1,0.0,0.0015,1.95
4796,1.222,0.0,0.0,0.0,0.0,1.95
4797,1.2225,0.5,0.1,0.0,0.0015,1.95
4798,1.2225,0.5,0.1,0.0,0.0015,1.95
4799,1.2225,0.5,0.1,0.0,0.0015,1.95
4800,1.2225,0.5,0.1,0.0,0.0015,1.95
4801,1.2225,0.5,0.1,0.0,0.0015,1.95
4802,1.2225,0.5,0.1,0.0,0.0015,1.95
4803,1.222,0.0,0.0,0.0,0.0,1.95
4804,1.2225,0.5,0.1,0.0,0.0015,1.95
4805,1.2225,0.5,0.1,0.0,0.0015,1.95
4806,1.222,0.0,0.0,0.0,0.0,1.95
4807,1.2225,0.5,0.1,0.0,0.0015,1.95
4808,1.2225,0.5,0.1,0.0,0.0015,1.95
4809,1.222,0.0,0.0,0.0,0.0,1.95
4810,1.2225,0.5,0.1,0.0,0.0015,1.95
4811,1.2225,0.5,0.1,0.0,0.0015,1.95
4812,1.2225,0.5,0.1,0.0,0.0015,1.95
4813,1.222,0.0,0.0,0.0,0.0,1.95
4814,1.222,0.0,0.0,0.0,0.0,1.95
4815,1.2225,0.5,0.1,0.0,0.0015,1.95
4816,1.222,0.0,0.0,0.0,0.0,1.95
4817,1.2225,0.5,0.1,0.0,0.0015,1.95
4818,1.222,0.0,0.0,0.0,0.0,1.95
4819,1.2225,0.5,0.1,0.0,0.0015,1.95
4820,1.2225,0.5,0.1,0.0,0.0015,1.95
4821,1.2225,0.5,0.1,0.0,0.0015,1.95
4822,1.2225,0.5,0.1,0.0,0.0015,1.95
4823,1.2225,0.5,0.1,0.0,0.0015,1.95
4824,1.2225,0.5,0.1,0.0,0.0015,1.95
4825,1.222,0.0,0.0,0.0,0.0,1.95
4826,1.222,0.0,0.0,0.0,0.0,1.95
4827,1.2225,0.5,0.1,0.0,0.0015,1.95
4828,1.222,0.0,0.0,0.0,0.0,1.95
4829,1.2225,0.5,0.1,0.0,0.0015,1.95
4830,1.2225,0.5,0.1,0.0,0.0015,1.95
4831,1.2225,0.5,0.1,0.0,0.0015,1.95
4832,1.2225,0.5,0.1,0.0,0.0015,1.95
4833,1.2225,0.5,0.1,0.0,0.0015,1.95
4834,1.2225,0.5,0.1,0.0,0.0015,1.95
4835,1.2225,0.5,0.1,0.0,0.0015,1.95
4836,1.222,0.0,0.0,0.0,0.0,1.95
4837,1.2225,0.5,0.1,0.0,0.0015,1.95
4838,1.2225,0.5,0.1,0.0,0.0015,1.95
4839,1.222,0.0,0.0,0.0,0.0,1.95
4840,1.222,0.0,0.0,0.0,0.0,1.95
4841,1.222,0.0,0.0,0.0,0.0,1.95
4842,1.2225,0.5,0.1,0.0,0.0015,1.95
4843,1.2225,0.5,0.1,0.0,0.0015,1.95
4844,1.222,0.0,0.0,0.0,0.0,1.95
4845,1.2225,0.5,0.1,0.0,0.0015,1.95
4846,1.2225,0.5,0.1,0.0,0.0015,1.95
4847,1.222,0.0,0.0,0.0,0.0,1.95
4848,1.2225,0.5,0.1,0.0,0.0015,1.95
4849,1.222,0.0,0.0,0.0,0.0,1.95
4850,1.2225,0.5,0.1,0.0,0.0015,1.95
4851,1.2225,0.5,0.1,0.0,0.0015,1.95
4852,1.222,0.0,0.0,0.0,0.0,1.95
4853,1.222,0.0,0.0,0.0,0.0,1.95
4854,1.2225,0.5,0.1,0.0,0.0015,1.95
4855,1.2225,0.5,0.1,0.0,0.0015,1.95
4856,1.222,0.0,0.0,0.0,0.0,1.95
4857,1.222,0.0,0.0,0.0,0.0,1.95
4858,1.222,0.0,0.0,0.0,0.0,1.95
4859,1.222,0.0,0.0,0.0,0.0,1.95
4860,1.222,0.0,0.0,0.0,0.0,1.95
4861,1.222,0.0,0.0,0.0,0.0,1.95
4862,1.2225,0.5,0.1,0.0,0.0015,1.95
4863,1.222,0.0,0.0,0.0,0.0,1.95
4864,1.2225,0.5,0.1,0.0,0.0015,1.95
4865,1.2225,0.5,0.1,0.0,0.0015,1.95
4866,1.222,0.0,0.0,0.0,0.0,1.95
4867,1.222,0.0,0.0,0.0,0.0,1.95
4868,1.222,0.0,0.0,0.0,0.0,1.95
4869,1.222,0.0,0.0,0.0,0.0,1.95
4870,1.2225,0.5,0.1,0.0,0.0015,1.95
4871,1.222,0.0,0.0,0.0,0.0,1.95
4872,1.2225,0.5,0.1,0.0,0.0015,1.95
4873,1.2225,0.5,0.1,0.0,0.0015,1.95
4874,1.222,0.0,0.0,0.0,0.0,1.95
4875,1.222,0.0,0.0,0.0,0.0,1.95
4876,1.222,0.0,0.0,0.0,0.0,1.95
4877,1.2225,0.5,0.1,0.0,0.0015,1.95
4878,1.2225,0.5,0.1,0.0,0.0015,1.95
4879,1.2225,0.5,0.1,0.0,0.0015,1.95
4880,1.222,0.0,0.0,0.0,0.0,1.95
4881,1.222,0.0,0.0,0.0,0.0,1.95
4882,1.2225,0.5,0.1,0.0,0.0015,1.95
4883,1.222,0.0,0.0,0.0,0.0,1.95
4884,1.222,0.0,0.0,0.0,0.0,1.95
4885,1.222,0.0,0.0,0.0,0.0,1.95
4886,1.2225,0.5,0.1,0.0,0.0015,1.95
4887,1.2225,0.5,0.1,0.0,0.0015,1.95
4888,1.2225,0.5,0.1,0.0,0.0015,1.95
4889,1.222,0.0,0.0,0.0,0.0,1.95
4890,1.222,0.0,0.0,0.0,0.0,1.95
4891,1.2225,0.5,0.1,0.0,0.0015,1.95
4892,1.222,0.0,0.0,0.0,0.0,1.95
4893,1.222,0.0,0.0,0.0,0.0,1.95
4894,1.222,0.0,0.0,0.0,0.0,1.95
4895,1.222,0.0,0.0,0.0,0.0,1.95
4896,1.222,0.0,0.0,0.0,0.0,1.95
4897,1.222,0.0,0.0,0.0,0.0,1.95
4898,1.222,0.0,0.0,0.0,0.0,1.95
4899,1.222,0.0,0.0,0.0,0.0,1.95
4900,1.222,0.0,0.0,0.0,0.0,1.95
4901,1.222,0.0,0.0,0.0,0.0,1.95
4902,1.2225,0.5,0.1,0.0,0.0015,1.95
4903,1.222,0.0,0.0,0.0,0.0,1.95
4904,1.222,0.0,0.0,0.0,0.0,1.95
4905,1.222,0.0,0.0,0.0,0.0,1.95
4906,1.2225,0.5,0.1,0.0,0.0015,1.95
4907,1.222,0.0,0.0,0.0,0.0,1.95
4908,1.222,0.0,0.0,0.0,0.0,1.95
4909,1.2225,0.5,0.1,0.0,0.0015,1.95
4910,1.2225,0.5,0.1,0.0,0.0015,1.95
4911,1.222,0.0,0.0,0.0,0.0,1.95
4912,1.2225,0.5,0.1,0.0,0.0015,1.95
4913,1.222,0.0,0.0,0.0,0.0,1.95
4914,1.2225,0.5,0.1,0.0,0.0015,1.95
4915,1.222,0.0,0.0,0.0,0.0,1.95
4916,1.2225,0.5,0.1,0.0,0.0015,1.95
4917,1.2225,0.5,0.1,0.0,0.0015,1.95
4918,1.2225,0.5,0.1,0.0,0.0015,1.95
4919,1.222,0.0,0.0,0.0,0.0,1.95
4920,1.2225,0.5,0.1,0.0,0.0015,1.95
4921,1.2225,0.5,0.1,0.0,0.0015,1.95
4922,1.2225,0.5,0.1,0.0,0.0015,1.95
4923,1.2225,0.5,0.1,0.0,0.0015,1.95
4924,1.2225,0.5,0.1,0.0,0.0015,1.95
4925,1.2225,0.5,0.1,0.0,0.0015,1.95
4926,1.222,0.0,0.0,0.0,0.0,1.95
4927,1.222,0.0,0.0,0.0,0.0,1.95
4928,1.222,0.0,0.0,0.0,0.0,1.95
4929,1.222,0.0,0.0,0.0,0.0,1.95
4930,1.222,0.0,0.0,0.0,0.0,1.95
4931,1.222,0.0,0.0,0.0,0.0,1.95
4932,1.2225,0.5,0.1,0.0,0.0015,1.95
4933,1.2225,0.5,0.1,0.0,0.0015,1.95
4934,1.2225,0.5,0.1,0.0,0.0015,1.95
4935,1.222,0.0,0.0,0.0,0.0,1.95
4936,1.2225,0.5,0.1,0.0,0.0015,1.95
4937,1.222,0.0,0.0,0.0,0.0,1.95
4938,1.222,0.0,0.0,0.0,0.0,1.95
4939,1.222,0.0,0.0,0.0,0.0,1.95
4940,1.2225,0.5,0.1,0.0,0.0015,1.95
4941,1.222,0.0,0.0,0.0,0.0,1.95
4942,1.2225,0.5,0.1,0.0,0.0015,1.95
4943,1.222,0.0,0.0,0.0,0.0,1.95
4944,1.2225,0.5,0.1,0.0,0.0015,1.95
4945,1.222,0.0,0.0,0.0,0.0,1.95
4946,1.222,0.0,0.0,0.0,0.0,1.95
4947,1.222,0.0,0.0,0.0,0.0,1.95
4948,1.222,0.0,0.0,0.0,0.0,1.95
4949,1.2225,0.5,0.1,0.0,0.0015,1.95
4950,1.222,0.0,0.0,0.0,0.0,1.95
4951,1.222,0.0,0.0,0.0,0.0,1.95
4952,1.2225,0.5,0.1,0.0,0.0015,1.95
4953,1.222,0.0,0.0,0.0,0.0,1.95
4954,1.222,0.0,0.0,0.0,0.0,1.95
4955,1.2225,0.5,0.1,0.0,0.0015,1.95
4956,1.2225,0.5,0.1,0.0,0.0015,1.95
4957,1.2225,0.5,0.1,0.0,0.0015,1.95
4958,1.222,0.0,0.0,0.0,0.0,1.95
4959,1.2225,0.5,0.1,0.0,0.0015,1.95
4960,1.2225,0.5,0.1,0.0,0.0015,1.95
4961,1.2225,0.5,0.1,0.0,0.0015,1.95
4962,1.2225,0.5,0.1,0.0,0.0015,1.95
4963,1.222,0.0,0.0,0.0,0.0,1.95
4964,1.2225,0.5,0.1,0.0,0.0015,1.95
4965,1.222,0.0,0.0,0.0,0.0,1.95
4966,1.222,0.0,0.0,0.0,0.0,1.95
4967,1.2225,0.5,0.1,0.0,0.0015,1.95
4968,1.222,0.0,0.0,0.0,0.0,1.95
4969,1.222,0.0,0.0,0.0,0.0,1.95
4970,1.2225,0.5,0.1,0.0,0.0015,1.95
4971,1.222,0.0,0.0,0.0,0.0,1.95
4972,1.2225,0.5,0.1,0.0,0.0015,1.95
4973,1.222,0.0,0.0,0.0,0.0,1.95
4974,1.2225,0.5,0.1,0.0,0.0015,1.95
4975,1.2225,0.5,0.1,0.0,0.0015,1.95
4976,1.2225,0.5,0.1,0.0,0.0015,1.95
4977,1.2225,0.5,0.1,0.0,0.0015,1.95
4978,1.2225,0.5,0.1,0.0,0.0015,1.95
4979,1.2225,0.5,0.1,0.0,0.0015,1.95
4980,1.222,0.0,0.0,0.0,0.0,1.95
4981,1.222,0.0,0.0,0.0,0.0,1.95
4982,1.222,0.0,0.0,0.0,0.0,1.95
4983,1.2225,0.5,0.1,0.0,0.0015,1.95
4984,1.2225,0.5,0.1,0.0,0.0015,1.95
4985,1.2225,0.5,0.1,0.0,0.0015,1.95
4986,1.2225,0.5,0.1,0.0,0.0015,1.95
4987,1.2225,0.5,0.1,0.0,0.0015,1.95
4988,1.222,0.0,0.0,0.0,0.0,1.95
4989,1.2225,0.5,0.1,0.0,0.0015,1.95
4990,1.222,0.0,0.0,0.0,0.0,1.95
4991,1.222,0.0,0.0,0.0,0.0,1.95
4992,1.222,0.0,0.0,0.0,0.0,1.95
4993,1.222,0.0,0.0,0.0,0.0,1.95
4994,1.222,0.0,0.0,0.0,0.0,1.95
4995,1.2225,0.5,0.1,0.0,0.0015,1.95
4996,1.2225,0.5,0.1,0.0,0.0015,1.95
4997,1.2225,0.5,0.1,0.0,0.0015,1.95
4998,1.2225,0.5,0.1,0.0,0.0015,1.95
4999,1.222,0.0,0.0,0.0,0.0,1.95
5000,1.222,0.0,0.0,0.0,0.0,1.95
5001,1.2225,0.5,0.1,0.0,0.0015,1.95
5002,1.222,0.0,0.0,0.0,0.0,1.95
5003,1.2225,0.5,0.1,0.0,0.0015,1.95
5004,1.2225,0.5,0.1,0.0,0.0015,1.95
5005,1.222,0.0,0.0,0.0,0.0,1.95
5006,1.222,0.0,0.0,0.0,0.0,1.95
5007,1.2225,0.5,0.1,0.0,0.0015,1.95
5008,1.2225,0.5,0.1,0.0,0.0015,1.95
5009,1.222,0.0,0.0,0.0,0.0,1.95
5010,1.2225,0.5,0.1,0.0,0.0015,1.95
5011,1.222,0.0,0.0,0.0,0.0,1.95
5012,1.2225,0.5,0.1,0.0,0.0015,1.95
5013,1.2225,0.5,0.1,0.0,0.0015,1.95
5014,1.222,0.0,0.0,0.0,0.0,1.95
5015,1.222,0.0,0.0,0.0,0.0,1.95
5016,1.2225,0.5,0.1,0.0,0.0015,1.95
5017,1.2225,0.5,0.1,0.0,0.0015,1.95
5018,1.222,0.0,0.0,0.0,0.0,1.95
5019,1.2225,0.5,0.1,0.0,0.0015,1.95
5020,1.2225,0.5,0.1,0.0,0.0015,1.95
5021,1.222,0.0,0.0,0.0,0.0,1.95
5022,1.222,0.0,0.0,0.0,0.0,1.95
5023,1.2225,0.5,0.1,0.0,0.0015,1.95
5024,1.2225,0.5,0.1,0.0,0.0015,1.95
5025,1.222,0.0,0.0,0.0,0.0,1.95
5026,1.2225,0.5,0.1,0.0,0.0015,1.95
5027,1.222,0.0,0.0,0.0,0.0,1.95
5028,1.222,0.0,0.0,0.0,0.0,1.95
5029,1.222,0.0,0.0,0.0,0.0,1.95
5030,1.222,0.0,0.0,0.0,0.0,1.95
5031,1.222,0.0,0.0,0.0,0.0,1.95
5032,1.222,0.0,0.0,0.0,0.0,1.95
5033,1.2225,0.5,0.1,0.0,0.0015,1.95
5034,1.222,0.0,0.0,0.0,0.0,1.95
5035,1.222,0.0,0.0,0.0,0.0,1.95
5036,1.222,0.0,0.0,0.0,0.0,1.95
5037,1.222,0.0,0.0,0.0,0.0,1.95
5038,1.222,0.0,0.0,0.0,0.0,1.95
5039,1.222,0.0,0.0,0.0,0.0,1.95
5040,1.222,0.0,0.0,0.0,0.0,1.95
5041,1.222,0.0,0.0,0.0,0.0,1.95
5042,1.2225,0.5,0.1,0.0,0.0015,1.95
5043,1.2225,0.5,0.1,0.0,0.0015,1.95
5044,1.2225,0.5,0.1,0.0,0.0015,1.95
5045,1.2225,0.5,0.1,0.0,0.0015,1.95
5046,1.222,0.0,0.0,0.0,0.0,1.95
5047,1.222,0.0,0.0,0.0,0.0,1.95
5048,1.2225,0.5,0.1,0.0,0.0015,1.95
5049,1.222,0.0,0.0,0.0,0.0,1.95
5050,1.222,0.0,0.0,0.0,0.0,1.95
5051,1.2225,0.5,0.1,0.0,0.0015,1.95
5052,1.2225,0.5,0.1,0.0,0.0015,1.95
5053,1.2225,0.5,0.1,0.0,0.0015,1.95
5054,1.222,0.0,0.0,0.0,0.0,1.95
5055,1.2225,0.5,0.1,0.0,0.0015,1.95
5056,1.2225,0.5,0.1,0.0,0.0015,1.95
5057,1.2225,0.5,0.1,0.0,0.0015,1.95
5058,1.2225,0.5,0.1,0.0,0.0015,1.95
5059,1.222,0.0,0.0,0.0,0.0,1.95
5060,1.2225,0.5,0.1,0.0,0.0015,1.95
5061,1.222,0.0,0.0,0.0,0.0,1.95
5062,1.222,0.0,0.0,0.0,0.0,1.95
5063,1.222,0.0,0.0,0.0,0.0,1.95
5064,1.222,0.0,0.0,0.0,0.0,1.95
5065,1.222,0.0,0.0,0.0,0.0,1.95
5066,1.222,0.0,0.0,0.0,0.0,1.95
5067,1.2225,0.5,0.1,0.0,0.0015,1.95
5068,1.222,0.0,0.0,0.0,0.0,1.95
5069,1.2225,0.5,0.1,0.0,0.0015,1.95
5070,1.2225,0.5,0.1,0.0,0.0015,1.95
5071,1.222,0.0,0.0,0.0,0.0,1.95
5072,1.2225,0.5,0.1,0.0,0.0015,1.95
5073,1.222,0.0,0.0,0.0,0.0,1.95
5074,1.222,0.0,0.0,0.0,0.0,1.95
5075,1.2225,0.5,0.1,0.0,0.0015,1.95
5076,1.2225,0.5,0.1,0.0,0.0015,1.95
5077,1.222,0.0,0.0,0.0,0.0,1.95
5078,1.222,0.0,0.0,0.0,0.0,1.95
5079,1.222,0.0,0.0,0.0,0.0,1.95
5080,1.222,0.0,0.0,0.0,0.0,1.95
5081,1.2225,0.5,0.1,0.0,0.0015,1.95
5082,1.222,0.0,0.0,0.0,0.0,1.95
5083,1.222,0.0,0.0,0.0,0.0,1.95
5084,1.222,0.0,0.0,0.0,0.0,1.95
5085,1.2225,0.5,0.1,0.0,0.0015,1.95
5086,1.2225,0.5,0.1,0.0,0.0015,1.95
5087,1.2225,0.5,0.1,0.0,0.0015,1.95
5088,1.2225,0.5,0.1,0.0,0.0015,1.95
5089,1.2225,0.5,0.1,0.0,0.0015,1.95
5090,1.2225,0.5,0.1,0.0,0.0015,1.95
5091,1.222,0.0,0.0,0.0,0.0,1.95
5092,1.222,0.0,0.0,0.0,0.0,1.95
5093,1.222,0.0,0.0,0.0,0.0,1.95
5094,1.222,0.0,0.0,0.0,0.0,1.95
5095,1.2225,0.5,0.1,0.0,0.0015,1.95
5096,1.2225,0.5,0.1,0.0,0.0015,1.95
5097,1.222,0.0,0.0,0.0,0.0,1.95
5098,1.222,0.0,0.0,0.0,0.0,1.95
5099,1.2225,0.5,0.1,0.0,0.0015,1.95
5100,1.2225,0.5,0.1,0.0,0.0015,1.95
5101,1.222,0.0,0.0,0.0,0.0,1.95
5102,1.222,0.0,0.0,0.0,0.0,1.95
5103,1.2225,0.5,0.1,0.0,0.0015,1.95
5104,1.222,0.0,0.0,0.0,0.0,1.95
5105,1.222,0.0,0.0,0.0,0.0,1.95
5106,1.222,0.0,0.0,0.0,0.0,1.95
5107,1.2225,0.5,0.1,0.0,0.0015,1.95
5108,1.222,0.0,0.0,0.0,0.0,1.95
5109,1.222,0.0,0.0,0.0,0.0,1.95
5110,1.222,0.0,0.0,0.0,0.0,1.95
5111,1.2225,0.5,0.1,0.0,0.0015,1.95
5112,1.222,0.0,0.0,0.0,0.0,1.95
5113,1.222,0.0,0.0,0.0,0.0,1.95
5114,1.222,0.0,0.0,0.0,0.0,1.95
5115,1.2225,0.5,0.1,0.0,0.0015,1.95
5116,1.222,0.0,0.0,0.0,0.0,1.95
5117,1.222,0.0,0.0,0.0,0.0,1.95
5118,1.222,0.0,0.0,0.0,0.0,1.95
5119,1.2225,0.5,0.1,0.0,0.0015,1.95
5120,1.222,0.0,0.0,0.0,0.0,1.95
5121,1.222,0.0,0.0,0.0,0.0,1.95
5122,1.222,0.0,0.0,0.0,0.0,1.95
5123,1.2225,0.5,0.1,0.0,0.0015,1.95
5124,1.222,0.0,0.0,0.0,0.0,1.95
5125,1.222,0.0,0.0,0.0,0.0,1.95
5126,1.222,0.0,0.0,0.0,0.0,1.95
5127,1.222,0.0,0.0,0.0,0.0,1.95
5128,1.222,0.0,0.0,0.0,0.0,1.95
5129,1.2225,0.5,0.1,0.0,0.0015,1.95
5130,1.222,0.0,0.0,0.0,0.0,1.95
5131,1.2225,0.5,0.1,0.0,0.0015,1.95
5132,1.222,0.0,0.0,0.0,0.0,1.95
5133,1.2225,0.5,0.1,0.0,0.0015,1.95
5134,1.222,0.0,0.0,0.0,0.0,1.95
5135,1.2225,0.5,0.1,0.0,0.0015,1.95
5136,1.222,0.0,0.0,0.0,0.0,1.95
5137,1.2225,0.5,0.1,0.0,0.0015,1.95
5138,1.2225,0.5,0.1,0.0,0.0015,1.95
5139,1.222,0.0,0.0,0.0,0.0,1.95
5140,1.2225,0.5,0.1,0.0,0.0015,1.95
5141,1.222,0.0,0.0,0.0,0.0,1.95
5142,1.222,0.0,0.0,0.0,0.0,1.95
5143,1.222,0.0,0.0,0.0,0.0,1.95
5144,1.2225,0.5,0.1,0.0,0.0015,1.95
5145,1.2225,0.5,0.1,0.0,0.0015,1.95
5146,1.2225,0.5,0.1,0.0,0.0015,1.95
5147,1.222,0.0,0.0,0.0,0.0,1.95
5148,1.2225,0.5,0.1,0.0,0.0015,1.95
5149,1.2225,0.5,0.1,0.0,0.0015,1.95
5150,1.2225,0.5,0.1,0.0,0.0015,1.95
5151,1.222,0.0,0.0,0.0,0.0,1.95
5152,1.2225,0.5,0.1,0.0,0.0015,1.95
5153,1.2225,0.5,0.1,0.0,0.0015,1.95
5154,1.2225,0.5,0.1,0.0,0.0015,1.95
5155,1.222,0.0,0.0,0.0,0.0,1.95
5156,1.222,0.0,0.0,0.0,0.0,1.95
5157,1.222,0.0,0.0,0.0,0.0,1.95
5158,1.222,0.0,0.0,0.0,0.0,1.95
5159,1.2225,0.5,0.1,0.0,0.0015,1.95
5160,1.2225,0.5,0.1,0.0,0.0015,1.95
5161,1.2225,0.5,0.1,0.0,0.0015,1.95
5162,1.222,0.0,0.0,0.0,0.0,1.95
5163,1.2225,0.5,0.1,0.0,0.0015,1.95
5164,1.222,0.0,0.0,0.0,0.0,1.95
5165,1.2225,0.5,0.1,0.0,0.0015,1.95
5166,1.222,0.0,0.0,0.0,0.0,1.95
5167,1.2225,0.5,0.1,0.0,0.0015,1.95
5168,1.222,0.0,0.0,0.0,0.0,1.95
5169,1.2225,0.5,0.1,0.0,0.0015,1.95
5170,1.222,0.0,0.0,0.0,0.0,1.95
5171,1.222,0.0,0.0,0.0,0.0,1.95
5172,1.2225,0.5,0.1,0.0,0.0015,1.95
5173,1.222,0.0,0.0,0.0,0.0,1.95
5174,1.222,0.0,0.0,0.0,0.0,1.95
5175,1.2225,0.5,0.1,0.0,0.0015,1.95
5176,1.2225,0.5,0.1,0.0,0.0015,1.95
5177,1.222,0.0,0.0,0.0,0.0,1.95
5178,1.222,0.0,0.0,0.0,0.0,1.95
5179,1.222,0.0,0.0,0.0,0.0,1.95
5180,1.2225,0.5,0.1,0.0,0.0015,1.95
5181,1.222,0.0,0.0,0.0,0.0,1.95
5182,1.222,0.0,0.0,0.0,0.0,1.95
5183,1.222,0.0,0.0,0.0,0.0,1.95
5184,1.2225,0.5,0.1,0.0,0.0015,1.95
5185,1.222,0.0,0.0,0.0,0.0,1.95
5186,1.2225,0.5,0.1,0.0,0.0015,1.95
5187,1.2225,0.5,0.1,0.0,0.0015,1.95
5188,1.222,0.0,0.0,0.0,0.0,1.95
5189,1.222,0.0,0.0,0.0,0.0,1.95
5190,1.2225,0.5,0.1,0.0,0.0015,1.95
5191,1.222,0.0,0.0,0.0,0.0,1.95
5192,1.222,0.0,0.0,0.0,0.0,1.95
5193,1.222,0.0,0.0,0.0,0.0,1.95
5194,1.222,0.0,0.0,0.0,0.0,1.95
5195,1.222,0.0,0.0,0.0,0.0,1.95
5196,1.2225,0.5,0.1,0.0,0.0015,1.95
5197,1.222,0.0,0.0,0.0,0.0,1.95
5198,1.2225,0.5,0.1,0.0,0.0015,1.95
5199,1.2225,0.5,0.1,0.0,0.0015,1.95
5200,1.2225,0.5,0.1,0.0,0.0015,1.95
5201,1.222,0.0,0.0,0.0,0.0,1.95
5202,1.222,0.0,0.0,0.0,0.0,1.95
5203,1.2225,0.5,0.1,0.0,0.0015,1.95
5204,1.222,0.0,0.0,0.0,0.0,1.95
5205,1.222,0.0,0.0,0.0,0.0,1.95
5206,1.222,0.0,0.0,0.0,0.0,1.95
5207,1.222,0.0,0.0,0.0,0.0,1.95
5208,1.222,0.0,0.0,0.0,0.0,1.95
5209,1.2225,0.5,0.1,0.0,0.0015,1.95
5210,1.222,0.0,0.0,0.0,0.0,1.95
5211,1.222,0.0,0.0,0.0,0.0,1.95
5212,1.222,0.0,0.0,0.0,0.0,1.95
5213,1.222,0.0,0.0,0.0,0.0,1.95
5214,1.222,0.0,0.0,0.0,0.0,1.95
5215,1.222,0.0,0.0,0.0,0.0,1.95
5216,1.2225,0.5,0.1,0.0,0.0015,1.95
5217,1.222,0.0,0.0,0.0,0.0,1.95
5218,1.2225,0.5,0.1,0.0,0.0015,1.95
5219,1.222,0.0,0.0,0.0,0.0,1.95
5220,1.222,0.0,0.0,0.0,0.0,1.95
5221,1.2225,0.5,0.1,0.0,0.0015,1.95
5222,1.222,0.0,0.0,0.0,0.0,1.95
5223,1.2225,0.5,0.1,0.0,0.0015,1.95
5224,1.222,0.0,0.0,0.0,0.0,1.95
5225,1.222,0.0,0.0,0.0,0.0,1.95
5226,1.222,0.0,0.0,0.0,0.0,1.95
5227,1.2225,0.5,0.1,0.0,0.0015,1.95
5228,1.2225,0.5,0.1,0.0,0.0015,1.95
5229,1.222,0.0,0.0,0.0,0.0,1.95
5230,1.2225,0.5,0.1,0.0,0.0015,1.95
5231,1.2225,0.5,0.1,0.0,0.0015,1.95
5232,1.222,0.0,0.0,0.0,0.0,1.95
5233,1.222,0.0,0.0,0.0,0.0,1.95
5234,1.2225,0.5,0.1,0.0,0.0015,1.95
5235,1.2225,0.5,0.1,0.0,0.0015,1.95
5236,1.2225,0.5,0.1,0.0,0.0015,1.95
5237,1.222,0.0,0.0,0.0,0.0,1.95
5238,1.2225,0.5,0.1,0.0,0.0015,1.95
5239,1.2225,0.5,0.1,0.0,0.0015,1.95
5240,1.2225,0.5,0.1,0.0,0.0015,1.95
5241,1.222,0.0,0.0,0.0,0.0,1.95
5242,1.2225,0.5,0.1,0.0,0.0015,1.95
5243,1.2225,0.5,0.1,0.0,0.0015,1.95
5244,1.2225,0.5,0.1,0.0,0.0015,1.95
5245,1.2225,0.5,0.1,0.0,0.0015,1.95
5246,1.2225,0.5,0.1,0.0,0.0015,1.95
5247,1.222,0.0,0.0,0.0,0.0,1.95
5248,1.2225,0.5,0.1,0.0,0.0015,1.95
5249,1.2225,0.5,0.1,0.0,0.0015,1.95
5250,1.2225,0.5,0.1,0.0,0.0015,1.95
5251,1.2225,0.5,0.1,0.0,0.0015,1.95
5252,1.222,0.0,0.0,0.0,0.0,1.95
5253,1.2225,0.5,0.1,0.0,0.0015,1.95
5254,1.2225,0.5,0.1,0.0,0.0015,1.95
5255,1.222,0.0,0.0,0.0,0.0,1.95
5256,1.222,0.0,0.0,0.0,0.0,1.95
5257,1.222,0.0,0.0,0.0,0.0,1.95
5258,1.2225,0.5,0.1,0.0,0.0015,1.95
5259,1.2225,0.5,0.1,0.0,0.0015,1.95
5260,1.222,0.0,0.0,0.0,0.0,1.95
5261,1.2225,0.5,0.1,0.0,0.0015,1.95
5262,1.2225,0.5,0.1,0.0,0.0015,1.95
5263,1.2225,0.5,0.1,0.0,0.0015,1.95
5264,1.222,0.0,0.0,0.0,0.0,1.95
5265,1.2225,0.5,0.1,0.0,0.0015,1.95
5266,1.222,0.0,0.0,0.0,0.0,1.95
5267,1.2225,0.5,0.1,0.0,0.0015,1.95
5268,1.2225,0.5,0.1,0.0,0.0015,1.95
5269,1.2225,0.5,0.1,0.0,0.0015,1.95
5270,1.2225,0.5,0.1,0.0,0.0015,1.95
5271,1.222,0.0,0.0,0.0,0.0,1.95
5272,1.222,0.0,0.0,0.0,0.0,1.95
5273,1.222,0.0,0.0,0.0,0.0,1.95
5274,1.222,0.0,0.0,0.0,0.0,1.95
5275,1.2225,0.5,0.1,0.0,0.0015,1.95
5276,1.2225,0.5,0.1,0.0,0.0015,1.95
5277,1.2225,0.5,0.1,0.0,0.0015,1.95
5278,1.2225,0.5,0.1,0.0,0.0015,1.95
5279,1.2225,0.5,0.1,0.0,0.0015,1.95
5280,1.2225,0.5,0.1,0.0,0.0015,1.95
5281,1.2225,0.5,0.1,0.0,0.0015,1.95
5282,1.2225,0.5,0.1,0.0,0.0015,1.95
5283,1.222,0.0,0.0,0.0,0.0,1.95
5284,1.2225,0.5,0.1,0.0,0.0015,1.95
5285,1.222,0.0,0.0,0.0,0.0,1.95
5286,1.2225,0.5,0.1,0.0,0.0015,1.95
5287,1.2225,0.5,0.1,0.0,0.0015,1.95
5288,1.2225,0.5,0.1,0.0,0.0015,1.95
5289,1.2225,0.5,0.1,0.0,0.0015,1.95
5290,1.2225,0.5,0.1,0.0,0.0015,1.95
5291,1.222,0.0,0.0,0.0,0.0,1.95
5292,1.2225,0.5,0.1,0.0,0.0015,1.95
5293,1.2225,0.5,0.1,0.0,0.0015,1.95
5294,1.2225,0.5,0.1,0.0,0.0015,1.95
5295,1.222,0.0,0.0,0.0,0.0,1.95
5296,1.222,0.0,0.0,0.0,0.0,1.95
5297,1.2225,0.5,0.1,0.0,0.0015,1.95
5298,1.222,0.0,0.0,0.0,0.0,1.95
5299,1.222,0.0,0.0,0.0,0.0,1.95
5300,1.2225,0.5,0.1,0.0,0.0015,1.95
5301,1.2225,0.5,0.1,0.0,0.0015,1.95
5302,1.2225,0.5,0.1,0.0,0.0015,1.95
5303,1.2225,0.5,0.1,0.0,0.0015,1.95
5304,1.2225,0.5,0.1,0.0,0.0015,1.95
5305,1.222,0.0,0.0,0.0,0.0,1.95
5306,1.2225,0.5,0.1,0.0,0.0015,1.95
5307,1.2225,0.5,0.1,0.0,0.0015,1.95
5308,1.222,0.0,0.0,0.0,0.0,1.95
5309,1.222,0.0,0.0,0.0,0.0,1.95
5310,1.2225,0.5,0.1,0.0,0.0015,1.95
5311,1.222,0.0,0.0,0.0,0.0,1.95
5312,1.222,0.0,0.0,0.0,0.0,1.95
5313,1.2225,0.5,0.1,0.0,0.0015,1.95
5314,1.2225,0.5,0.1,0.0,0.0015,1.95
5315,1.2225,0.5,0.1,0.0,0.0015,1.95
5316,1.2225,0.5,0.1,0.0,0.0015,1.95
5317,1.222,0.0,0.0,0.0,0.0,1.95
5318,1.2225,0.5,0.1,0.0,0.0015,1.95
5319,1.2225,0.5,0.1,0.0,0.0015,1.95
5320,1.222,0.0,0.0,0.0,0.0,1.95
5321,1.222,0.0,0.0,0.0,0.0,1.95
5322,1.222,0.0,0.0,0.0,0.0,1.95
5323,1.2225,0.5,0.1,0.0,0.0015,1.95
5324,1.2225,0.5,0.1,0.0,0.0015,1.95
5325,1.2225,0.5,0.1,0.0,0.0015,1.95
5326,1.222,0.0,0.0,0.0,0.0,1.95
5327,1.2225,0.5,0.1,0.0,0.0015,1.95
5328,1.2225,0.5,0.1,0.0,0.0015,1.95
5329,1.2225,0.5,0.1,0.0,0.0015,1.95
5330,1.2225,0.5,0.1,0.0,0.0015,1.95
5331,1.2225,0.5,0.1,0.0,0.0015,1.95
5332,1.222,0.0,0.0,0.0,0.0,1.95
5333,1.2225,0.5,0.1,0.0,0.0015,1.95
5334,1.222,0.0,0.0,0.0,0.0,1.95
5335,1.222,0.0,0.0,0.0,0.0,1.95
5336,1.2225,0.5,0.1,0.0,0.0015,1.95
5337,1.222,0.0,0.0,0.0,0.0,1.95
5338,1.222,0.0,0.0,0.0,0.0,1.95
5339,1.2225,0.5,0.1,0.0,0.0015,1.95
5340,1.222,0.0,0.0,0.0,0.0,1.95
5341,1.222,0.0,0.0,0.0,0.0,1.95
5342,1.222,0.0,0.0,0.0,0.0,1.95
5343,1.2225,0.5,0.1,0.0,0.0015,1.95
5344,1.2225,0.5,0.1,0.0,0.0015,1.95
5345,1.2225,0.5,0.1,0.0,0.0015,1.95
5346,1.222,0.0,0.0,0.0,0.0,1.95
5347,1.2225,0.5,0.1,0.0,0.0015,1.95
5348,1.222,0.0,0.0,0.0,0.0,1.95
5349,1.2225,0.5,0.1,0.0,0.0015,1.95
5350,1.222,0.0,0.0,0.0,0.0,1.95
5351,1.2225,0.5,0.1,0.0,0.0015,1.95
5352,1.222,0.0,0.0,0.0,0.0,1.95
5353,1.2225,0.5,0.1,0.0,0.0015,1.95
5354,1.222,0.0,0.0,0.0,0.0,1.95
5355,1.222,0.0,0.0,0.0,0.0,1.95
5356,1.222,0.0,0.0,0.0,0.0,1.95
5357,1.2225,0.5,0.1,0.0,0.0015,1.95
5358,1.2225,0.5,0.1,0.0,0.0015,1.95
5359,1.2225,0.5,0.1,0.0,0.0015,1.95
5360,1.2225,0.5,0.1,0.0,0.0015,1.95
5361,1.222,0.0,0.0,0.0,0.0,1.95
5362,1.2225,0.5,0.1,0.0,0.0015,1.95
5363,1.2225,0.5,0.1,0.0,0.0015,1.95
5364,1.2225,0.5,0.1,0.0,0.0015,1.95
5365,1.222,0.0,0.0,0.0,0.0,1.95
5366,1.222,0.0,0.0,0.0,0.0,1.95
5367,1.2225,0.5,0.1,0.0,0.0015,1.95
5368,1.2225,0.5,0.1,0.0,0.0015,1.95
5369,1.222,0.0,0.0,0.0,0.0,1.95
5370,1.2225,0.5,0.1,0.0,0.0015,1.95
5371,1.222,0.0,0.0,0.0,0.0,1.95
5372,1.222,0.0,0.0,0.0,0.0,1.95
5373,1.2225,0.5,0.1,0.0,0.0015,1.95
5374,1.2225,0.5,0.1,0.0,0.0015,1.95
5375,1.222,0.0,0.0,0.0,0.0,1.95
5376,1.222,0.0,0.0,0.0,0.0,1.95
5377,1.2225,0.5,0.1,0.0,0.0015,1.95
5378,1.2225,0.5,0.1,0.0,0.0015,1.95
5379,1.222,0.0,0.0,0.0,0.0,1.95
5380,1.222,0.0,0.0,0.0,0.0,1.95
5381,1.2225,0.5,0.1,0.0,0.0015,1.95
5382,1.2225,0.5,0.1,0.0,0.0015,1.95
5383,1.222,0.0,0.0,0.0,0.0,1.95
5384,1.2225,0.5,0.1,0.0,0.0015,1.95
5385,1.2225,0.5,0.1,0.0,0.0015,1.95
5386,1.2225,0.5,0.1,0.0,0.0015,1.95
5387,1.2225,0.5,0.1,0.0,0.0015,1.95
5388,1.222,0.0,0.0,0.0,0.0,1.95
5389,1.2225,0.5,0.1,0.0,0.0015,1.95
5390,1.222,0.0,0.0,0.0,0.0,1.95
5391,1.2225,0.5,0.1,0.0,0.0015,1.95
5392,1.222,0.0,0.0,0.0,0.0,1.95
5393,1.222,0.0,0.0,0.0,0.0,1.95
5394,1.2225,0.5,0.1,0.0,0.0015,1.95
5395,1.222,0.0,0.0,0.0,0.0,1.95
5396,1.2225,0.5,0.1,0.0,0.0015,1.95
5397,1.222,0.0,0.0,0.0,0.0,1.95
5398,1.2225,0.5,0.1,0.0,0.0015,1.95
5399,1.222,0.0,0.0,0.0,0.0,1.95
5400,1.222,0.0,0.0,0.0,0.0,1.95
5401,1.2225,0.5,0.1,0.0,0.0015,1.95
5402,1.222,0.0,0.0,0.0,0.0,1.95
5403,1.2225,0.5,0.1,0.0,0.0015,1.95
5404,1.222,0.0,0.0,0.0,0.0,1.95
5405,1.222,0.0,0.0,0.0,0.0,1.95
5406,1.222,0.0,0.0,0.0,0.0,1.95
5407,1.2225,0.5,0.1,0.0,0.0015,1.95
5408,1.222,0.0,0.0,0.0,0.0,1.95
5409,1.2225,0.5,0.1,0.0,0.0015,1.95
5410,1.222,0.0,0.0,0.0,0.0,1.95
5411,1.2225,0.5,0.1,0.0,0.0015,1.95
5412,1.2225,0.5,0.1,0.0,0.0015,1.95
5413,1.2225,0.5,0.1,0.0,0.0015,1.95
5414,1.2225,0.5,0.1,0.0,0.0015,1.95
5415,1.222,0.0,0.0,0.0,0.0,1.95
5416,1.222,0.0,0.0,0.0,0.0,1.95
5417,1.222,0.0,0.0,0.0,0.0,1.95
5418,1.222,0.0,0.0,0.0,0.0,1.95
5419,1.2225,0.5,0.1,0.0,0.0015,1.95
5420,1.222,0.0,0.0,0.0,0.0,1.95
5421,1.222,0.0,0.0,0.0,0.0,1.95
5422,1.222,0.0,0.0,0.0,0.0,1.95
5423,1.2225,0.5,0.1,0.0,0.0015,1.95
5424,1.2225,0.5,0.1,0.0,0.0015,1.95
5425,1.222,0.0,0.0,0.0,0.0,1.95
5426,1.2225,0.5,0.1,0.0,0.0015,1.95
5427,1.222,0.0,0.0,0.0,0.0,1.95
5428,1.2225,0.5,0.1,0.0,0.0015,1.95
5429,1.2225,0.5,0.1,0.0,0.0015,1.95
5430,1.222,0.0,0.0,0.0,0.0,1.95
5431,1.222,0.0,0.0,0.0,0.0,1.95
5432,1.222,0.0,0.0,0.0,0.0,1.95
5433,1.222,0.0,0.0,0.0,0.0,1.95
5434,1.2225,0.5,0.1,0.0,0.0015,1.95
5435,1.2225,0.5,0.1,0.0,0.0015,1.95
5436,1.2225,0.5,0.1,0.0,0.0015,1.95
5437,1.2225,0.5,0.1,0.0,0.0015,1.95
5438,1.222,0.0,0.0,0.0,0.0,1.95
5439,1.222,0.0,0.0,0.0,0.0,1.95
5440,1.222,0.0,0.0,0.0,0.0,1.95
5441,1.2225,0.5,0.1,0.0,0.0015,1.95
5442,1.2225,0.5,0.1,0.0,0.0015,1.95
5443,1.2225,0.5,0.1,0.0,0.0015,1.95
5444,1.222,0.0,0.0,0.0,0.0,1.95
5445,1.222,0.0,0.0,0.0,0.0,1.95
5446,1.2225,0.5,0.1,0.0,0.0015,1.95
5447,1.2225,0.5,0.1,0.0,0.0015,1.95
5448,1.2225,0.5,0.1,0.0,0.0015,1.95
5449,1.222,0.0,0.0,0.0,0.0,1.95
5450,1.222,0.0,0.0,0.0,0.0,1.95
5451,1.2225,0.5,0.1,0.0,0.0015,1.95
5452,1.2225,0.5,0.1,0.0,0.0015,1.95
5453,1.222,0.0,0.0,0.0,0.0,1.95
5454,1.2225,0.5,0.1,0.0,0.0015,1.95
5455,1.222,0.0,0.0,0.0,0.0,1.95
5456,1.2225,0.5,0.1,0.0,0.0015,1.95
5457,1.222,0.0,0.0,0.0,0.0,1.95
5458,1.222,0.0,0.0,0.0,0.0,1.95
5459,1.222,0.0,0.0,0.0,0.0,1.95
5460,1.222,0.0,0.0,0.0,0.0,1.95
5461,1.2225,0.5,0.1,0.0,0.0015,1.95
5462,1.222,0.0,0.0,0.0,0.0,1.95
5463,1.222,0.0,0.0,0.0,0.0,1.95
5464,1.2225,0.5,0.1,0.0,0.0015,1.95
5465,1.2225,0.5,0.1,0.0,0.0015,1.95
5466,1.2225,0.5,0.1,0.0,0.0015,1.95
5467,1.222,0.0,0.0,0.0,0.0,1.95
5468,1.222,0.0,0.0,0.0,0.0,1.95
5469,1.2225,0.5,0.1,0.0,0.0015,1.95
5470,1.2225,0.5,0.1,0.0,0.0015,1.95
5471,1.222,0.0,0.0,0.0,0.0,1.95
5472,1.2225,0.5,0.1,0.0,0.0015,1.95
5473,1.2225,0.5,0.1,0.0,0.0015,1.95
5474,1.2225,0.5,0.1,0.0,0.0015,1.95
5475,1.2225,0.5,0.1,0.0,0.0015,1.95
5476,1.222,0.0,0.0,0.0,0.0,1.95
5477,1.2225,0.5,0.1,0.0,0.0015,1.95
5478,1.222,0.0,0.0,0.0,0.0,1.95
5479,1.222,0.0,0.0,0.0,0.0,1.95
5480,1.222,0.0,0.0,0.0,0.0,1.95
5481,1.222,0.0,0.0,0.0,0.0,1.95
5482,1.222,0.0,0.0,0.0,0.0,1.95
5483,1.2225,0.5,0.1,0.0,0.0015,1.95
5484,1.222,0.0,0.0,0.0,0.0,1.95
5485,1.2225,0.5,0.1,0.0,0.0015,1.95
5486,1.2225,0.5,0.1,0.0,0.0015,1.95
5487,1.2225,0.5,0.1,0.0,0.0015,1.95
5488,1.2225,0.5,0.1,0.0,0.0015,1.95
5489,1.222,0.0,0.0,0.0,0.0,1.95
5490,1.222,0.0,0.0,0.0,0.0,1.95
5491,1.222,0.0,0.0,0.0,0.0,1.95
5492,1.2225,0.5,0.1,0.0,0.0015,1.95
5493,1.222,0.0,0.0,0.0,0.0,1.95
5494,1.2225,0.5,0.1,0.0,0.0015,1.95
5495,1.2225,0.5,0.1,0.0,0.0015,1.95
5496,1.2225,0.5,0.1,0.0,0.0015,1.95
5497,1.222,0.0,0.0,0.0,0.0,1.95
5498,1.2225,0.5,0.1,0.0,0.0015,1.95
5499,1.222,0.0,0.0,0.0,0.0,1.95
5500,1.222,0.0,0.0,0.0,0.0,1.95
5501,1.2225,0.5,0.1,0.0,0.0015,1.95
5502,1.2225,0.5,0.1,0.0,0.0015,1.95
5503,1.222,0.0,0.0,0.0,0.0,1.95
5504,1.2225,0.5,0.1,0.0,0.0015,1.95
5505,1.222,0.0,0.0,0.0,0.0,1.95
5506,1.222,0.0,0.0,0.0,0.0,1.95
5507,1.2225,0.5,0.1,0.0,0.0015,1.95
5508,1.222,0.0,0.0,0.0,0.0,1.95
5509,1.2225,0.5,0.1,0.0,0.0015,1.95
5510,1.222,0.0,0.0,0.0,0.0,1.95
5511,1.2225,0.5,0.1,0.0,0.0015,1.95
5512,1.222,0.0,0.0,0.0,0.0,1.95
5513,1.2225,0.5,0.1,0.0,0.0015,1.95
5514,1.222,0.0,0.0,0.0,0.0,1.95
5515,1.2225,0.5,0.1,0.0,0.0015,1.95
5516,1.222,0.0,0.0,0.0,0.0,1.95
5517,1.222,0.0,0.0,0.0,0.0,1.95
5518,1.222,0.0,0.0,0.0,0.0,1.95
5519,1.222,0.0,0.0,0.0,0.0,1.95
5520,1.2225,0.5,0.1,0.0,0.0015,1.95
5521,1.2225,0.5,0.1,0.0,0.0015,1.95
5522,1.2225,0.5,0.1,0.0,0.0015,1.95
5523,1.2225,0.5,0.1,0.0,0.0015,1.95
5524,1.2225,0.5,0.1,0.0,0.0015,1.95
5525,1.222,0.0,0.0,0.0,0.0,1.95
5526,1.2225,0.5,0.1,0.0,0.0015,1.95
5527,1.2225,0.5,0.1,0.0,0.0015,1.95
5528,1.222,0.0,0.0,0.0,0.0,1.95
5529,1.2225,0.5,0.1,0.0,0.0015,1.95
5530,1.2225,0.5,0.1,0.0,0.0015,1.95
5531,1.2225,0.5,0.1,0.0,0.0015,1.95
5532,1.222,0.0,0.0,0.0,0.0,1.95
5533,1.2225,0.5,0.1,0.0,0.0015,1.95
5534,1.222,0.0,0.0,0.0,0.0,1.95
5535,1.222,0.0,0.0,0.0,0.0,1.95
5536,1.2225,0.5,0.1,0.0,0.0015,1.95
5537,1.2225,0.5,0.1,0.0,0.0015,1.95
5538,1.222,0.0,0.0,0.0,0.0,1.95
5539,1.222,0.0,0.0,0.0,0.0,1.95
5540,1.222,0.0,0.0,0.0,0.0,1.95
5541,1.2225,0.5,0.1,0.0,0.0015,1.95
5542,1.222,0.0,0.0,0.0,0.0,1.95
5543,1.222,0.0,0.0,0.0,0.0,1.95
5544,1.222,0.0,0.0,0.0,0.0,1.95
5545,1.2225,0.5,0.1,0.0,0.0015,1.95
5546,1.222,0.0,0.0,0.0,0.0,1.95
5547,1.222,0.0,0.0,0.0,0.0,1.95
5548,1.2225,0.5,0.1,0.0,0.0015,1.95
5549,1.222,0.0,0.0,0.0,0.0,1.95
5550,1.2225,0.5,0.1,0.0,0.0015,1.95
5551,1.2225,0.5,0.1,0.0,0.0015,1.95
5552,1.222,0.0,0.0,0.0,0.0,1.95
5553,1.2225,0.5,0.1,0.0,0.0015,1.95
5554,1.2225,0.5,0.1,0.0,0.0015,1.95
5555,1.222,0.0,0.0,0.0,0.0,1.95
5556,1.222,0.0,0.0,0.0,0.0,1.95
5557,1.222,0.0,0.0,0.0,0.0,1.95
5558,1.2225,0.5,0.1,0.0,0.0015,1.95
5559,1.2225,0.5,0.1,0.0,0.0015,1.95
5560,1.222,0.0,0.0,0.0,0.0,1.95
5561,1.222,0.0,0.0,0.0,0.0,1.95
5562,1.222,0.0,0.0,0.0,0.0,1.95
5563,1.2225,0.5,0.1,0.0,0.0015,1.95
5564,1.2225,0.5,0.1,0.0,0.0015,1.95
5565,1.2225,0.5,0.1,0.0,0.0015,1.95
5566,1.2225,0.5,0.1,0.0,0.0015,1.95
5567,1.2225,0.5,0.1,0.0,0.0015,1.95
5568,1.2225,0.5,0.1,0.0,0.0015,1.95
5569,1.2225,0.5,0.1,0.0,0.0015,1.95
5570,1.2225,0.5,0.1,0.0,0.0015,1.95
5571,1.2225,0.5,0.1,0.0,0.0015,1.95
5572,1.222,0.0,0.0,0.0,0.0,1.95
5573,1.222,0.0,0.0,0.0,0.0,1.95
5574,1.2225,0.5,0.1,0.0,0.0015,1.95
5575,1.222,0.0,0.0,0.0,0.0,1.95
5576,1.222,0.0,0.0,0.0,0.0,1.95
5577,1.222,0.0,0.0,0.0,0.0,1.95
5578,1.2225,0.5,0.1,0.0,0.0015,1.95
5579,1.2225,0.5,0.1,0.0,0.0015,1.95
5580,1.2225,0.5,0.1,0.0,0.0015,1.95
5581,1.222,0.0,0.0,0.0,0.0,1.95
5582,1.222,0.0,0.0,0.0,0.0,1.95
5583,1.2225,0.5,0.1,0.0,0.0015,1.95
5584,1.222,0.0,0.0,0.0,0.0,1.95
5585,1.2225,0.5,0.1,0.0,0.0015,1.95
5586,1.2225,0.5,0.1,0.0,0.0015,1.95
5587,1.222,0.0,0.0,0.0,0.0,1.95
5588,1.2225,0.5,0.1,0.0,0.0015,1.95
5589,1.222,0.0,0.0,0.0,0.0,1.95
5590,1.2225,0.5,0.1,0.0,0.0015,1.95
5591,1.222,0.0,0.0,0.0,0.0,1.95
5592,1.222,0.0,0.0,0.0,0.0,1.95
5593,1.222,0.0,0.0,0.0,0.0,1.95
5594,1.222,0.0,0.0,0.0,0.0,1.95
5595,1.222,0.0,0.0,0.0,0.0,1.95
5596,1.222,0.0,0.0,0.0,0.0,1.95
5597,1.222,0.0,0.0,0.0,0.0,1.95
5598,1.2225,0.5,0.1,0.0,0.0015,1.95
5599,1.222,0.0,0.0,0.0,0.0,1.95
5600,1.222,0.0,0.0,0.0,0.0,1.95
5601,1.222,0.0,0.0,0.0,0.0,1.95
5602,1.2225,0.5,0.1,0.0,0.0015,1.95
5603,1.222,0.0,0.0,0.0,0.0,1.95
5604,1.2225,0.5,0.1,0.0,0.0015,1.95
5605,1.222,0.0,0.0,0.0,0.0,1.95
5606,1.2225,0.5,0.1,0.0,0.0015,1.95
5607,1.222,0.0,0.0,0.0,0.0,1.95
5608,1.2225,0.5,0.1,0.0,0.0015,1.95
5609,1.2225,0.5,0.1,0.0,0.0015,1.95
5610,1.2225,0.5,0.1,0.0,0.0015,1.95
5611,1.2225,0.5,0.1,0.0,0.0015,1.95
5612,1.222,0.0,0.0,0.0,0.0,1.95
5613,1.222,0.0,0.0,0.0,0.0,1.95
5614,1.2225,0.5,0.1,0.0,0.0015,1.95
5615,1.222,0.0,0.0,0.0,0.0,1.95
5616,1.222,0.0,0.0,0.0,0.0,1.95
5617,1.222,0.0,0.0,0.0,0.0,1.95
5618,1.2225,0.5,0.1,0.0,0.0015,1.95
5619,1.2225,0.5,0.1,0.0,0.0015,1.95
5620,1.222,0.0,0.0,0.0,0.0,1.95
5621,1.222,0.0,0.0,0.0,0.0,1.95
5622,1.222,0.0,0.0,0.0,0.0,1.95
5623,1.2225,0.5,0.1,0.0,0.0015,1.95
5624,1.222,0.0,0.0,0.0,0.0,1.95
5625,1.222,0.0,0.0,0.0,0.0,1.95
5626,1.2225,0.5,0.1,0.0,0.0015,1.95
5627,1.222,0.0,0.0,0.0,0.0,1.95
5628,1.222,0.0,0.0,0.0,0.0,1.95
5629,1.2225,0.5,0.1,0.0,0.0015,1.95
5630,1.2225,0.5,0.1,0.0,0.0015,1.95
5631,1.2225,0.5,0.1,0.0,0.0015,1.95
5632,1.2225,0.5,0.1,0.0,0.0015,1.95
5633,1.222,0.0,0.0,0.0,0.0,1.95
5634,1.2225,0.5,0.1,0.0,0.0015,1.95
5635,1.222,0.0,0.0,0.0,0.0,1.95
5636,1.222,0.0,0.0,0.0,0.0,1.95
5637,1.2225,0.5,0.1,0.0,0.0015,1.95
5638,1.2225,0.5,0.1,0.0,0.0015,1.95
5639,1.222,0.0,0.0,0.0,0.0,1.95
5640,1.2225,0.5,0.1,0.0,0.0015,1.95
5641,1.2225,0.5,0.1,0.0,0.0015,1.95
5642,1.222,0.0,0.0,0.0,0.0,1.95
5643,1.222,0.0,0.0,0.0,0.0,1.95
5644,1.222,0.0,0.0,0.0,0.0,1.95
5645,1.222,0.0,0.0,0.0,0.0,1.95
5646,1.222,0.0,0.0,0.0,0.0,1.95
5647,1.222,0.0,0.0,0.0,0.0,1.95
5648,1.222,0.0,0.0,0.0,0.0,1.95
5649,1.222,0.0,0.0,0.0,0.0,1.95
5650,1.2225,0.5,0.1,0.0,0.0015,1.95
5651,1.2225,0.5,0.1,0.0,0.0015,1.95
5652,1.222,0.0,0.0,0.0,0.0,1.95
5653,1.2225,0.5,0.1,0.0,0.0015,1.95
5654,1.2225,0.5,0.1,0.0,0.0015,1.95
5655,1.2225,0.5,0.1,0.0,0.0015,1.95
5656,1.222,0.0,0.0,0.0,0.0,1.95
5657,1.222,0.0,0.0,0.0,0.0,1.95
5658,1.2225,0.5,0.1,0.0,0.0015,1.95
5659,1.2225,0.5,0.1,0.0,0.0015,1.95
5660,1.2225,0.5,0.1,0.0,0.0015,1.95
5661,1.2225,0.5,0.1,0.0,0.0015,1.95
5662,1.2225,0.5,0.1,0.0,0.0015,1.95
5663,1.222,0.0,0.0,0.0,0.0,1.95
5664,1.2225,0.5,0.1,0.0,0.0015,1.95
5665,1.2225,0.5,0.1,0.0,0.0015,1.95
5666,1.222,0.0,0.0,0.0,0.0,1.95
5667,1.2225,0.5,0.1,0.0,0.0015,1.95
5668,1.2225,0.5,0.1,0.0,0.0015,1.95
5669,1.2225,0.5,0.1,0.0,0.0015,1.95
5670,1.2225,0.5,0.1,0.0,0.0015,1.95
5671,1.2225,0.5,0.1,0.0,0.0015,1.95
5672,1.222,0.0,0.0,0.0,0.0,1.95
5673,1.222,0.0,0.0,0.0,0.0,1.95
5674,1.222,0.0,0.0,0.0,0.0,1.95
5675,1.2225,0.5,0.1,0.0,0.0015,1.95
5676,1.222,0.0,0.0,0.0,0.0,1.95
5677,1.2225,0.5,0.1,0.0,0.0015,1.95
5678,1.222,0.0,0.0,0.0,0.0,1.95
5679,1.2225,0.5,0.1,0.0,0.0015,1.95
5680,1.222,0.0,0.0,0.0,0.0,1.95
5681,1.2225,0.5,0.1,0.0,0.0015,1.95
5682,1.222,0.0,0.0,0.0,0.0,1.95
5683,1.2225,0.5,0.1,0.0,0.0015,1.95
5684,1.2225,0.5,0.1,0.0,0.0015,1.95
5685,1.222,0.0,0.0,0.0,0.0,1.95
5686,1.222,0.0,0.0,0.0,0.0,1.95
5687,1.222,0.0,0.0,0.0,0.0,1.95
5688,1.222,0.0,0.0,0.0,0.0,1.95
5689,1.2225,0.5,0.1,0.0,0.0015,1.95
5690,1.2225,0.5,0.1,0.0,0.0015,1.95
5691,1.222,0.0,0.0,0.0,0.0,1.95
5692,1.222,0.0,0.0,0.0,0.0,1.95
5693,1.2225,0.5,0.1,0.0,0.0015,1.95
5694,1.2225,0.5,0.1,0.0,0.0015,1.95
5695,1.2225,0.5,0.1,0.0,0.0015,1.95
5696,1.2225,0.5,0.1,0.0,0.0015,1.95
5697,1.2225,0.5,0.1,0.0,0.0015,1.95
5698,1.222,0.0,0.0,0.0,0.0,1.95
5699,1.222,0.0,0.0,0.0,0.0,1.95
5700,1.2225,0.5,0.1,0.0,0.0015,1.95
5701,1.2225,0.5,0.1,0.0,0.0015,1.95
5702,1.222,0.0,0.0,0.0,0.0,1.95
5703,1.222,0.0,0.0,0.0,0.0,1.95
5704,1.222,0.0,0.0,0.0,0.0,1.95
5705,1.2225,0.5,0.1,0.0,0.0015,1.95
5706,1.222,0.0,0.0,0.0,0.0,1.95
5707,1.2225,0.5,0.1,0.0,0.0015,1.95
5708,1.222,0.0,0.0,0.0,0.0,1.95
5709,1.222,0.0,0.0,0.0,0.0,1.95
5710,1.222,0.0,0.0,0.0,0.0,1.95
5711,1.2225,0.5,0.1,0.0,0.0015,1.95
5712,1.2225,0.5,0.1,0.0,0.0015,1.95
5713,1.222,0.0,0.0,0.0,0.0,1.95
5714,1.2225,0.5,0.1,0.0,0.0015,1.95
5715,1.2225,0.5,0.1,0.0,0.0015,1.95
5716,1.2225,0.5,0.1,0.0,0.0015,1.95
5717,1.2225,0.5,0.1,0.0,0.0015,1.95
5718,1.222,0.0,0.0,0.0,0.0,1.95
5719,1.222,0.0,0.0,0.0,0.0,1.95
5720,1.2225,0.5,0.1,0.0,0.0015,1.95
5721,1.2225,0.5,0.1,0.0,0.0015,1.95
5722,1.2225,0.5,0.1,0.0,0.0015,1.95
5723,1.222,0.0,0.0,0.0,0.0,1.95
5724,1.222,0.0,0.0,0.0,0.0,1.95
5725,1.222,0.0,0.0,0.0,0.0,1.95
5726,1.222,0.0,0.0,0.0,0.0,1.95
5727,1.2225,0.5,0.1,0.0,0.0015,1.95
5728,1.2225,0.5,0.1,0.0,0.0015,1.95
5729,1.2225,0.5,0.1,0.0,0.0015,1.95
5730,1.222,0.0,0.0,0.0,0.0,1.95
5731,1.222,0.0,0.0,0.0,0.0,1.95
5732,1.222,0.0,0.0,0.0,0.0,1.95
5733,1.222,0.0,0.0,0.0,0.0,1.95
5734,1.222,0.0,0.0,0.0,0.0,1.95
5735,1.222,0.0,0.0,0.0,0.0,1.95
5736,1.2225,0.5,0.1,0.0,0.0015,1.95
5737,1.2225,0.5,0.1,0.0,0.0015,1.95
5738,1.222,0.0,0.0,0.0,0.0,1.95
5739,1.2225,0.5,0.1,0.0,0.0015,1.95
5740,1.222,0.0,0.0,0.0,0.0,1.95
5741,1.222,0.0,0.0,0.0,0.0,1.95
5742,1.222,0.0,0.0,0.0,0.0,1.95
5743,1.222,0.0,0.0,0.0,0.0,1.95
5744,1.222,0.0,0.0,0.0,0.0,1.95
5745,1.2225,0.5,0.1,0.0,0.0015,1.95
5746,1.2225,0.5,0.1,0.0,0.0015,1.95
5747,1.222,0.0,0.0,0.0,0.0,1.95
5748,1.2225,0.5,0.1,0.0,0.0015,1.95
5749,1.222,0.0,0.0,0.0,0.0,1.95
5750,1.222,0.0,0.0,0.0,0.0,1.95
5751,1.2225,0.5,0.1,0.0,0.0015,1.95
5752,1.2225,0.5,0.1,0.0,0.0015,1.95
5753,1.222,0.0,0.0,0.0,0.0,1.95
5754,1.222,0.0,0.0,0.0,0.0,1.95
5755,1.2225,0.5,0.1,0.0,0.0015,1.95
5756,1.222,0.0,0.0,0.0,0.0,1.95
5757,1.222,0.0,0.0,0.0,0.0,1.95
5758,1.222,0.0,0.0,0.0,0.0,1.95
5759,1.2225,0.5,0.1,0.0,0.0015,1.95
5760,1.2225,0.5,0.1,0.0,0.0015,1.95
5761,1.222,0.0,0.0,0.0,0.0,1.95
5762,1.2225,0.5,0.1,0.0,0.0015,1.95
5763,1.2225,0.5,0.1,0.0,0.0015,1.95
5764,1.222,0.0,0.0,0.0,0.0,1.95
5765,1.2225,0.5,0.1,0.0,0.0015,1.95
5766,1.2225,0.5,0.1,0.0,0.0015,1.95
5767,1.2225,0.5,0.1,0.0,0.0015,1.95
5768,1.222,0.0,0.0,0.0,0.0,1.95
5769,1.222,0.0,0.0,0.0,0.0,1.95
5770,1.222,0.0,0.0,0.0,0.0,1.95
5771,1.2225,0.5,0.1,0.0,0.0015,1.95
5772,1.222,0.0,0.0,0.0,0.0,1.95
5773,1.222,0.0,0.0,0.0,0.0,1.95
5774,1.2225,0.5,0.1,0.0,0.0015,1.95
5775,1.222,0.0,0.0,0.0,0.0,1.95
5776,1.222,0.0,0.0,0.0,0.0,1.95
5777,1.2225,0.5,0.1,0.0,0.0015,1.95
5778,1.222,0.0,0.0,0.0,0.0,1.95
5779,1.222,0.0,0.0,0.0,0.0,1.95
5780,1.222,0.0,0.0,0.0,0.0,1.95
5781,1.222,0.0,0.0,0.0,0.0,1.95
5782,1.222,0.0,0.0,0.0,0.0,1.95
5783,1.2225,0.5,0.1,0.0,0.0015,1.95
5784,1.2225,0.5,0.1,0.0,0.0015,1.95
5785,1.222,0.0,0.0,0.0,0.0,1.95
5786,1.222,0.0,0.0,0.0,0.0,1.95
5787,1.222,0.0,0.0,0.0,0.0,1.95
5788,1.222,0.0,0.0,0.0,0.0,1.95
5789,1.2225,0.5,0.1,0.0,0.0015,1.95
5790,1.2225,0.5,0.1,0.0,0.0015,1.95
5791,1.222,0.0,0.0,0.0,0.0,1.95
5792,1.222,0.0,0.0,0.0,0.0,1.95
5793,1.2225,0.5,0.1,0.0,0.0015,1.95
5794,1.222,0.0,0.0,0.0,0.0,1.95
5795,1.2225,0.5,0.1,0.0,0.0015,1.95
5796,1.2225,0.5,0.1,0.0,0.0015,1.95
5797,1.2225,0.5,0.1,0.0,0.0015,1.95
5798,1.2225,0.5,0.1,0.0,0.0015,1.95
5799,1.222,0.0,0.0,0.0,0.0,1.95
5800,1.2225,0.5,0.1,0.0,0.0015,1.95
5801,1.222,0.0,0.0,0.0,0.0,1.95
5802,1.222,0.0,0.0,0.0,0.0,1.95
5803,1.2225,0.5,0.1,0.0,0.0015,1.95
5804,1.2225,0.5,0.1,0.0,0.0015,1.95
5805,1.2225,0.5,0.1,0.0,0.0015,1.95
5806,1.222,0.0,0.0,0.0,0.0,1.95
5807,1.222,0.0,0.0,0.0,0.0,1.95
5808,1.222,0.0,0.0,0.0,0.0,1.95
5809,1.222,0.0,0.0,0.0,0.0,1.95
5810,1.2225,0.5,0.1,0.0,0.0015,1.95
5811,1.2225,0.5,0.1,0.0,0.0015,1.95
5812,1.2225,0.5,0.1,0.0,0.0015,1.95
5813,1.222,0.0,0.0,0.0,0.0,1.95
5814,1.2225,0.5,0.1,0.0,0.0015,1.95
5815,1.222,0.0,0.0,0.0,0.0,1.95
5816,1.2225,0.5,0.1,0.0,0.0015,1.95
5817,1.2225,0.5,0.1,0.0,0.0015,1.95
5818,1.222,0.0,0.0,0.0,0.0,1.95
5819,1.222,0.0,0.0,0.0,0.0,1.95
5820,1.2225,0.5,0.1,0.0,0.0015,1.95
5821,1.2225,0.5,0.1,0.0,0.0015,1.95
5822,1.2225,0.5,0.1,0.0,0.0015,1.95
5823,1.222,0.0,0.0,0.0,0.0,1.95
5824,1.222,0.0,0.0,0.0,0.0,1.95
5825,1.222,0.0,0.0,0.0,0.0,1.95
5826,1.222,0.0,0.0,0.0,0.0,1.95
5827,1.222,0.0,0.0,0.0,0.0,1.95
5828,1.2225,0.5,0.1,0.0,0.0015,1.95
5829,1.2225,0.5,0.1,0.0,0.0015,1.95
5830,1.222,0.0,0.0,0.0,0.0,1.95
5831,1.222,0.0,0.0,0.0,0.0,1.95
5832,1.2225,0.5,0.1,0.0,0.0015,1.95
5833,1.222,0.0,0.0,0.0,0.0,1.95
5834,1.222,0.0,0.0,0.0,0.0,1.95
5835,1.222,0.0,0.0,0.0,0.0,1.95
5836,1.2225,0.5,0.1,0.0,0.0015,1.95
5837,1.222,0.0,0.0,0.0,0.0,1.95
5838,1.2225,0.5,0.1,0.0,0.0015,1.95
5839,1.2225,0.5,0.1,0.0,0.0015,1.95
5840,1.2225,0.5,0.1,0.0,0.0015,1.95
5841,1.222,0.0,0.0,0.0,0.0,1.95
5842,1.222,0.0,0.0,0.0,0.0,1.95
5843,1.222,0.0,0.0,0.0,0.0,1.95
5844,1.2225,0.5,0.1,0.0,0.0015,1.95
5845,1.2225,0.5,0.1,0.0,0.0015,1.95
5846,1.222,0.0,0.0,0.0,0.0,1.95
5847,1.222,0.0,0.0,0.0,0.0,1.95
5848,1.2225,0.5,0.1,0.0,0.0015,1.95
5849,1.222,0.0,0.0,0.0,0.0,1.95
5850,1.222,0.0,0.0,0.0,0.0,1.95
5851,1.222,0.0,0.0,0.0,0.0,1.95
5852,1.2225,0.5,0.1,0.0,0.0015,1.95
5853,1.222,0.0,0.0,0.0,0.0,1.95
5854,1.2225,0.5,0.1,0.0,0.0015,1.95
5855,1.2225,0.5,0.1,0.0,0.0015,1.95
5856,1.2225,0.5,0.1,0.0,0.0015,1.95
5857,1.2225,0.5,0.1,0.0,0.0015,1.95
5858,1.222,0.0,0.0,0.0,0.0,1.95
5859,1.222,0.0,0.0,0.0,0.0,1.95
5860,1.222,0.0,0.0,0.0,0.0,1.95
5861,1.2225,0.5,0.1,0.0,0.0015,1.95
5862,1.222,0.0,0.0,0.0,0.0,1.95
5863,1.222,0.0,0.0,0.0,0.0,1.95
5864,1.222,0.0,0.0,0.0,0.0,1.95
5865,1.2225,0.5,0.1,0.0,0.0015,1.95
5866,1.2225,0.5,0.1,0.0,0.0015,1.95
5867,1.2225,0.5,0.1,0.0,0.0015,1.95
5868,1.2225,0.5,0.1,0.0,0.0015,1.95
5869,1.222,0.0,0.0,0.0,0.0,1.95
1,1.222,0.0,0.0,0.0,0.0,1.95
2,1.222,0.0,0.0,0.0,0.0,1.95
3,1.222,0.0,0.0,0.0,0.0,1.95
4,1.222,0.0,0.0,0.0,0.0,1.95
5,1.222,0.0,0.0,0.0,0.0,1.95
6,0.022,0.5,0.1,0.02,0.0025,1.95
7,1.222,0.0,0.0,0.0,0.0,1.95
8,1.222,0.0,0.0,0.0,0.0,1.95
9,1.222,0.0,0.0,0.0,0.0,1.95
10,0.022,0.5,0.1,0.02,0.0025,1.95
11,0.022,0.5,0.1,0.02,0.0025,1.95
12,0.022,0.5,0.1,0.02,0.0025,1.95
13,1.222,0.0,0.0,0.0,0.0,1.95
14,1.222,0.0,0.0,0.0,0.0,1.95
15,0.022,0.5,0.1,0.02,0.0025,1.95
16,1.222,0.0,0.0,0.0,0.0,1.95
17,1.222,0.0,0.0,0.0,0.0,1.95
18,1.222,0.0,0.0,0.0,0.0,1.95
19,1.222,0.0,0.0,0.0,0.0,1.95
20,1.222,0.0,0.0,0.0,0.0,1.95
21,1.222,0.0,0.0,0.0,0.0,1.95
22,0.022,0.5,0.1,0.02,0.0025,1.95
23,0.022,0.5,0.1,0.02,0.0025,1.95
24,1.222,0.0,0.0,0.0,0.0,1.95
25,1.222,0.0,0.0,0.0,0.0,1.95
26,1.222,0.0,0.0,0.0,0.0,1.95
27,1.222,0.0,0.0,0.0,0.0,1.95
28,0.022,0.5,0.1,0.02,0.0025,1.95
29,1.222,0.0,0.0,0.0,0.0,1.95
30,1.222,0.0,0.0,0.0,0.0,1.95
31,1.222,0.0,0.0,0.0,0.0,1.95
32,0.022,0.5,0.1,0.02,0.0025,1.95
33,1.222,0.0,0.0,0.0,0.0,1.95
34,1.222,0.0,0.0,0.0,0.0,1.95
35,0.022,0.5,0.1,0.02,0.0025,1.95
36,1.222,0.0,0.0,0.0,0.0,1.95
37,1.222,0.0,0.0,0.0,0.0,1.95
38,0.022,0.5,0.1,0.02,0.0025,1.95
39,1.222,0.0,0.0,0.0,0.0,1.95
40,1.222,0.0,0.0,0.0,0.0,1.95
41,1.222,0.0,0.0,0.0,0.0,1.95
42,0.022,0.5,0.1,0.02,0.0025,1.95
43,1.222,0.0,0.0,0.0,0.0,1.95
44,1.222,0.0,0.0,0.0,0.0,1.95
45,0.022,0.5,0.1,0.02,0.0025,1.95
46,0.022,0.5,0.1,0.02,0.0025,1.95
47,0.022,0.5,0.1,0.02,0.0025,1.95
48,1.222,0.0,0.0,0.0,0.0,1.95
49,1.222,0.0,0.0,0.0,0.0,1.95
50,0.022,0.5,0.1,0.02,0.0025,1.95
51,1.222,0.0,0.0,0.0,0.0,1.95
52,0.022,0.5,0.1,0.02,0.0025,1.95
53,1.222,0.0,0.0,0.0,0.0,1.95
54,1.222,0.0,0.0,0.0,0.0,1.95
55,1.222,0.0,0.0,0.0,0.0,1.95
56,1.222,0.0,0.0,0.0,0.0,1.95
57,1.222,0.0,0.0,0.0,0.0,1.95
58,1.222,0.0,0.0,0.0,0.0,1.95
59,0.022,0.5,0.1,0.02,0.0025,1.95
60,1.222,0.0,0.0,0.0,0.0,1.95
61,1.222,0.0,0.0,0.0,0.0,1.95
62,0.022,0.5,0.1,0.02,0.0025,1.95
63,1.222,0.0,0.0,0.0,0.0,1.95
64,1.222,0.0,0.0,0.0,0.0,1.95
65,1.222,0.0,0.0,0.0,0.0,1.95
66,0.022,0.5,0.1,0.02,0.0025,1.95
67,0.022,0.5,0.1,0.02,0.0025,1.95
68,0.022,0.5,0.1,0.02,0.0025,1.95
69,1.222,0.0,0.0,0.0,0.0,1.95
70,1.222,0.0,0.0,0.0,0.0,1.95
71,0.022,0.5,0.1,0.02,0.0025,1.95
72,1.222,0.0,0.0,0.0,0.0,1.95
73,1.222,0.0,0.0,0.0,0.0,1.95
74,0.022,0.5,0.1,0.02,0.0025,1.95
75,1.222,0.0,0.0,0.0,0.0,1.95
76,1.222,0.0,0.0,0.0,0.0,1.95
77,1.222,0.0,0.0,0.0,0.0,1.95
78,1.222,0.0,0.0,0.0,0.0,1.95
79,0.022,0.5,0.1,0.02,0.0025,1.95
80,1.222,0.0,0.0,0.0,0.0,1.95
81,0.022,0.5,0.1,0.02,0.0025,1.95
82,0.022,0.5,0.1,0.02,0.0025,1.95
83,1.222,0.0,0.0,0.0,0.0,1.95
84,0.022,0.5,0.1,0.02,0.0025,1.95
85,0.022,0.5,0.1,0.02,0.0025,1.95
86,1.222,0.0,0.0,0.0,0.0,1.95
87,0.022,0.5,0.1,0.02,0.0025,1.95
88,1.222,0.0,0.0,0.0,0.0,1.95
89,1.222,0.0,0.0,0.0,0.0,1.95
90,1.222,0.0,0.0,0.0,0.0,1.95
91,0.022,0.5,0.1,0.02,0.0025,1.95
92,1.222,0.0,0.0,0.0,0.0,1.95
93,0.022,0.5,0.1,0.02,0.0025,1.95
94,1.222,0.0,0.0,0.0,0.0,1.95
95,1.222,0.0,0.0,0.0,0.0,1.95
96,0.022,0.5,0.1,0.02,0.0025,1.95
97,1.222,0.0,0.0,0.0,0.0,1.95
98,1.222,0.0,0.0,0.0,0.0,1.95
99,1.222,0.0,0.0,0.0,0.0,1.95
100,0.022,0.5,0.1,0.02,0.0025,1.95
101,1.222,0.0,0.0,0.0,0.0,1.95
102,0.022,0.5,0.1,0.02,0.0025,1.95
103,0.022,0.5,0.1,0.02,0.0025,1.95
104,1.222,0.0,0.0,0.0,0.0,1.95
105,0.022,0.5,0.1,0.02,0.0025,1.95
106,0.022,0.5,0.1,0.02,0.0025,1.95
107,1.222,0.0,0.0,0.0,0.0,1.95
108,1.222,0.0,0.0,0.0,0.0,1.95
109,0.022,0.5,0.1,0.02,0.0025,1.95
110,1.222,0.0,0.0,0.0,0.0,1.95
111,1.222,0.0,0.0,0.0,0.0,1.95
112,1.222,0.0,0.0,0.0,0.0,1.95
113,0.022,0.5,0.1,0.02,0.0025,1.95
114,0.022,0.5,0.1,0.02,0.0025,1.95
115,0.022,0.5,0.1,0.02,0.0025,1.95
116,0.022,0.5,0.1,0.02,0.0025,1.95
117,0.022,0.5,0.1,0.02,0.0025,1.95
118,1.222,0.0,0.0,0.0,0.0,1.95
119,1.222,0.0,0.0,0.0,0.0,1.95
120,0.022,0.5,0.1,0.02,0.0025,1.95
121,0.022,0.5,0.1,0.02,0.0025,1.95
122,0.022,0.5,0.1,0.02,0.0025,1.95
123,1.222,0.0,0.0,0.0,0.0,1.95
124,1.222,0.0,0.0,0.0,0.0,1.95
125,1.222,0.0,0.0,0.0,0.0,1.95
126,1.222,0.0,0.0,0.0,0.0,1.95
127,0.022,0.5,0.1,0.02,0.0025,1.95
128,1.222,0.0,0.0,0.0,0.0,1.95
129,0.022,0.5,0.1,0.02,0.0025,1.95
130,0.022,0.5,0.1,0.02,0.0025,1.95
131,1.222,0.0,0.0,0.0,0.0,1.95
132,1.222,0.0,0.0,0.0,0.0,1.95
133,0.022,0.5,0.1,0.02,0.0025,1.95
134,0.022,0.5,0.1,0.02,0.0025,1.95
135,0.022,0.5,0.1,0.02,0.0025,1.95
136,0.022,0.5,0.1,0.02,0.0025,1.95
137,1.222,0.0,0.0,0.0,0.0,1.95
138,1.222,0.0,0.0,0.0,0.0,1.95
139,0.022,0.5,0.1,0.02,0.0025,1.95
140,1.222,0.0,0.0,0.0,0.0,1.95
141,0.022,0.5,0.1,0.02,0.0025,1.95
142,1.222,0.0,0.0,0.0,0.0,1.95
143,0.022,0.5,0.1,0.02,0.0025,1.95
144,0.022,0.5,0.1,0.02,0.0025,1.95
145,0.022,0.5,0.1,0.02,0.0025,1.95
146,1.222,0.0,0.0,0.0,0.0,1.95
147,0.022,0.5,0.1,0.02,0.0025,1.95
148,1.222,0.0,0.0,0.0,0.0,1.95
149,1.222,0.0,0.0,0.0,0.0,1.95
150,1.222,0.0,0.0,0.0,0.0,1.95
151,0.022,0.5,0.1,0.02,0.0025,1.95
152,0.022,0.5,0.1,0.02,0.0025,1.95
153,1.222,0.0,0.0,0.0,0.0,1.95
154,0.022,0.5,0.1,0.02,0.0025,1.95
155,1.222,0.0,0.0,0.0,0.0,1.95
156,1.222,0.0,0.0,0.0,0.0,1.95
157,1.222,0.0,0.0,0.0,0.0,1.95
158,0.022,0.5,0.1,0.02,0.0025,1.95
159,0.022,0.5,0.1,0.02,0.0025,1.95
160,0.022,0.5,0.1,0.02,0.0025,1.95
161,0.022,0.5,0.1,0.02,0.0025,1.95
162,0.022,0.5,0.1,0.02,0.0025,1.95
163,1.222,0.0,0.0,0.0,0.0,1.95
164,0.022,0.5,0.1,0.02,0.0025,1.95
165,0.022,0.5,0.1,0.02,0.0025,1.95
166,1.222,0.0,0.0,0.0,0.0,1.95
167,1.222,0.0,0.0,0.0,0.0,1.95
168,0.022,0.5,0.1,0.02,0.0025,1.95
169,1.222,0.0,0.0,0.0,0.0,1.95
170,1.222,0.0,0.0,0.0,0.0,1.95
171,1.222,0.0,0.0,0.0,0.0,1.95
172,0.022,0.5,0.1,0.02,0.0025,1.95
173,1.2225,0.5,0.1,0.0,0.0015,1.95
174,0.022,0.5,0.1,0.02,0.0025,1.95
175,1.222,0.0,0.0,0.0,0.0,1.95
176,1.222,0.0,0.0,0.0,0.0,1.95
177,1.222,0.0,0.0,0.0,0.0,1.95
178,1.222,0.0,0.0,0.0,0.0,1.95
179,0.022,0.5,0.1,0.02,0.0025,1.95
180,1.222,0.0,0.0,0.0,0.0,1.95
181,1.2225,0.5,0.1,0.0,0.0015,1.95
182,1.222,0.0,0.0,0.0,0.0,1.95
183,1.222,0.0,0.0,0.0,0.0,1.95
184,1.222,0.0,0.0,0.0,0.0,1.95
185,1.2225,0.5,0.1,0.0,0.0015,1.95
186,1.222,0.0,0.0,0.0,0.0,1.95
187,1.222,0.0,0.0,0.0,0.0,1.95
188,1.2225,0.5,0.1,0.0,0.0015,1.95
189,1.222,0.0,0.0,0.0,0.0,1.95
190,1.2225,0.5,0.1,0.0,0.0015,1.95
191,1.222,0.0,0.0,0.0,0.0,1.95
192,1.2225,0.5,0.1,0.0,0.0015,1.95
193,1.222,0.0,0.0,0.0,0.0,1.95
194,1.222,0.0,0.0,0.0,0.0,1.95
195,1.2225,0.5,0.1,0.0,0.0015,1.95
196,1.2225,0.5,0.1,0.0,0.0015,1.95
197,1.222,0.0,0.0,0.0,0.0,1.95
198,1.222,0.0,0.0,0.0,0.0,1.95
199,1.222,0.0,0.0,0.0,0.0,1.95
200,1.2225,0.5,0.1,0.0,0.0015,1.95
201,1.2225,0.5,0.1,0.0,0.0015,1.95
202,1.2225,0.5,0.1,0.0,0.0015,1.95
203,1.222,0.0,0.0,0.0,0.0,1.95
204,1.222,0.0,0.0,0.0,0.0,1.95
205,1.222,0.0,0.0,0.0,0.0,1.95
206,1.222,0.0,0.0,0.0,0.0,1.95
207,1.2225,0.5,0.1,0.0,0.0015,1.95
208,1.222,0.0,0.0,0.0,0.0,1.95
209,1.2225,0.5,0.1,0.0,0.0015,1.95
210,1.2225,0.5,0.1,0.0,0.0015,1.95
211,1.2225,0.5,0.1,0.0,0.0015,1.95
212,1.222,0.0,0.0,0.0,0.0,1.95
213,1.222,0.0,0.0,0.0,0.0,1.95
214,1.2225,0.5,0.1,0.0,0.0015,1.95
215,1.222,0.0,0.0,0.0,0.0,1.95
216,1.222,0.0,0.0,0.0,0.0,1.95
217,1.222,0.0,0.0,0.0,0.0,1.95
218,1.222,0.0,0.0,0.0,0.0,1.95
219,1.222,0.0,0.0,0.0,0.0,1.95
220,1.2225,0.5,0.1,0.0,0.0015,1.95
221,1.222,0.0,0.0,0.0,0.0,1.95
222,1.222,0.0,0.0,0.0,0.0,1.95
223,1.222,0.0,0.0,0.0,0.0,1.95
224,1.222,0.0,0.0,0.0,0.0,1.95
225,1.222,0.0,0.0,0.0,0.0,1.95
226,1.222,0.0,0.0,0.0,0.0,1.95
227,1.222,0.0,0.0,0.0,0.0,1.95
228,1.222,0.0,0.0,0.0,0.0,1.95
229,1.2225,0.5,0.1,0.0,0.0015,1.95
230,1.222,0.0,0.0,0.0,0.0,1.95
231,1.2225,0.5,0.1,0.0,0.0015,1.95
232,1.2225,0.5,0.1,0.0,0.0015,1.95
233,1.222,0.0,0.0,0.0,0.0,1.95
234,1.2225,0.5,0.1,0.0,0.0015,1.95
235,1.222,0.0,0.0,0.0,0.0,1.95
236,1.2225,0.5,0.1,0.0,0.0015,1.95
237,1.222,0.0,0.0,0.0,0.0,1.95
238,1.222,0.0,0.0,0.0,0.0,1.95
239,1.2225,0.5,0.1,0.0,0.0015,1.95
240,1.222,0.0,0.0,0.0,0.0,1.95
241,1.222,0.0,0.0,0.0,0.0,1.95
242,1.2225,0.5,0.1,0.0,0.0015,1.95
243,1.222,0.0,0.0,0.0,0.0,1.95
244,1.222,0.0,0.0,0.0,0.0,1.95
245,1.222,0.0,0.0,0.0,0.0,1.95
246,1.2225,0.5,0.1,0.0,0.0015,1.95
247,1.2225,0.5,0.1,0.0,0.0015,1.95
248,1.2225,0.5,0.1,0.0,0.0015,1.95
249,1.222,0.0,0.0,0.0,0.0,1.95
250,1.222,0.0,0.0,0.0,0.0,1.95
251,1.222,0.0,0.0,0.0,0.0,1.95
252,1.2225,0.5,0.1,0.0,0.0015,1.95
253,1.2225,0.5,0.1,0.0,0.0015,1.95
254,1.2225,0.5,0.1,0.0,0.0015,1.95
255,1.2225,0.5,0.1,0.0,0.0015,1.95
256,1.222,0.0,0.0,0.0,0.0,1.95
257,1.2225,0.5,0.1,0.0,0.0015,1.95
258,1.222,0.0,0.0,0.0,0.0,1.95
259,1.222,0.0,0.0,0.0,0.0,1.95
260,1.2225,0.5,0.1,0.0,0.0015,1.95
261,1.2225,0.5,0.1,0.0,0.0015,1.95
262,1.2225,0.5,0.1,0.0,0.0015,1.95
263,1.222,0.0,0.0,0.0,0.0,1.95
264,1.2225,0.5,0.1,0.0,0.0015,1.95
265,1.222,0.0,0.0,0.0,0.0,1.95
266,1.222,0.0,0.0,0.0,0.0,1.95
267,1.2225,0.5,0.1,0.0,0.0015,1.95
268,1.222,0.0,0.0,0.0,0.0,1.95
269,1.222,0.0,0.0,0.0,0.0,1.95
270,1.222,0.0,0.0,0.0,0.0,1.95
271,1.2225,0.5,0.1,0.0,0.0015,1.95
272,1.2225,0.5,0.1,0.0,0.0015,1.95
273,1.2225,0.5,0.1,0.0,0.0015,1.95
274,1.222,0.0,0.0,0.0,0.0,1.95
275,1.2225,0.5,0.1,0.0,0.0015,1.95
276,1.222,0.0,0.0,0.0,0.0,1.95
277,1.2225,0.5,0.1,0.0,0.0015,1.95
278,1.2225,0.5,0.1,0.0,0.0015,1.95
279,1.2225,0.5,0.1,0.0,0.0015,1.95
280,1.222,0.0,0.0,0.0,0.0,1.95
281,1.2225,0.5,0.1,0.0,0.0015,1.95
282,1.222,0.0,0.0,0.0,0.0,1.95
283,1.222,0.0,0.0,0.0,0.0,1.95
284,1.222,0.0,0.0,0.0,0.0,1.95
285,1.222,0.0,0.0,0.0,0.0,1.95
286,1.222,0.0,0.0,0.0,0.0,1.95
287,1.2225,0.5,0.1,0.0,0.0015,1.95
288,1.222,0.0,0.0,0.0,0.0,1.95
289,1.222,0.0,0.0,0.0,0.0,1.95
290,1.2225,0.5,0.1,0.0,0.0015,1.95
291,1.2225,0.5,0.1,0.0,0.0015,1.95
292,1.222,0.0,0.0,0.0,0.0,1.95
293,1.222,0.0,0.0,0.0,0.0,1.95
294,1.2225,0.5,0.1,0.0,0.0015,1.95
295,1.2225,0.5,0.1,0.0,0.0015,1.95
296,1.222,0.0,0.0,0.0,0.0,1.95
297,1.2225,0.5,0.1,0.0,0.0015,1.95
298,1.2225,0.5,0.1,0.0,0.0015,1.95
299,1.2225,0.5,0.1,0.0,0.0015,1.95
300,1.2225,0.5,0.1,0.0,0.0015,1.95
301,1.222,0.0,0.0,0.0,0.0,1.95
302,1.222,0.0,0.0,0.0,0.0,1.95
303,1.222,0.0,0.0,0.0,0.0,1.95
304,1.2225,0.5,0.1,0.0,0.0015,1.95
305,1.222,0.0,0.0,0.0,0.0,1.95
306,1.2225,0.5,0.1,0.0,0.0015,1.95
307,1.222,0.0,0.0,0.0,0.0,1.95
308,1.2225,0.5,0.1,0.0,0.0015,1.95
309,1.2225,0.5,0.1,0.0,0.0015,1.95
310,1.2225,0.5,0.1,0.0,0.0015,1.95
311,1.2225,0.5,0.1,0.0,0.0015,1.95
312,1.222,0.0,0.0,0.0,0.0,1.95
313,1.2225,0.5,0.1,0.0,0.0015,1.95
314,1.222,0.0,0.0,0.0,0.0,1.95
315,1.2225,0.5,0.1,0.0,0.0015,1.95
316,1.222,0.0,0.0,0.0,0.0,1.95
317,1.2225,0.5,0.1,0.0,0.0015,1.95
318,1.222,0.0,0.0,0.0,0.0,1.95
319,1.2225,0.5,0.1,0.0,0.0015,1.95
320,1.222,0.0,0.0,0.0,0.0,1.95
321,1.2225,0.5,0.1,0.0,0.0015,1.95
322,1.2225,0.5,0.1,0.0,0.0015,1.95
323,1.222,0.0,0.0,0.0,0.0,1.95
324,1.2225,0.5,0.1,0.0,0.0015,1.95
325,1.222,0.0,0.0,0.0,0.0,1.95
326,1.222,0.0,0.0,0.0,0.0,1.95
327,1.222,0.0,0.0,0.0,0.0,1.95
328,1.2225,0.5,0.1,0.0,0.0015,1.95
329,1.222,0.0,0.0,0.0,0.0,1.95
330,1.2225,0.5,0.1,0.0,0.0015,1.95
331,1.2225,0.5,0.1,0.0,0.0015,1.95
332,1.222,0.0,0.0,0.0,0.0,1.95
333,1.2225,0.5,0.1,0.0,0.0015,1.95
334,1.2225,0.5,0.1,0.0,0.0015,1.95
335,1.222,0.0,0.0,0.0,0.0,1.95
336,1.2225,0.5,0.1,0.0,0.0015,1.95
337,1.222,0.0,0.0,0.0,0.0,1.95
338,1.222,0.0,0.0,0.0,0.0,1.95
339,1.2225,0.5,0.1,0.0,0.0015,1.95
340,1.222,0.0,0.0,0.0,0.0,1.95
341,1.2225,0.5,0.1,0.0,0.0015,1.95
342,1.222,0.0,0.0,0.0,0.0,1.95
343,1.2225,0.5,0.1,0.0,0.0015,1.95
344,1.222,0.0,0.0,0.0,0.0,1.95
345,1.2225,0.5,0.1,0.0,0.0015,1.95
346,1.2225,0.5,0.1,0.0,0.0015,1.95
347,1.222,0.0,0.0,0.0,0.0,1.95
348,1.222,0.0,0.0,0.0,0.0,1.95
349,1.2225,0.5,0.1,0.0,0.0015,1.95
350,1.2225,0.5,0.1,0.0,0.0015,1.95
351,1.222,0.0,0.0,0.0,0.0,1.95
352,1.2225,0.5,0.1,0.0,0.0015,1.95
353,1.2225,0.5,0.1,0.0,0.0015,1.95
354,1.2225,0.5,0.1,0.0,0.0015,1.95
355,1.2225,0.5,0.1,0.0,0.0015,1.95
356,1.222,0.0,0.0,0.0,0.0,1.95
357,1.2225,0.5,0.1,0.0,0.0015,1.95
358,1.222,0.0,0.0,0.0,0.0,1.95
359,1.2225,0.5,0.1,0.0,0.0015,1.95
360,1.2225,0.5,0.1,0.0,0.0015,1.95
361,1.2225,0.5,0.1,0.0,0.0015,1.95
362,1.222,0.0,0.0,0.0,0.0,1.95
363,1.222,0.0,0.0,0.0,0.0,1.95
364,1.222,0.0,0.0,0.0,0.0,1.95
365,1.2225,0.5,0.1,0.0,0.0015,1.95
366,1.2225,0.5,0.1,0.0,0.0015,1.95
367,1.2225,0.5,0.1,0.0,0.0015,1.95
368,1.222,0.0,0.0,0.0,0.0,1.95
369,1.2225,0.5,0.1,0.0,0.0015,1.95
370,1.2225,0.5,0.1,0.0,0.0015,1.95
371,1.222,0.0,0.0,0.0,0.0,1.95
372,1.2225,0.5,0.1,0.0,0.0015,1.95
373,1.222,0.0,0.0,0.0,0.0,1.95
374,1.222,0.0,0.0,0.0,0.0,1.95
375,1.2225,0.5,0.1,0.0,0.0015,1.95
376,1.222,0.0,0.0,0.0,0.0,1.95
377,1.2225,0.5,0.1,0.0,0.0015,1.95
378,1.2225,0.5,0.1,0.0,0.0015,1.95
379,1.2225,0.5,0.1,0.0,0.0015,1.95
380,1.222,0.0,0.0,0.0,0.0,1.95
381,1.2225,0.5,0.1,0.0,0.0015,1.95
382,1.2225,0.5,0.1,0.0,0.0015,1.95
383,1.222,0.0,0.0,0.0,0.0,1.95
384,1.2225,0.5,0.1,0.0,0.0015,1.95
385,1.222,0.0,0.0,0.0,0.0,1.95
386,1.2225,0.5,0.1,0.0,0.0015,1.95
387,1.222,0.0,0.0,0.0,0.0,1.95
388,1.2225,0.5,0.1,0.0,0.0015,1.95
389,1.2225,0.5,0.1,0.0,0.0015,1.95
390,1.222,0.0,0.0,0.0,0.0,1.95
391,1.2225,0.5,0.1,0.0,0.0015,1.95
392,1.2225,0.5,0.1,0.0,0.0015,1.95
393,1.2225,0.5,0.1,0.0,0.0015,1.95
394,1.2225,0.5,0.1,0.0,0.0015,1.95
395,1.222,0.0,0.0,0.0,0.0,1.95
396,1.222,0.0,0.0,0.0,0.0,1.95
397,1.2225,0.5,0.1,0.0,0.0015,1.95
398,1.222,0.0,0.0,0.0,0.0,1.95
399,1.2225,0.5,0.1,0.0,0.0015,1.95
400,1.222,0.0,0.0,0.0,0.0,1.95
401,1.2225,0.5,0.1,0.0,0.0015,1.95
402,1.222,0.0,0.0,0.0,0.0,1.95
403,1.222,0.0,0.0,0.0,0.0,1.95
404,1.222,0.0,0.0,0.0,0.0,1.95
405,1.222,0.0,0.0,0.0,0.0,1.95
406,1.2225,0.5,0.1,0.0,0.0015,1.95
407,1.2225,0.5,0.1,0.0,0.0015,1.95
408,1.2225,0.5,0.1,0.0,0.0015,1.95
409,1.2225,0.5,0.1,0.0,0.0015,1.95
410,1.222,0.0,0.0,0.0,0.0,1.95
411,1.222,0.0,0.0,0.0,0.0,1.95
412,1.2225,0.5,0.1,0.0,0.0015,1.95
413,1.2225,0.5,0.1,0.0,0.0015,1.95
414,1.222,0.0,0.0,0.0,0.0,1.95
415,1.222,0.0,0.0,0.0,0.0,1.95
416,1.222,0.0,0.0,0.0,0.0,1.95
417,1.2225,0.5,0.1,0.0,0.0015,1.95
418,1.222,0.0,0.0,0.0,0.0,1.95
419,1.2225,0.5,0.1,0.0,0.0015,1.95
420,1.222,0.0,0.0,0.0,0.0,1.95
421,1.2225,0.5,0.1,0.0,0.0015,1.95
422,1.2225,0.5,0.1,0.0,0.0015,1.95
423,1.2225,0.5,0.1,0.0,0.0015,1.95
424,1.222,0.0,0.0,0.0,0.0,1.95
425,1.2225,0.5,0.1,0.0,0.0015,1.95
426,1.2225,0.5,0.1,0.0,0.0015,1.95
427,1.222,0.0,0.0,0.0,0.0,1.95
428,1.2225,0.5,0.1,0.0,0.0015,1.95
429,1.2225,0.5,0.1,0.0,0.0015,1.95
430,1.2225,0.5,0.1,0.0,0.0015,1.95
431,1.222,0.0,0.0,0.0,0.0,1.95
432,1.2225,0.5,0.1,0.0,0.0015,1.95
433,1.222,0.0,0.0,0.0,0.0,1.95
434,1.2225,0.5,0.1,0.0,0.0015,1.95
435,1.2225,0.5,0.1,0.0,0.0015,1.95
436,1.222,0.0,0.0,0.0,0.0,1.95
437,1.2225,0.5,0.1,0.0,0.0015,1.95
438,1.222,0.0,0.0,0.0,0.0,1.95
439,1.222,0.0,0.0,0.0,0.0,1.95
440,1.222,0.0,0.0,0.0,0.0,1.95
441,1.2225,0.5,0.1,0.0,0.0015,1.95
442,1.2225,0.5,0.1,0.0,0.0015,1.95
443,1.2225,0.5,0.1,0.0,0.0015,1.95
444,1.2225,0.5,0.1,0.0,0.0015,1.95
445,1.2225,0.5,0.1,0.0,0.0015,1.95
446,1.222,0.0,0.0,0.0,0.0,1.95
447,1.222,0.0,0.0,0.0,0.0,1.95
448,1.222,0.0,0.0,0.0,0.0,1.95
449,1.222,0.0,0.0,0.0,0.0,1.95
450,1.222,0.0,0.0,0.0,0.0,1.95
451,1.222,0.0,0.0,0.0,0.0,1.95
452,1.222,0.0,0.0,0.0,0.0,1.95
453,1.222,0.0,0.0,0.0,0.0,1.95
454,1.222,0.0,0.0,0.0,0.0,1.95
455,1.222,0.0,0.0,0.0,0.0,1.95
456,1.2225,0.5,0.1,0.0,0.0015,1.95
457,1.222,0.0,0.0,0.0,0.0,1.95
458,1.2225,0.5,0.1,0.0,0.0015,1.95
459,1.222,0.0,0.0,0.0,0.0,1.95
460,1.2225,0.5,0.1,0.0,0.0015,1.95
461,1.2225,0.5,0.1,0.0,0.0015,1.95
462,1.2225,0.5,0.1,0.0,0.0015,1.95
463,1.222,0.0,0.0,0.0,0.0,1.95
464,1.2225,0.5,0.1,0.0,0.0015,1.95
465,1.2225,0.5,0.1,0.0,0.0015,1.95
466,1.2225,0.5,0.1,0.0,0.0015,1.95
467,1.222,0.0,0.0,0.0,0.0,1.95
468,1.222,0.0,0.0,0.0,0.0,1.95
469,1.222,0.0,0.0,0.0,0.0,1.95
470,1.2225,0.5,0.1,0.0,0.0015,1.95
471,1.2225,0.5,0.1,0.0,0.0015,1.95
472,1.2225,0.5,0.1,0.0,0.0015,1.95
473,1.2225,0.5,0.1,0.0,0.0015,1.95
474,1.222,0.0,0.0,0.0,0.0,1.95
475,1.222,0.0,0.0,0.0,0.0,1.95
476,1.222,0.0,0.0,0.0,0.0,1.95
477,1.2225,0.5,0.1,0.0,0.0015,1.95
478,1.2225,0.5,0.1,0.0,0.0015,1.95
479,1.222,0.0,0.0,0.0,0.0,1.95
480,1.222,0.0,0.0,0.0,0.0,1.95
481,1.222,0.0,0.0,0.0,0.0,1.95
482,1.222,0.0,0.0,0.0,0.0,1.95
483,1.2225,0.5,0.1,0.0,0.0015,1.95
484,1.222,0.0,0.0,0.0,0.0,1.95
485,1.2225,0.5,0.1,0.0,0.0015,1.95
486,1.2225,0.5,0.1,0.0,0.0015,1.95
487,1.222,0.0,0.0,0.0,0.0,1.95
488,1.222,0.0,0.0,0.0,0.0,1.95
489,1.222,0.0,0.0,0.0,0.0,1.95
490,1.222,0.0,0.0,0.0,0.0,1.95
491,1.222,0.0,0.0,0.0,0.0,1.95
492,1.2225,0.5,0.1,0.0,0.0015,1.95
493,1.222,0.0,0.0,0.0,0.0,1.95
494,1.2225,0.5,0.1,0.0,0.0015,1.95
495,1.222,0.0,0.0,0.0,0.0,1.95
496,1.2225,0.5,0.1,0.0,0.0015,1.95
497,1.222,0.0,0.0,0.0,0.0,1.95
498,1.2225,0.5,0.1,0.0,0.0015,1.95
499,1.222,0.0,0.0,0.0,0.0,1.95
500,1.222,0.0,0.0,0.0,0.0,1.95
501,1.2225,0.5,0.1,0.0,0.0015,1.95
502,1.2225,0.5,0.1,0.0,0.0015,1.95
503,1.2225,0.5,0.1,0.0,0.0015,1.95
504,1.2225,0.5,0.1,0.0,0.0015,1.95
505,1.222,0.0,0.0,0.0,0.0,1.95
506,1.222,0.0,0.0,0.0,0.0,1.95
507,1.2225,0.5,0.1,0.0,0.0015,1.95
508,1.222,0.0,0.0,0.0,0.0,1.95
509,1.222,0.0,0.0,0.0,0.0,1.95
510,1.2225,0.5,0.1,0.0,0.0015,1.95
511,1.222,0.0,0.0,0.0,0.0,1.95
512,1.2225,0.5,0.1,0.0,0.0015,1.95
513,1.222,0.0,0.0,0.0,0.0,1.95
514,1.2225,0.5,0.1,0.0,0.0015,1.95
515,1.222,0.0,0.0,0.0,0.0,1.95
516,1.222,0.0,0.0,0.0,0.0,1.95
517,1.222,0.0,0.0,0.0,0.0,1.95
518,1.2225,0.5,0.1,0.0,0.0015,1.95
519,1.2225,0.5,0.1,0.0,0.0015,1.95
520,1.222,0.0,0.0,0.0,0.0,1.95
521,1.2225,0.5,0.1,0.0,0.0015,1.95
522,1.222,0.0,0.0,0.0,0.0,1.95
523,1.222,0.0,0.0,0.0,0.0,1.95
524,1.2225,0.5,0.1,0.0,0.0015,1.95
525,1.222,0.0,0.0,0.0,0.0,1.95
526,1.222,0.0,0.0,0.0,0.0,1.95
527,1.222,0.0,0.0,0.0,0.0,1.95
528,1.2225,0.5,0.1,0.0,0.0015,1.95
529,1.222,0.0,0.0,0.0,0.0,1.95
530,1.2225,0.5,0.1,0.0,0.0015,1.95
531,1.222,0.0,0.0,0.0,0.0,1.95
532,1.2225,0.5,0.1,0.0,0.0015,1.95
533,1.222,0.0,0.0,0.0,0.0,1.95
534,1.2225,0.5,0.1,0.0,0.0015,1.95
535,1.2225,0.5,0.1,0.0,0.0015,1.95
536,1.222,0.0,0.0,0.0,0.0,1.95
537,1.222,0.0,0.0,0.0,0.0,1.95
538,1.222,0.0,0.0,0.0,0.0,1.95
539,1.222,0.0,0.0,0.0,0.0,1.95
540,1.222,0.0,0.0,0.0,0.0,1.95
541,1.2225,0.5,0.1,0.0,0.0015,1.95
542,1.222,0.0,0.0,0.0,0.0,1.95
543,1.222,0.0,0.0,0.0,0.0,1.95
544,1.222,0.0,0.0,0.0,0.0,1.95
545,1.222,0.0,0.0,0.0,0.0,1.95
546,1.2225,0.5,0.1,0.0,0.0015,1.95
547,1.222,0.0,0.0,0.0,0.0,1.95
548,1.2225,0.5,0.1,0.0,0.0015,1.95
549,1.2225,0.5,0.1,0.0,0.0015,1.95
550,1.2225,0.5,0.1,0.0,0.0015,1.95
551,1.222,0.0,0.0,0.0,0.0,1.95
552,1.222,0.0,0.0,0.0,0.0,1.95
553,1.222,0.0,0.0,0.0,0.0,1.95
554,1.2225,0.5,0.1,0.0,0.0015,1.95
555,1.2225,0.5,0.1,0.0,0.0015,1.95
556,1.222,0.0,0.0,0.0,0.0,1.95
557,1.2225,0.5,0.1,0.0,0.0015,1.95
558,1.222,0.0,0.0,0.0,0.0,1.95
559,1.222,0.0,0.0,0.0,0.0,1.95
560,1.2225,0.5,0.1,0.0,0.0015,1.95
561,1.2225,0.5,0.1,0.0,0.0015,1.95
562,1.222,0.0,0.0,0.0,0.0,1.95
563,1.222,0.0,0.0,0.0,0.0,1.95
564,1.2225,0.5,0.1,0.0,0.0015,1.95
565,1.222,0.0,0.0,0.0,0.0,1.95
566,1.2225,0.5,0.1,0.0,0.0015,1.95
567,1.222,0.0,0.0,0.0,0.0,1.95
568,1.2225,0.5,0.1,0.0,0.0015,1.95
569,1.222,0.0,0.0,0.0,0.0,1.95
570,1.222,0.0,0.0,0.0,0.0,1.95
571,1.2225,0.5,0.1,0.0,0.0015,1.95
572,1.222,0.0,0.0,0.0,0.0,1.95
573,1.2225,0.5,0.1,0.0,0.0015,1.95
574,1.2225,0.5,0.1,0.0,0.0015,1.95
575,1.2225,0.5,0.1,0.0,0.0015,1.95
576,1.2225,0.5,0.1,0.0,0.0015,1.95
577,1.2225,0.5,0.1,0.0,0.0015,1.95
578,1.2225,0.5,0.1,0.0,0.0015,1.95
579,1.222,0.0,0.0,0.0,0.0,1.95
580,1.222,0.0,0.0,0.0,0.0,1.95
581,1.222,0.0,0.0,0.0,0.0,1.95
582,1.222,0.0,0.0,0.0,0.0,1.95
583,1.222,0.0,0.0,0.0,0.0,1.95
584,1.2225,0.5,0.1,0.0,0.0015,1.95
585,1.222,0.0,0.0,0.0,0.0,1.95
586,1.2225,0.5,0.1,0.0,0.0015,1.95
587,1.2225,0.5,0.1,0.0,0.0015,1.95
588,1.2225,0.5,0.1,0.0,0.0015,1.95
589,1.2225,0.5,0.1,0.0,0.0015,1.95
590,1.222,0.0,0.0,0.0,0.0,1.95
591,1.2225,0.5,0.1,0.0,0.0015,1.95
592,1.2225,0.5,0.1,0.0,0.0015,1.95
593,1.222,0.0,0.0,0.0,0.0,1.95
594,1.2225,0.5,0.1,0.0,0.0015,1.95
595,1.2225,0.5,0.1,0.0,0.0015,1.95
596,1.2225,0.5,0.1,0.0,0.0015,1.95
597,1.222,0.0,0.0,0.0,0.0,1.95
598,1.2225,0.5,0.1,0.0,0.0015,1.95
599,1.2225,0.5,0.1,0.0,0.0015,1.95
600,1.2225,0.5,0.1,0.0,0.0015,1.95
601,1.2225,0.5,0.1,0.0,0.0015,1.95
602,1.2225,0.5,0.1,0.0,0.0015,1.95
603,1.2225,0.5,0.1,0.0,0.0015,1.95
604,1.2225,0.5,0.1,0.0,0.0015,1.95
605,1.2225,0.5,0.1,0.0,0.0015,1.95
606,1.222,0.0,0.0,0.0,0.0,1.95
607,1.222,0.0,0.0,0.0,0.0,1.95
608,1.222,0.0,0.0,0.0,0.0,1.95
609,1.222,0.0,0.0,0.0,0.0,1.95
610,1.222,0.0,0.0,0.0,0.0,1.95
611,1.2225,0.5,0.1,0.0,0.0015,1.95
612,1.222,0.0,0.0,0.0,0.0,1.95
613,1.2225,0.5,0.1,0.0,0.0015,1.95
614,1.2225,0.5,0.1,0.0,0.0015,1.95
615,1.2225,0.5,0.1,0.0,0.0015,1.95
616,1.222,0.0,0.0,0.0,0.0,1.95
617,1.222,0.0,0.0,0.0,0.0,1.95
618,1.2225,0.5,0.1,0.0,0.0015,1.95
619,1.222,0.0,0.0,0.0,0.0,1.95
620,1.2225,0.5,0.1,0.0,0.0015,1.95
621,1.222,0.0,0.0,0.0,0.0,1.95
622,1.222,0.0,0.0,0.0,0.0,1.95
623,1.2225,0.5,0.1,0.0,0.0015,1.95
624,1.222,0.0,0.0,0.0,0.0,1.95
625,1.222,0.0,0.0,0.0,0.0,1.95
626,1.222,0.0,0.0,0.0,0.0,1.95
627,1.2225,0.5,0.1,0.0,0.0015,1.95
628,1.2225,0.5,0.1,0.0,0.0015,1.95
629,1.222,0.0,0.0,0.0,0.0,1.95
630,1.222,0.0,0.0,0.0,0.0,1.95
631,1.222,0.0,0.0,0.0,0.0,1.95
632,1.222,0.0,0.0,0.0,0.0,1.95
633,1.222,0.0,0.0,0.0,0.0,1.95
634,1.222,0.0,0.0,0.0,0.0,1.95
635,1.2225,0.5,0.1,0.0,0.0015,1.95
636,1.222,0.0,0.0,0.0,0.0,1.95
637,1.2225,0.5,0.1,0.0,0.0015,1.95
638,1.2225,0.5,0.1,0.0,0.0015,1.95
639,1.222,0.0,0.0,0.0,0.0,1.95
640,1.2225,0.5,0.1,0.0,0.0015,1.95
641,1.2225,0.5,0.1,0.0,0.0015,1.95
642,1.222,0.0,0.0,0.0,0.0,1.95
643,1.222,0.0,0.0,0.0,0.0,1.95
644,1.2225,0.5,0.1,0.0,0.0015,1.95
645,1.2225,0.5,0.1,0.0,0.0015,1.95
646,1.2225,0.5,0.1,0.0,0.0015,1.95
647,1.222,0.0,0.0,0.0,0.0,1.95
648,1.222,0.0,0.0,0.0,0.0,1.95
649,1.222,0.0,0.0,0.0,0.0,1.95
650,1.222,0.0,0.0,0.0,0.0,1.95
651,1.2225,0.5,0.1,0.0,0.0015,1.95
652,1.222,0.0,0.0,0.0,0.0,1.95
653,1.2225,0.5,0.1,0.0,0.0015,1.95
654,1.2225,0.5,0.1,0.0,0.0015,1.95
655,1.2225,0.5,0.1,0.0,0.0015,1.95
656,1.222,0.0,0.0,0.0,0.0,1.95
657,1.2225,0.5,0.1,0.0,0.0015,1.95
658,1.2225,0.5,0.1,0.0,0.0015,1.95
659,1.2225,0.5,0.1,0.0,0.0015,1.95
660,1.2225,0.5,0.1,0.0,0.0015,1.95
661,1.222,0.0,0.0,0.0,0.0,1.95
662,1.222,0.0,0.0,0.0,0.0,1.95
663,1.222,0.0,0.0,0.0,0.0,1.95
664,1.222,0.0,0.0,0.0,0.0,1.95
665,1.222,0.0,0.0,0.0,0.0,1.95
666,1.222,0.0,0.0,0.0,0.0,1.95
667,1.2225,0.5,0.1,0.0,0.0015,1.95
668,1.222,0.0,0.0,0.0,0.0,1.95
669,1.222,0.0,0.0,0.0,0.0,1.95
670,1.2225,0.5,0.1,0.0,0.0015,1.95
671,1.222,0.0,0.0,0.0,0.0,1.95
672,1.222,0.0,0.0,0.0,0.0,1.95
673,1.222,0.0,0.0,0.0,0.0,1.95
674,1.2225,0.5,0.1,0.0,0.0015,1.95
675,1.2225,0.5,0.1,0.0,0.0015,1.95
676,1.2225,0.5,0.1,0.0,0.0015,1.95
677,1.222,0.0,0.0,0.0,0.0,1.95
678,1.222,0.0,0.0,0.0,0.0,1.95
679,1.222,0.0,0.0,0.0,0.0,1.95
680,1.2225,0.5,0.1,0.0,0.0015,1.95
681,1.222,0.0,0.0,0.0,0.0,1.95
682,1.2225,0.5,0.1,0.0,0.0015,1.95
683,1.2225,0.5,0.1,0.0,0.0015,1.95
684,1.222,0.0,0.0,0.0,0.0,1.95
685,1.222,0.0,0.0,0.0,0.0,1.95
686,1.222,0.0,0.0,0.0,0.0,1.95
687,1.222,0.0,0.0,0.0,0.0,1.95
688,1.2225,0.5,0.1,0.0,0.0015,1.95
689,1.2225,0.5,0.1,0.0,0.0015,1.95
690,1.222,0.0,0.0,0.0,0.0,1.95
691,1.2225,0.5,0.1,0.0,0.0015,1.95
692,1.222,0.0,0.0,0.0,0.0,1.95
693,1.2225,0.5,0.1,0.0,0.0015,1.95
694,1.2225,0.5,0.1,0.0,0.0015,1.95
695,1.2225,0.5,0.1,0.0,0.0015,1.95
696,1.222,0.0,0.0,0.0,0.0,1.95
697,1.222,0.0,0.0,0.0,0.0,1.95
698,1.2225,0.5,0.1,0.0,0.0015,1.95
699,1.222,0.0,0.0,0.0,0.0,1.95
700,1.2225,0.5,0.1,0.0,0.0015,1.95
701,1.2225,0.5,0.1,0.0,0.0015,1.95
702,1.222,0.0,0.0,0.0,0.0,1.95
703,1.2225,0.5,0.1,0.0,0.0015,1.95
704,1.2225,0.5,0.1,0.0,0.0015,1.95
705,1.2225,0.5,0.1,0.0,0.0015,1.95
706,1.222,0.0,0.0,0.0,0.0,1.95
707,1.222,0.0,0.0,0.0,0.0,1.95
708,1.222,0.0,0.0,0.0,0.0,1.95
709,1.222,0.0,0.0,0.0,0.0,1.95
710,1.2225,0.5,0.1,0.0,0.0015,1.95
711,1.222,0.0,0.0,0.0,0.0,1.95
712,1.222,0.0,0.0,0.0,0.0,1.95
713,1.2225,0.5,0.1,0.0,0.0015,1.95
714,1.222,0.0,0.0,0.0,0.0,1.95
715,1.2225,0.5,0.1,0.0,0.0015,1.95
716,1.222,0.0,0.0,0.0,0.0,1.95
717,1.2225,0.5,0.1,0.0,0.0015,1.95
718,1.222,0.0,0.0,0.0,0.0,1.95
719,1.2225,0.5,0.1,0.0,0.0015,1.95
720,1.222,0.0,0.0,0.0,0.0,1.95
721,1.222,0.0,0.0,0.0,0.0,1.95
722,1.2225,0.5,0.1,0.0,0.0015,1.95
723,1.222,0.0,0.0,0.0,0.0,1.95
724,1.222,0.0,0.0,0.0,0.0,1.95
725,1.222,0.0,0.0,0.0,0.0,1.95
726,1.222,0.0,0.0,0.0,0.0,1.95
727,1.2225,0.5,0.1,0.0,0.0015,1.95
728,1.2225,0.5,0.1,0.0,0.0015,1.95
729,1.222,0.0,0.0,0.0,0.0,1.95
730,1.2225,0.5,0.1,0.0,0.0015,1.95
731,1.222,0.0,0.0,0.0,0.0,1.95
732,1.2225,0.5,0.1,0.0,0.0015,1.95
733,1.2225,0.5,0.1,0.0,0.0015,1.95
734,1.222,0.0,0.0,0.0,0.0,1.95
735,1.222,0.0,0.0,0.0,0.0,1.95
736,1.2225,0.5,0.1,0.0,0.0015,1.95
737,1.222,0.0,0.0,0.0,0.0,1.95
738,1.2225,0.5,0.1,0.0,0.0015,1.95
739,1.2225,0.5,0.1,0.0,0.0015,1.95
740,1.2225,0.5,0.1,0.0,0.0015,1.95
741,1.2225,0.5,0.1,0.0,0.0015,1.95
742,1.222,0.0,0.0,0.0,0.0,1.95
743,1.222,0.0,0.0,0.0,0.0,1.95
744,1.2225,0.5,0.1,0.0,0.0015,1.95
745,1.2225,0.5,0.1,0.0,0.0015,1.95
746,1.2225,0.5,0.1,0.0,0.0015,1.95
747,1.222,0.0,0.0,0.0,0.0,1.95
748,1.222,0.0,0.0,0.0,0.0,1.95
749,1.2225,0.5,0.1,0.0,0.0015,1.95
750,1.222,0.0,0.0,0.0,0.0,1.95
751,1.222,0.0,0.0,0.0,0.0,1.95
752,1.222,0.0,0.0,0.0,0.0,1.95
753,1.222,0.0,0.0,0.0,0.0,1.95
754,1.2225,0.5,0.1,0.0,0.0015,1.95
755,1.2225,0.5,0.1,0.0,0.0015,1.95
756,1.2225,0.5,0.1,0.0,0.0015,1.95
757,1.2225,0.5,0.1,0.0,0.0015,1.95
758,1.222,0.0,0.0,0.0,0.0,1.95
759,1.222,0.0,0.0,0.0,0.0,1.95
760,1.222,0.0,0.0,0.0,0.0,1.95
761,1.2225,0.5,0.1,0.0,0.0015,1.95
762,1.2225,0.5,0.1,0.0,0.0015,1.95
763,1.2225,0.5,0.1,0.0,0.0015,1.95
764,1.2225,0.5,0.1,0.0,0.0015,1.95
765,1.2225,0.5,0.1,0.0,0.0015,1.95
766,1.222,0.0,0.0,0.0,0.0,1.95
767,1.222,0.0,0.0,0.0,0.0,1.95
768,1.2225,0.5,0.1,0.0,0.0015,1.95
769,1.2225,0.5,0.1,0.0,0.0015,1.95
770,1.222,0.0,0.0,0.0,0.0,1.95
771,1.222,0.0,0.0,0.0,0.0,1.95
772,1.2225,0.5,0.1,0.0,0.0015,1.95
773,1.222,0.0,0.0,0.0,0.0,1.95
774,1.222,0.0,0.0,0.0,0.0,1.95
775,1.2225,0.5,0.1,0.0,0.0015,1.95
776,1.2225,0.5,0.1,0.0,0.0015,1.95
777,1.222,0.0,0.0,0.0,0.0,1.95
778,1.222,0.0,0.0,0.0,0.0,1.95
779,1.222,0.0,0.0,0.0,0.0,1.95
780,1.222,0.0,0.0,0.0,0.0,1.95
781,1.222,0.0,0.0,0.0,0.0,1.95
782,1.222,0.0,0.0,0.0,0.0,1.95
783,1.2225,0.5,0.1,0.0,0.0015,1.95
784,1.2225,0.5,0.1,0.0,0.0015,1.95
785,1.2225,0.5,0.1,0.0,0.0015,1.95
786,1.222,0.0,0.0,0.0,0.0,1.95
787,1.222,0.0,0.0,0.0,0.0,1.95
788,1.2225,0.5,0.1,0.0,0.0015,1.95
789,1.2225,0.5,0.1,0.0,0.0015,1.95
790,1.222,0.0,0.0,0.0,0.0,1.95
791,1.2225,0.5,0.1,0.0,0.0015,1.95
792,1.222,0.0,0.0,0.0,0.0,1.95
793,1.222,0.0,0.0,0.0,0.0,1.95
794,1.222,0.0,0.0,0.0,0.0,1.95
795,1.2225,0.5,0.1,0.0,0.0015,1.95
796,1.222,0.0,0.0,0.0,0.0,1.95
797,1.222,0.0,0.0,0.0,0.0,1.95
798,1.222,0.0,0.0,0.0,0.0,1.95
799,1.222,0.0,0.0,0.0,0.0,1.95
800,1.222,0.0,0.0,0.0,0.0,1.95
801,1.2225,0.5,0.1,0.0,0.0015,1.95
802,1.222,0.0,0.0,0.0,0.0,1.95
803,1.222,0.0,0.0,0.0,0.0,1.95
804,1.2225,0.5,0.1,0.0,0.0015,1.95
805,1.2225,0.5,0.1,0.0,0.0015,1.95
806,1.2225,0.5,0.1,0.0,0.0015,1.95
807,1.222,0.0,0.0,0.0,0.0,1.95
808,1.222,0.0,0.0,0.0,0.0,1.95
809,1.222,0.0,0.0,0.0,0.0,1.95
810,1.222,0.0,0.0,0.0,0.0,1.95
811,1.2225,0.5,0.1,0.0,0.0015,1.95
812,1.2225,0.5,0.1,0.0,0.0015,1.95
813,1.2225,0.5,0.1,0.0,0.0015,1.95
814,1.222,0.0,0.0,0.0,0.0,1.95
815,1.222,0.0,0.0,0.0,0.0,1.95
816,1.2225,0.5,0.1,0.0,0.0015,1.95
817,1.222,0.0,0.0,0.0,0.0,1.95
818,1.2225,0.5,0.1,0.0,0.0015,1.95
819,1.222,0.0,0.0,0.0,0.0,1.95
820,1.2225,0.5,0.1,0.0,0.0015,1.95
821,1.222,0.0,0.0,0.0,0.0,1.95
822,1.2225,0.5,0.1,0.0,0.0015,1.95
823,1.222,0.0,0.0,0.0,0.0,1.95
824,1.222,0.0,0.0,0.0,0.0,1.95
825,1.2225,0.5,0.1,0.0,0.0015,1.95
826,1.222,0.0,0.0,0.0,0.0,1.95
827,1.222,0.0,0.0,0.0,0.0,1.95
828,1.2225,0.5,0.1,0.0,0.0015,1.95
829,1.222,0.0,0.0,0.0,0.0,1.95
830,1.222,0.0,0.0,0.0,0.0,1.95
831,1.222,0.0,0.0,0.0,0.0,1.95
832,1.2225,0.5,0.1,0.0,0.0015,1.95
833,1.2225,0.5,0.1,0.0,0.0015,1.95
834,1.222,0.0,0.0,0.0,0.0,1.95
835,1.222,0.0,0.0,0.0,0.0,1.95
836,1.222,0.0,0.0,0.0,0.0,1.95
837,1.2225,0.5,0.1,0.0,0.0015,1.95
838,1.2225,0.5,0.1,0.0,0.0015,1.95
839,1.222,0.0,0.0,0.0,0.0,1.95
840,1.222,0.0,0.0,0.0,0.0,1.95
841,1.222,0.0,0.0,0.0,0.0,1.95
842,1.2225,0.5,0.1,0.0,0.0015,1.95
843,1.222,0.0,0.0,0.0,0.0,1.95
844,1.222,0.0,0.0,0.0,0.0,1.95
845,1.222,0.0,0.0,0.0,0.0,1.95
846,1.222,0.0,0.0,0.0,0.0,1.95
847,1.222,0.0,0.0,0.0,0.0,1.95
848,1.2225,0.5,0.1,0.0,0.0015,1.95
849,1.2225,0.5,0.1,0.0,0.0015,1.95
850,1.222,0.0,0.0,0.0,0.0,1.95
851,1.222,0.0,0.0,0.0,0.0,1.95
852,1.2225,0.5,0.1,0.0,0.0015,1.95
853,1.222,0.0,0.0,0.0,0.0,1.95
854,1.222,0.0,0.0,0.0,0.0,1.95
855,1.222,0.0,0.0,0.0,0.0,1.95
856,1.222,0.0,0.0,0.0,0.0,1.95
857,1.2225,0.5,0.1,0.0,0.0015,1.95
858,1.2225,0.5,0.1,0.0,0.0015,1.95
859,1.222,0.0,0.0,0.0,0.0,1.95
860,1.2225,0.5,0.1,0.0,0.0015,1.95
861,1.222,0.0,0.0,0.0,0.0,1.95
862,1.222,0.0,0.0,0.0,0.0,1.95
863,1.2225,0.5,0.1,0.0,0.0015,1.95
864,1.222,0.0,0.0,0.0,0.0,1.95
865,1.222,0.0,0.0,0.0,0.0,1.95
866,1.2225,0.5,0.1,0.0,0.0015,1.95
867,1.2225,0.5,0.1,0.0,0.0015,1.95
868,1.2225,0.5,0.1,0.0,0.0015,1.95
869,1.222,0.0,0.0,0.0,0.0,1.95
870,1.222,0.0,0.0,0.0,0.0,1.95
871,1.2225,0.5,0.1,0.0,0.0015,1.95
872,1.2225,0.5,0.1,0.0,0.0015,1.95
873,1.2225,0.5,0.1,0.0,0.0015,1.95
874,1.2225,0.5,0.1,0.0,0.0015,1.95
875,1.2225,0.5,0.1,0.0,0.0015,1.95
876,1.2225,0.5,0.1,0.0,0.0015,1.95
877,1.222,0.0,0.0,0.0,0.0,1.95
878,1.222,0.0,0.0,0.0,0.0,1.95
879,1.2225,0.5,0.1,0.0,0.0015,1.95
880,1.2225,0.5,0.1,0.0,0.0015,1.95
881,1.222,0.0,0.0,0.0,0.0,1.95
882,1.2225,0.5,0.1,0.0,0.0015,1.95
883,1.222,0.0,0.0,0.0,0.0,1.95
884,1.222,0.0,0.0,0.0,0.0,1.95
885,1.222,0.0,0.0,0.0,0.0,1.95
886,1.2225,0.5,0.1,0.0,0.0015,1.95
887,1.222,0.0,0.0,0.0,0.0,1.95
888,1.2225,0.5,0.1,0.0,0.0015,1.95
889,1.2225,0.5,0.1,0.0,0.0015,1.95
890,1.2225,0.5,0.1,0.0,0.0015,1.95
891,1.2225,0.5,0.1,0.0,0.0015,1.95
892,1.2225,0.5,0.1,0.0,0.0015,1.95
893,1.2225,0.5,0.1,0.0,0.0015,1.95
894,1.2225,0.5,0.1,0.0,0.0015,1.95
895,1.222,0.0,0.0,0.0,0.0,1.95
896,1.222,0.0,0.0,0.0,0.0,1.95
897,1.222,0.0,0.0,0.0,0.0,1.95
898,1.2225,0.5,0.1,0.0,0.0015,1.95
899,1.222,0.0,0.0,0.0,0.0,1.95
900,1.222,0.0,0.0,0.0,0.0,1.95
901,1.222,0.0,0.0,0.0,0.0,1.95
902,1.2225,0.5,0.1,0.0,0.0015,1.95
903,1.2225,0.5,0.1,0.0,0.0015,1.95
904,1.2225,0.5,0.1,0.0,0.0015,1.95
905,1.2225,0.5,0.1,0.0,0.0015,1.95
906,1.222,0.0,0.0,0.0,0.0,1.95
907,1.2225,0.5,0.1,0.0,0.0015,1.95
908,1.222,0.0,0.0,0.0,0.0,1.95
909,1.2225,0.5,0.1,0.0,0.0015,1.95
910,1.2225,0.5,0.1,0.0,0.0015,1.95
911,1.2225,0.5,0.1,0.0,0.0015,1.95
912,1.222,0.0,0.0,0.0,0.0,1.95
913,1.222,0.0,0.0,0.0,0.0,1.95
914,1.222,0.0,0.0,0.0,0.0,1.95
915,1.222,0.0,0.0,0.0,0.0,1.95
916,1.2225,0.5,0.1,0.0,0.0015,1.95
917,1.222,0.0,0.0,0.0,0.0,1.95
918,1.222,0.0,0.0,0.0,0.0,1.95
919,1.2225,0.5,0.1,0.0,0.0015,1.95
920,1.2225,0.5,0.1,0.0,0.0015,1.95
921,1.222,0.0,0.0,0.0,0.0,1.95
922,1.2225,0.5,0.1,0.0,0.0015,1.95
923,1.222,0.0,0.0,0.0,0.0,1.95
924,1.222,0.0,0.0,0.0,0.0,1.95
925,1.2225,0.5,0.1,0.0,0.0015,1.95
926,1.2225,0.5,0.1,0.0,0.0015,1.95
927,1.222,0.0,0.0,0.0,0.0,1.95
928,1.2225,0.5,0.1,0.0,0.0015,1.95
929,1.2225,0.5,0.1,0.0,0.0015,1.95
930,1.222,0.0,0.0,0.0,0.0,1.95
931,1.222,0.0,0.0,0.0,0.0,1.95
932,1.222,0.0,0.0,0.0,0.0,1.95
933,1.222,0.0,0.0,0.0,0.0,1.95
934,1.2225,0.5,0.1,0.0,0.0015,1.95
935,1.222,0.0,0.0,0.0,0.0,1.95
936,1.2225,0.5,0.1,0.0,0.0015,1.95
937,1.2225,0.5,0.1,0.0,0.0015,1.95
938,1.222,0.0,0.0,0.0,0.0,1.95
939,1.222,0.0,0.0,0.0,0.0,1.95
940,1.2225,0.5,0.1,0.0,0.0015,1.95
941,1.2225,0.5,0.1,0.0,0.0015,1.95
942,1.2225,0.5,0.1,0.0,0.0015,1.95
943,1.2225,0.5,0.1,0.0,0.0015,1.95
944,1.2225,0.5,0.1,0.0,0.0015,1.95
945,1.2225,0.5,0.1,0.0,0.0015,1.95
946,1.2225,0.5,0.1,0.0,0.0015,1.95
947,1.222,0.0,0.0,0.0,0.0,1.95
948,1.222,0.0,0.0,0.0,0.0,1.95
949,1.2225,0.5,0.1,0.0,0.0015,1.95
950,1.2225,0.5,0.1,0.0,0.0015,1.95
951,1.2225,0.5,0.1,0.0,0.0015,1.95
952,1.2225,0.5,0.1,0.0,0.0015,1.95
953,1.2225,0.5,0.1,0.0,0.0015,1.95
954,1.2225,0.5,0.1,0.0,0.0015,1.95
955,1.222,0.0,0.0,0.0,0.0,1.95
956,1.222,0.0,0.0,0.0,0.0,1.95
957,1.222,0.0,0.0,0.0,0.0,1.95
958,1.2225,0.5,0.1,0.0,0.0015,1.95
959,1.2225,0.5,0.1,0.0,0.0015,1.95
960,1.222,0.0,0.0,0.0,0.0,1.95
961,1.222,0.0,0.0,0.0,0.0,1.95
962,1.2225,0.5,0.1,0.0,0.0015,1.95
963,1.222,0.0,0.0,0.0,0.0,1.95
964,1.222,0.0,0.0,0.0,0.0,1.95
965,1.222,0.0,0.0,0.0,0.0,1.95
966,1.222,0.0,0.0,0.0,0.0,1.95
967,1.2225,0.5,0.1,0.0,0.0015,1.95
968,1.2225,0.5,0.1,0.0,0.0015,1.95
969,1.222,0.0,0.0,0.0,0.0,1.95
970,1.222,0.0,0.0,0.0,0.0,1.95
971,1.2225,0.5,0.1,0.0,0.0015,1.95
972,1.2225,0.5,0.1,0.0,0.0015,1.95
973,1.2225,0.5,0.1,0.0,0.0015,1.95
974,1.2225,0.5,0.1,0.0,0.0015,1.95
975,1.2225,0.5,0.1,0.0,0.0015,1.95
976,1.222,0.0,0.0,0.0,0.0,1.95
977,1.222,0.0,0.0,0.0,0.0,1.95
978,1.2225,0.5,0.1,0.0,0.0015,1.95
979,1.222,0.0,0.0,0.0,0.0,1.95
980,1.2225,0.5,0.1,0.0,0.0015,1.95
981,1.222,0.0,0.0,0.0,0.0,1.95
982,1.2225,0.5,0.1,0.0,0.0015,1.95
983,1.222,0.0,0.0,0.0,0.0,1.95
984,1.2225,0.5,0.1,0.0,0.0015,1.95
985,1.222,0.0,0.0,0.0,0.0,1.95
986,1.2225,0.5,0.1,0.0,0.0015,1.95
987,1.2225,0.5,0.1,0.0,0.0015,1.95
988,1.222,0.0,0.0,0.0,0.0,1.95
989,1.222,0.0,0.0,0.0,0.0,1.95
990,1.2225,0.5,0.1,0.0,0.0015,1.95
991,1.222,0.0,0.0,0.0,0.0,1.95
992,1.2225,0.5,0.1,0.0,0.0015,1.95
993,1.222,0.0,0.0,0.0,0.0,1.95
994,1.2225,0.5,0.1,0.0,0.0015,1.95
995,1.222,0.0,0.0,0.0,0.0,1.95
996,1.2225,0.5,0.1,0.0,0.0015,1.95
997,1.2225,0.5,0.1,0.0,0.0015,1.95
998,1.2225,0.5,0.1,0.0,0.0015,1.95
999,1.2225,0.5,0.1,0.0,0.0015,1.95
1000,1.222,0.0,0.0,0.0,0.0,1.95
1001,1.222,0.0,0.0,0.0,0.0,1.95
1002,1.2225,0.5,0.1,0.0,0.0015,1.95
1003,1.2225,0.5,0.1,0.0,0.0015,1.95
1004,1.2225,0.5,0.1,0.0,0.0015,1.95
1005,1.2225,0.5,0.1,0.0,0.0015,1.95
1006,1.2225,0.5,0.1,0.0,0.0015,1.95
1007,1.222,0.0,0.0,0.0,0.0,1.95
1008,1.2225,0.5,0.1,0.0,0.0015,1.95
1009,1.222,0.0,0.0,0.0,0.0,1.95
1010,1.2225,0.5,0.1,0.0,0.0015,1.95
1011,1.222,0.0,0.0,0.0,0.0,1.95
1012,1.222,0.0,0.0,0.0,0.0,1.95
1013,1.222,0.0,0.0,0.0,0.0,1.95
1014,1.2225,0.5,0.1,0.0,0.0015,1.95
1015,1.2225,0.5,0.1,0.0,0.0015,1.95
1016,1.2225,0.5,0.1,0.0,0.0015,1.95
1017,1.222,0.0,0.0,0.0,0.0,1.95
1018,1.222,0.0,0.0,0.0,0.0,1.95
1019,1.2225,0.5,0.1,0.0,0.0015,1.95
1020,1.2225,0.5,0.1,0.0,0.0015,1.95
1021,1.2225,0.5,0.1,0.0,0.0015,1.95
1022,1.222,0.0,0.0,0.0,0.0,1.95
1023,1.222,0.0,0.0,0.0,0.0,1.95
1024,1.222,0.0,0.0,0.0,0.0,1.95
1025,1.2225,0.5,0.1,0.0,0.0015,1.95
1026,1.222,0.0,0.0,0.0,0.0,1.95
1027,1.222,0.0,0.0,0.0,0.0,1.95
1028,1.222,0.0,0.0,0.0,0.0,1.95
1029,1.222,0.0,0.0,0.0,0.0,1.95
1030,1.222,0.0,0.0,0.0,0.0,1.95
1031,1.2225,0.5,0.1,0.0,0.0015,1.95
1032,1.2225,0.5,0.1,0.0,0.0015,1.95
1033,1.222,0.0,0.0,0.0,0.0,1.95
1034,1.2225,0.5,0.1,0.0,0.0015,1.95
1035,1.222,0.0,0.0,0.0,0.0,1.95
1036,1.222,0.0,0.0,0.0,0.0,1.95
1037,1.2225,0.5,0.1,0.0,0.0015,1.95
1038,1.2225,0.5,0.1,0.0,0.0015,1.95
1039,1.222,0.0,0.0,0.0,0.0,1.95
1040,1.2225,0.5,0.1,0.0,0.0015,1.95
1041,1.2225,0.5,0.1,0.0,0.0015,1.95
1042,1.2225,0.5,0.1,0.0,0.0015,1.95
1043,1.2225,0.5,0.1,0.0,0.0015,1.95
1044,1.222,0.0,0.0,0.0,0.0,1.95
1045,1.2225,0.5,0.1,0.0,0.0015,1.95
1046,1.222,0.0,0.0,0.0,0.0,1.95
1047,1.222,0.0,0.0,0.0,0.0,1.95
1048,1.222,0.0,0.0,0.0,0.0,1.95
1049,1.2225,0.5,0.1,0.0,0.0015,1.95
1050,1.2225,0.5,0.1,0.0,0.0015,1.95
1051,1.2225,0.5,0.1,0.0,0.0015,1.95
1052,1.222,0.0,0.0,0.0,0.0,1.95
1053,1.2225,0.5,0.1,0.0,0.0015,1.95
1054,1.222,0.0,0.0,0.0,0.0,1.95
1055,1.222,0.0,0.0,0.0,0.0,1.95
1056,1.222,0.0,0.0,0.0,0.0,1.95
1057,1.222,0.0,0.0,0.0,0.0,1.95
1058,1.2225,0.5,0.1,0.0,0.0015,1.95
1059,1.2225,0.5,0.1,0.0,0.0015,1.95
1060,1.222,0.0,0.0,0.0,0.0,1.95
1061,1.2225,0.5,0.1,0.0,0.0015,1.95
1062,1.222,0.0,0.0,0.0,0.0,1.95
1063,1.222,0.0,0.0,0.0,0.0,1.95
1064,1.222,0.0,0.0,0.0,0.0,1.95
1065,1.222,0.0,0.0,0.0,0.0,1.95
1066,1.2225,0.5,0.1,0.0,0.0015,1.95
1067,1.2225,0.5,0.1,0.0,0.0015,1.95
1068,1.2225,0.5,0.1,0.0,0.0015,1.95
1069,1.222,0.0,0.0,0.0,0.0,1.95
1070,1.2225,0.5,0.1,0.0,0.0015,1.95
1071,1.2225,0.5,0.1,0.0,0.0015,1.95
1072,1.2225,0.5,0.1,0.0,0.0015,1.95
1073,1.222,0.0,0.0,0.0,0.0,1.95
1074,1.2225,0.5,0.1,0.0,0.0015,1.95
1075,1.2225,0.5,0.1,0.0,0.0015,1.95
1076,1.2225,0.5,0.1,0.0,0.0015,1.95
1077,1.222,0.0,0.0,0.0,0.0,1.95
1078,1.2225,0.5,0.1,0.0,0.0015,1.95
1079,1.222,0.0,0.0,0.0,0.0,1.95
1080,1.222,0.0,0.0,0.0,0.0,1.95
1081,1.222,0.0,0.0,0.0,0.0,1.95
1082,1.2225,0.5,0.1,0.0,0.0015,1.95
1083,1.2225,0.5,0.1,0.0,0.0015,1.95
1084,1.222,0.0,0.0,0.0,0.0,1.95
1085,1.222,0.0,0.0,0.0,0.0,1.95
1086,1.2225,0.5,0.1,0.0,0.0015,1.95
1087,1.2225,0.5,0.1,0.0,0.0015,1.95
1088,1.222,0.0,0.0,0.0,0.0,1.95
1089,1.222,0.0,0.0,0.0,0.0,1.95
1090,1.2225,0.5,0.1,0.0,0.0015,1.95
1091,1.2225,0.5,0.1,0.0,0.0015,1.95
1092,1.2225,0.5,0.1,0.0,0.0015,1.95
1093,1.2225,0.5,0.1,0.0,0.0015,1.95
1094,1.2225,0.5,0.1,0.0,0.0015,1.95
1095,1.222,0.0,0.0,0.0,0.0,1.95
1096,1.222,0.0,0.0,0.0,0.0,1.95
1097,1.222,0.0,0.0,0.0,0.0,1.95
1098,1.222,0.0,0.0,0.0,0.0,1.95
1099,1.222,0.0,0.0,0.0,0.0,1.95
1100,1.222,0.0,0.0,0.0,0.0,1.95
1101,1.2225,0.5,0.1,0.0,0.0015,1.95
1102,1.222,0.0,0.0,0.0,0.0,1.95
1103,1.222,0.0,0.0,0.0,0.0,1.95
1104,1.2225,0.5,0.1,0.0,0.0015,1.95
1105,1.222,0.0,0.0,0.0,0.0,1.95
1106,1.222,0.0,0.0,0.0,0.0,1.95
1107,1.222,0.0,0.0,0.0,0.0,1.95
1108,1.222,0.0,0.0,0.0,0.0,1.95
1109,1.2225,0.5,0.1,0.0,0.0015,1.95
1110,1.2225,0.5,0.1,0.0,0.0015,1.95
1111,1.2225,0.5,0.1,0.0,0.0015,1.95
1112,1.222,0.0,0.0,0.0,0.0,1.95
1113,1.222,0.0,0.0,0.0,0.0,1.95
1114,1.222,0.0,0.0,0.0,0.0,1.95
1115,1.222,0.0,0.0,0.0,0.0,1.95
1116,1.222,0.0,0.0,0.0,0.0,1.95
1117,1.2225,0.5,0.1,0.0,0.0015,1.95
1118,1.222,0.0,0.0,0.0,0.0,1.95
1119,1.222,0.0,0.0,0.0,0.0,1.95
1120,1.2225,0.5,0.1,0.0,0.0015,1.95
1121,1.2225,0.5,0.1,0.0,0.0015,1.95
1122,1.222,0.0,0.0,0.0,0.0,1.95
1123,1.2225,0.5,0.1,0.0,0.0015,1.95
1124,1.222,0.0,0.0,0.0,0.0,1.95
1125,1.222,0.0,0.0,0.0,0.0,1.95
1126,1.222,0.0,0.0,0.0,0.0,1.95
1127,1.222,0.0,0.0,0.0,0.0,1.95
1128,1.222,0.0,0.0,0.0,0.0,1.95
1129,1.222,0.0,0.0,0.0,0.0,1.95
1130,1.2225,0.5,0.1,0.0,0.0015,1.95
1131,1.222,0.0,0.0,0.0,0.0,1.95
1132,1.222,0.0,0.0,0.0,0.0,1.95
1133,1.2225,0.5,0.1,0.0,0.0015,1.95
1134,1.2225,0.5,0.1,0.0,0.0015,1.95
1135,1.2225,0.5,0.1,0.0,0.0015,1.95
1136,1.222,0.0,0.0,0.0,0.0,1.95
1137,1.2225,0.5,0.1,0.0,0.0015,1.95
1138,1.2225,0.5,0.1,0.0,0.0015,1.95
1139,1.2225,0.5,0.1,0.0,0.0015,1.95
1140,1.2225,0.5,0.1,0.0,0.0015,1.95
1141,1.222,0.0,0.0,0.0,0.0,1.95
1142,1.222,0.0,0.0,0.0,0.0,1.95
1143,1.222,0.0,0.0,0.0,0.0,1.95
1144,1.222,0.0,0.0,0.0,0.0,1.95
1145,1.2225,0.5,0.1,0.0,0.0015,1.95
1146,1.2225,0.5,0.1,0.0,0.0015,1.95
1147,1.2225,0.5,0.1,0.0,0.0015,1.95
1148,1.2225,0.5,0.1,0.0,0.0015,1.95
1149,1.222,0.0,0.0,0.0,0.0,1.95
1150,1.222,0.0,0.0,0.0,0.0,1.95
1151,1.222,0.0,0.0,0.0,0.0,1.95
1152,1.222,0.0,0.0,0.0,0.0,1.95
1153,1.2225,0.5,0.1,0.0,0.0015,1.95
1154,1.2225,0.5,0.1,0.0,0.0015,1.95
1155,1.222,0.0,0.0,0.0,0.0,1.95
1156,1.2225,0.5,0.1,0.0,0.0015,1.95
1157,1.2225,0.5,0.1,0.0,0.0015,1.95
1158,1.222,0.0,0.0,0.0,0.0,1.95
1159,1.2225,0.5,0.1,0.0,0.0015,1.95
1160,1.222,0.0,0.0,0.0,0.0,1.95
1161,1.222,0.0,0.0,0.0,0.0,1.95
1162,1.2225,0.5,0.1,0.0,0.0015,1.95
1163,1.222,0.0,0.0,0.0,0.0,1.95
1164,1.2225,0.5,0.1,0.0,0.0015,1.95
1165,1.222,0.0,0.0,0.0,0.0,1.95
1166,1.222,0.0,0.0,0.0,0.0,1.95
1167,1.2225,0.5,0.1,0.0,0.0015,1.95
1168,1.222,0.0,0.0,0.0,0.0,1.95
1169,1.222,0.0,0.0,0.0,0.0,1.95
1170,1.222,0.0,0.0,0.0,0.0,1.95
1171,1.222,0.0,0.0,0.0,0.0,1.95
1172,1.2225,0.5,0.1,0.0,0.0015,1.95
1173,1.2225,0.5,0.1,0.0,0.0015,1.95
1174,1.2225,0.5,0.1,0.0,0.0015,1.95
1175,1.2225,0.5,0.1,0.0,0.0015,1.95
1176,1.222,0.0,0.0,0.0,0.0,1.95
1177,1.222,0.0,0.0,0.0,0.0,1.95
1178,1.222,0.0,0.0,0.0,0.0,1.95
1179,1.2225,0.5,0.1,0.0,0.0015,1.95
1180,1.222,0.0,0.0,0.0,0.0,1.95
1181,1.2225,0.5,0.1,0.0,0.0015,1.95
1182,1.222,0.0,0.0,0.0,0.0,1.95
1183,1.222,0.0,0.0,0.0,0.0,1.95
1184,1.2225,0.5,0.1,0.0,0.0015,1.95
1185,1.2225,0.5,0.1,0.0,0.0015,1.95
1186,1.222,0.0,0.0,0.0,0.0,1.95
1187,1.222,0.0,0.0,0.0,0.0,1.95
1188,1.2225,0.5,0.1,0.0,0.0015,1.95
1189,1.222,0.0,0.0,0.0,0.0,1.95
1190,1.2225,0.5,0.1,0.0,0.0015,1.95
1191,1.222,0.0,0.0,0.0,0.0,1.95
1192,1.222,0.0,0.0,0.0,0.0,1.95
1193,1.222,0.0,0.0,0.0,0.0,1.95
1194,1.2225,0.5,0.1,0.0,0.0015,1.95
1195,1.222,0.0,0.0,0.0,0.0,1.95
1196,1.222,0.0,0.0,0.0,0.0,1.95
1197,1.222,0.0,0.0,0.0,0.0,1.95
1198,1.222,0.0,0.0,0.0,0.0,1.95
1199,1.222,0.0,0.0,0.0,0.0,1.95
1200,1.222,0.0,0.0,0.0,0.0,1.95
1201,1.2225,0.5,0.1,0.0,0.0015,1.95
1202,1.222,0.0,0.0,0.0,0.0,1.95
1203,1.222,0.0,0.0,0.0,0.0,1.95
1204,1.222,0.0,0.0,0.0,0.0,1.95
1205,1.2225,0.5,0.1,0.0,0.0015,1.95
1206,1.2225,0.5,0.1,0.0,0.0015,1.95
1207,1.2225,0.5,0.1,0.0,0.0015,1.95
1208,1.2225,0.5,0.1,0.0,0.0015,1.95
1209,1.2225,0.5,0.1,0.0,0.0015,1.95
1210,1.2225,0.5,0.1,0.0,0.0015,1.95
1211,1.2225,0.5,0.1,0.0,0.0015,1.95
1212,1.222,0.0,0.0,0.0,0.0,1.95
1213,1.222,0.0,0.0,0.0,0.0,1.95
1214,1.2225,0.5,0.1,0.0,0.0015,1.95
1215,1.222,0.0,0.0,0.0,0.0,1.95
1216,1.2225,0.5,0.1,0.0,0.0015,1.95
1217,1.2225,0.5,0.1,0.0,0.0015,1.95
1218,1.2225,0.5,0.1,0.0,0.0015,1.95
1219,1.222,0.0,0.0,0.0,0.0,1.95
1220,1.222,0.0,0.0,0.0,0.0,1.95
1221,1.222,0.0,0.0,0.0,0.0,1.95
1222,1.222,0.0,0.0,0.0,0.0,1.95
1223,1.2225,0.5,0.1,0.0,0.0015,1.95
1224,1.2225,0.5,0.1,0.0,0.0015,1.95
1225,1.2225,0.5,0.1,0.0,0.0015,1.95
1226,1.222,0.0,0.0,0.0,0.0,1.95
1227,1.2225,0.5,0.1,0.0,0.0015,1.95
1228,1.2225,0.5,0.1,0.0,0.0015,1.95
1229,1.222,0.0,0.0,0.0,0.0,1.95
1230,1.2225,0.5,0.1,0.0,0.0015,1.95
1231,1.2225,0.5,0.1,0.0,0.0015,1.95
1232,1.222,0.0,0.0,0.0,0.0,1.95
1233,1.2225,0.5,0.1,0.0,0.0015,1.95
1234,1.222,0.0,0.0,0.0,0.0,1.95
1235,1.2225,0.5,0.1,0.0,0.0015,1.95
1236,1.2225,0.5,0.1,0.0,0.0015,1.95
1237,1.222,0.0,0.0,0.0,0.0,1.95
1238,1.222,0.0,0.0,0.0,0.0,1.95
1239,1.222,0.0,0.0,0.0,0.0,1.95
1240,1.2225,0.5,0.1,0.0,0.0015,1.95
1241,1.2225,0.5,0.1,0.0,0.0015,1.95
1242,1.2225,0.5,0.1,0.0,0.0015,1.95
1243,1.222,0.0,0.0,0.0,0.0,1.95
1244,1.2225,0.5,0.1,0.0,0.0015,1.95
1245,1.222,0.0,0.0,0.0,0.0,1.95
1246,1.222,0.0,0.0,0.0,0.0,1.95
1247,1.222,0.0,0.0,0.0,0.0,1.95
1248,1.222,0.0,0.0,0.0,0.0,1.95
1249,1.2225,0.5,0.1,0.0,0.0015,1.95
1250,1.2225,0.5,0.1,0.0,0.0015,1.95
1251,1.222,0.0,0.0,0.0,0.0,1.95
1252,1.222,0.0,0.0,0.0,0.0,1.95
1253,1.222,0.0,0.0,0.0,0.0,1.95
1254,1.222,0.0,0.0,0.0,0.0,1.95
1255,1.222,0.0,0.0,0.0,0.0,1.95
1256,1.2225,0.5,0.1,0.0,0.0015,1.95
1257,1.222,0.0,0.0,0.0,0.0,1.95
1258,1.222,0.0,0.0,0.0,0.0,1.95
1259,1.2225,0.5,0.1,0.0,0.0015,1.95
1260,1.2225,0.5,0.1,0.0,0.0015,1.95
1261,1.222,0.0,0.0,0.0,0.0,1.95
1262,1.222,0.0,0.0,0.0,0.0,1.95
1263,1.222,0.0,0.0,0.0,0.0,1.95
1264,1.2225,0.5,0.1,0.0,0.0015,1.95
1265,1.2225,0.5,0.1,0.0,0.0015,1.95
1266,1.222,0.0,0.0,0.0,0.0,1.95
1267,1.222,0.0,0.0,0.0,0.0,1.95
1268,1.222,0.0,0.0,0.0,0.0,1.95
1269,1.222,0.0,0.0,0.0,0.0,1.95
1270,1.2225,0.5,0.1,0.0,0.0015,1.95
1271,1.222,0.0,0.0,0.0,0.0,1.95
1272,1.222,0.0,0.0,0.0,0.0,1.95
1273,1.222,0.0,0.0,0.0,0.0,1.95
1274,1.222,0.0,0.0,0.0,0.0,1.95
1275,1.222,0.0,0.0,0.0,0.0,1.95
1276,1.222,0.0,0.0,0.0,0.0,1.95
1277,1.2225,0.5,0.1,0.0,0.0015,1.95
1278,1.222,0.0,0.0,0.0,0.0,1.95
1279,1.222,0.0,0.0,0.0,0.0,1.95
1280,1.222,0.0,0.0,0.0,0.0,1.95
1281,1.2225,0.5,0.1,0.0,0.0015,1.95
1282,1.2225,0.5,0.1,0.0,0.0015,1.95
1283,1.2225,0.5,0.1,0.0,0.0015,1.95
1284,1.222,0.0,0.0,0.0,0.0,1.95
1285,1.2225,0.5,0.1,0.0,0.0015,1.95
1286,1.2225,0.5,0.1,0.0,0.0015,1.95
1287,1.2225,0.5,0.1,0.0,0.0015,1.95
1288,1.222,0.0,0.0,0.0,0.0,1.95
1289,1.222,0.0,0.0,0.0,0.0,1.95
1290,1.222,0.0,0.0,0.0,0.0,1.95
1291,1.2225,0.5,0.1,0.0,0.0015,1.95
1292,1.2225,0.5,0.1,0.0,0.0015,1.95
1293,1.2225,0.5,0.1,0.0,0.0015,1.95
1294,1.222,0.0,0.0,0.0,0.0,1.95
1295,1.222,0.0,0.0,0.0,0.0,1.95
1296,1.2225,0.5,0.1,0.0,0.0015,1.95
1297,1.2225,0.5,0.1,0.0,0.0015,1.95
1298,1.222,0.0,0.0,0.0,0.0,1.95
1299,1.2225,0.5,0.1,0.0,0.0015,1.95
1300,1.2225,0.5,0.1,0.0,0.0015,1.95
1301,1.2225,0.5,0.1,0.0,0.0015,1.95
1302,1.2225,0.5,0.1,0.0,0.0015,1.95
1303,1.2225,0.5,0.1,0.0,0.0015,1.95
1304,1.222,0.0,0.0,0.0,0.0,1.95
1305,1.222,0.0,0.0,0.0,0.0,1.95
1306,1.222,0.0,0.0,0.0,0.0,1.95
1307,1.2225,0.5,0.1,0.0,0.0015,1.95
1308,1.2225,0.5,0.1,0.0,0.0015,1.95
1309,1.222,0.0,0.0,0.0,0.0,1.95
1310,1.222,0.0,0.0,0.0,0.0,1.95
1311,1.222,0.0,0.0,0.0,0.0,1.95
1312,1.222,0.0,0.0,0.0,0.0,1.95
1313,1.2225,0.5,0.1,0.0,0.0015,1.95
1314,1.2225,0.5,0.1,0.0,0.0015,1.95
1315,1.222,0.0,0.0,0.0,0.0,1.95
1316,1.2225,0.5,0.1,0.0,0.0015,1.95
1317,1.2225,0.5,0.1,0.0,0.0015,1.95
1318,1.2225,0.5,0.1,0.0,0.0015,1.95
1319,1.222,0.0,0.0,0.0,0.0,1.95
1320,1.2225,0.5,0.1,0.0,0.0015,1.95
1321,1.222,0.0,0.0,0.0,0.0,1.95
1322,1.2225,0.5,0.1,0.0,0.0015,1.95
1323,1.222,0.0,0.0,0.0,0.0,1.95
1324,1.2225,0.5,0.1,0.0,0.0015,1.95
1325,1.222,0.0,0.0,0.0,0.0,1.95
1326,1.222,0.0,0.0,0.0,0.0,1.95
1327,1.222,0.0,0.0,0.0,0.0,1.95
1328,1.222,0.0,0.0,0.0,0.0,1.95
1329,1.222,0.0,0.0,0.0,0.0,1.95
1330,1.2225,0.5,0.1,0.0,0.0015,1.95
1331,1.2225,0.5,0.1,0.0,0.0015,1.95
1332,1.2225,0.5,0.1,0.0,0.0015,1.95
1333,1.222,0.0,0.0,0.0,0.0,1.95
1334,1.2225,0.5,0.1,0.0,0.0015,1.95
1335,1.222,0.0,0.0,0.0,0.0,1.95
1336,1.222,0.0,0.0,0.0,0.0,1.95
1337,1.2225,0.5,0.1,0.0,0.0015,1.95
1338,1.2225,0.5,0.1,0.0,0.0015,1.95
1339,1.222,0.0,0.0,0.0,0.0,1.95
1340,1.222,0.0,0.0,0.0,0.0,1.95
1341,1.222,0.0,0.0,0.0,0.0,1.95
1342,1.222,0.0,0.0,0.0,0.0,1.95
1343,1.222,0.0,0.0,0.0,0.0,1.95
1344,1.222,0.0,0.0,0.0,0.0,1.95
1345,1.2225,0.5,0.1,0.0,0.0015,1.95
1346,1.2225,0.5,0.1,0.0,0.0015,1.95
1347,1.2225,0.5,0.1,0.0,0.0015,1.95
1348,1.2225,0.5,0.1,0.0,0.0015,1.95
1349,1.2225,0.5,0.1,0.0,0.0015,1.95
1350,1.2225,0.5,0.1,0.0,0.0015,1.95
1351,1.2225,0.5,0.1,0.0,0.0015,1.95
1352,1.2225,0.5,0.1,0.0,0.0015,1.95
1353,1.222,0.0,0.0,0.0,0.0,1.95
1354,1.222,0.0,0.0,0.0,0.0,1.95
1355,1.222,0.0,0.0,0.0,0.0,1.95
1356,1.2225,0.5,0.1,0.0,0.0015,1.95
1357,1.2225,0.5,0.1,0.0,0.0015,1.95
1358,1.2225,0.5,0.1,0.0,0.0015,1.95
1359,1.2225,0.5,0.1,0.0,0.0015,1.95
1360,1.2225,0.5,0.1,0.0,0.0015,1.95
1361,1.2225,0.5,0.1,0.0,0.0015,1.95
1362,1.2225,0.5,0.1,0.0,0.0015,1.95
1363,1.222,0.0,0.0,0.0,0.0,1.95
1364,1.222,0.0,0.0,0.0,0.0,1.95
1365,1.2225,0.5,0.1,0.0,0.0015,1.95
1366,1.2225,0.5,0.1,0.0,0.0015,1.95
1367,1.222,0.0,0.0,0.0,0.0,1.95
1368,1.222,0.0,0.0,0.0,0.0,1.95
1369,1.222,0.0,0.0,0.0,0.0,1.95
1370,1.222,0.0,0.0,0.0,0.0,1.95
1371,1.2225,0.5,0.1,0.0,0.0015,1.95
1372,1.2225,0.5,0.1,0.0,0.0015,1.95
1373,1.222,0.0,0.0,0.0,0.0,1.95
1374,1.222,0.0,0.0,0.0,0.0,1.95
1375,1.222,0.0,0.0,0.0,0.0,1.95
1376,1.222,0.0,0.0,0.0,0.0,1.95
1377,1.222,0.0,0.0,0.0,0.0,1.95
1378,1.2225,0.5,0.1,0.0,0.0015,1.95
1379,1.2225,0.5,0.1,0.0,0.0015,1.95
1380,1.2225,0.5,0.1,0.0,0.0015,1.95
1381,1.222,0.0,0.0,0.0,0.0,1.95
1382,1.222,0.0,0.0,0.0,0.0,1.95
1383,1.222,0.0,0.0,0.0,0.0,1.95
1384,1.222,0.0,0.0,0.0,0.0,1.95
1385,1.2225,0.5,0.1,0.0,0.0015,1.95
1386,1.222,0.0,0.0,0.0,0.0,1.95
1387,1.2225,0.5,0.1,0.0,0.0015,1.95
1388,1.2225,0.5,0.1,0.0,0.0015,1.95
1389,1.2225,0.5,0.1,0.0,0.0015,1.95
1390,1.222,0.0,0.0,0.0,0.0,1.95
1391,1.2225,0.5,0.1,0.0,0.0015,1.95
1392,1.222,0.0,0.0,0.0,0.0,1.95
1393,1.222,0.0,0.0,0.0,0.0,1.95
1394,1.222,0.0,0.0,0.0,0.0,1.95
1395,1.222,0.0,0.0,0.0,0.0,1.95
1396,1.222,0.0,0.0,0.0,0.0,1.95
1397,1.2225,0.5,0.1,0.0,0.0015,1.95
1398,1.2225,0.5,0.1,0.0,0.0015,1.95
1399,1.2225,0.5,0.1,0.0,0.0015,1.95
1400,1.222,0.0,0.0,0.0,0.0,1.95
1401,1.222,0.0,0.0,0.0,0.0,1.95
1402,1.222,0.0,0.0,0.0,0.0,1.95
1403,1.2225,0.5,0.1,0.0,0.0015,1.95
1404,1.2225,0.5,0.1,0.0,0.0015,1.95
1405,1.222,0.0,0.0,0.0,0.0,1.95
1406,1.222,0.0,0.0,0.0,0.0,1.95
1407,1.2225,0.5,0.1,0.0,0.0015,1.95
1408,1.2225,0.5,0.1,0.0,0.0015,1.95
1409,1.222,0.0,0.0,0.0,0.0,1.95
1410,1.222,0.0,0.0,0.0,0.0,1.95
1411,1.222,0.0,0.0,0.0,0.0,1.95
1412,1.222,0.0,0.0,0.0,0.0,1.95
1413,1.2225,0.5,0.1,0.0,0.0015,1.95
1414,1.222,0.0,0.0,0.0,0.0,1.95
1415,1.2225,0.5,0.1,0.0,0.0015,1.95
1416,1.222,0.0,0.0,0.0,0.0,1.95
1417,1.222,0.0,0.0,0.0,0.0,1.95
1418,1.2225,0.5,0.1,0.0,0.0015,1.95
1419,1.222,0.0,0.0,0.0,0.0,1.95
1420,1.2225,0.5,0.1,0.0,0.0015,1.95
1421,1.222,0.0,0.0,0.0,0.0,1.95
1422,1.2225,0.5,0.1,0.0,0.0015,1.95
1423,1.2225,0.5,0.1,0.0,0.0015,1.95
1424,1.222,0.0,0.0,0.0,0.0,1.95
1425,1.2225,0.5,0.1,0.0,0.0015,1.95
1426,1.2225,0.5,0.1,0.0,0.0015,1.95
1427,1.2225,0.5,0.1,0.0,0.0015,1.95
1428,1.2225,0.5,0.1,0.0,0.0015,1.95
1429,1.2225,0.5,0.1,0.0,0.0015,1.95
1430,1.2225,0.5,0.1,0.0,0.0015,1.95
1431,1.222,0.0,0.0,0.0,0.0,1.95
1432,1.2225,0.5,0.1,0.0,0.0015,1.95
1433,1.2225,0.5,0.1,0.0,0.0015,1.95
1434,1.2225,0.5,0.1,0.0,0.0015,1.95
1435,1.2225,0.5,0.1,0.0,0.0015,1.95
1436,1.222,0.0,0.0,0.0,0.0,1.95
1437,1.222,0.0,0.0,0.0,0.0,1.95
1438,1.2225,0.5,0.1,0.0,0.0015,1.95
1439,1.222,0.0,0.0,0.0,0.0,1.95
1440,1.2225,0.5,0.1,0.0,0.0015,1.95
1441,1.222,0.0,0.0,0.0,0.0,1.95
1442,1.2225,0.5,0.1,0.0,0.0015,1.95
1443,1.222,0.0,0.0,0.0,0.0,1.95
1444,1.2225,0.5,0.1,0.0,0.0015,1.95
1445,1.2225,0.5,0.1,0.0,0.0015,1.95
1446,1.2225,0.5,0.1,0.0,0.0015,1.95
1447,1.2225,0.5,0.1,0.0,0.0015,1.95
1448,1.222,0.0,0.0,0.0,0.0,1.95
1449,1.2225,0.5,0.1,0.0,0.0015,1.95
1450,1.2225,0.5,0.1,0.0,0.0015,1.95
1451,1.2225,0.5,0.1,0.0,0.0015,1.95
1452,1.222,0.0,0.0,0.0,0.0,1.95
1453,1.222,0.0,0.0,0.0,0.0,1.95
1454,1.2225,0.5,0.1,0.0,0.0015,1.95
1455,1.222,0.0,0.0,0.0,0.0,1.95
1456,1.222,0.0,0.0,0.0,0.0,1.95
1457,1.2225,0.5,0.1,0.0,0.0015,1.95
1458,1.222,0.0,0.0,0.0,0.0,1.95
1459,1.222,0.0,0.0,0.0,0.0,1.95
1460,1.222,0.0,0.0,0.0,0.0,1.95
1461,1.2225,0.5,0.1,0.0,0.0015,1.95
1462,1.2225,0.5,0.1,0.0,0.0015,1.95
1463,1.2225,0.5,0.1,0.0,0.0015,1.95
1464,1.222,0.0,0.0,0.0,0.0,1.95
1465,1.222,0.0,0.0,0.0,0.0,1.95
1466,1.2225,0.5,0.1,0.0,0.0015,1.95
1467,1.2225,0.5,0.1,0.0,0.0015,1.95
1468,1.222,0.0,0.0,0.0,0.0,1.95
1469,1.2225,0.5,0.1,0.0,0.0015,1.95
1470,1.2225,0.5,0.1,0.0,0.0015,1.95
1471,1.222,0.0,0.0,0.0,0.0,1.95
1472,1.2225,0.5,0.1,0.0,0.0015,1.95
1473,1.2225,0.5,0.1,0.0,0.0015,1.95
1474,1.222,0.0,0.0,0.0,0.0,1.95
1475,1.2225,0.5,0.1,0.0,0.0015,1.95
1476,1.2225,0.5,0.1,0.0,0.0015,1.95
1477,1.222,0.0,0.0,0.0,0.0,1.95
1478,1.222,0.0,0.0,0.0,0.0,1.95
1479,1.222,0.0,0.0,0.0,0.0,1.95
1480,1.2225,0.5,0.1,0.0,0.0015,1.95
1481,1.222,0.0,0.0,0.0,0.0,1.95
1482,1.222,0.0,0.0,0.0,0.0,1.95
1483,1.2225,0.5,0.1,0.0,0.0015,1.95
1484,1.2225,0.5,0.1,0.0,0.0015,1.95
1485,1.2225,0.5,0.1,0.0,0.0015,1.95
1486,1.2225,0.5,0.1,0.0,0.0015,1.95
1487,1.222,0.0,0.0,0.0,0.0,1.95
1488,1.2225,0.5,0.1,0.0,0.0015,1.95
1489,1.222,0.0,0.0,0.0,0.0,1.95
1490,1.222,0.0,0.0,0.0,0.0,1.95
1491,1.2225,0.5,0.1,0.0,0.0015,1.95
1492,1.222,0.0,0.0,0.0,0.0,1.95
1493,1.2225,0.5,0.1,0.0,0.0015,1.95
1494,1.2225,0.5,0.1,0.0,0.0015,1.95
1495,1.222,0.0,0.0,0.0,0.0,1.95
1496,1.222,0.0,0.0,0.0,0.0,1.95
1497,1.222,0.0,0.0,0.0,0.0,1.95
1498,1.222,0.0,0.0,0.0,0.0,1.95
1499,1.222,0.0,0.0,0.0,0.0,1.95
1500,1.222,0.0,0.0,0.0,0.0,1.95
1501,1.222,0.0,0.0,0.0,0.0,1.95
1502,1.222,0.0,0.0,0.0,0.0,1.95
1503,1.222,0.0,0.0,0.0,0.0,1.95
1504,1.2225,0.5,0.1,0.0,0.0015,1.95
1505,1.2225,0.5,0.1,0.0,0.0015,1.95
1506,1.2225,0.5,0.1,0.0,0.0015,1.95
1507,1.222,0.0,0.0,0.0,0.0,1.95
1508,1.2225,0.5,0.1,0.0,0.0015,1.95
1509,1.2225,0.5,0.1,0.0,0.0015,1.95
1510,1.2225,0.5,0.1,0.0,0.0015,1.95
1511,1.2225,0.5,0.1,0.0,0.0015,1.95
1512,1.2225,0.5,0.1,0.0,0.0015,1.95
1513,1.2225,0.5,0.1,0.0,0.0015,1.95
1514,1.222,0.0,0.0,0.0,0.0,1.95
1515,1.2225,0.5,0.1,0.0,0.0015,1.95
1516,1.222,0.0,0.0,0.0,0.0,1.95
1517,1.222,0.0,0.0,0.0,0.0,1.95
1518,1.2225,0.5,0.1,0.0,0.0015,1.95
1519,1.2225,0.5,0.1,0.0,0.0015,1.95
1520,1.2225,0.5,0.1,0.0,0.0015,1.95
1521,1.2225,0.5,0.1,0.0,0.0015,1.95
1522,1.222,0.0,0.0,0.0,0.0,1.95
1523,1.2225,0.5,0.1,0.0,0.0015,1.95
1524,1.222,0.0,0.0,0.0,0.0,1.95
1525,1.222,0.0,0.0,0.0,0.0,1.95
1526,1.222,0.0,0.0,0.0,0.0,1.95
1527,1.222,0.0,0.0,0.0,0.0,1.95
1528,1.222,0.0,0.0,0.0,0.0,1.95
1529,1.222,0.0,0.0,0.0,0.0,1.95
1530,1.222,0.0,0.0,0.0,0.0,1.95
1531,1.2225,0.5,0.1,0.0,0.0015,1.95
1532,1.222,0.0,0.0,0.0,0.0,1.95
1533,1.222,0.0,0.0,0.0,0.0,1.95
1534,1.222,0.0,0.0,0.0,0.0,1.95
1535,1.2225,0.5,0.1,0.0,0.0015,1.95
1536,1.222,0.0,0.0,0.0,0.0,1.95
1537,1.2225,0.5,0.1,0.0,0.0015,1.95
1538,1.2225,0.5,0.1,0.0,0.0015,1.95
1539,1.222,0.0,0.0,0.0,0.0,1.95
1540,1.2225,0.5,0.1,0.0,0.0015,1.95
1541,1.2225,0.5,0.1,0.0,0.0015,1.95
1542,1.222,0.0,0.0,0.0,0.0,1.95
1543,1.2225,0.5,0.1,0.0,0.0015,1.95
1544,1.222,0.0,0.0,0.0,0.0,1.95
1545,1.2225,0.5,0.1,0.0,0.0015,1.95
1546,1.2225,0.5,0.1,0.0,0.0015,1.95
1547,1.2225,0.5,0.1,0.0,0.0015,1.95
1548,1.2225,0.5,0.1,0.0,0.0015,1.95
1549,1.2225,0.5,0.1,0.0,0.0015,1.95
1550,1.2225,0.5,0.1,0.0,0.0015,1.95
1551,1.2225,0.5,0.1,0.0,0.0015,1.95
1552,1.2225,0.5,0.1,0.0,0.0015,1.95
1553,1.222,0.0,0.0,0.0,0.0,1.95
1554,1.222,0.0,0.0,0.0,0.0,1.95
1555,1.222,0.0,0.0,0.0,0.0,1.95
1556,1.222,0.0,0.0,0.0,0.0,1.95
1557,1.222,0.0,0.0,0.0,0.0,1.95
1558,1.2225,0.5,0.1,0.0,0.0015,1.95
1559,1.2225,0.5,0.1,0.0,0.0015,1.95
1560,1.2225,0.5,0.1,0.0,0.0015,1.95
1561,1.2225,0.5,0.1,0.0,0.0015,1.95
1562,1.2225,0.5,0.1,0.0,0.0015,1.95
1563,1.2225,0.5,0.1,0.0,0.0015,1.95
1564,1.222,0.0,0.0,0.0,0.0,1.95
1565,1.222,0.0,0.0,0.0,0.0,1.95
1566,1.2225,0.5,0.1,0.0,0.0015,1.95
1567,1.2225,0.5,0.1,0.0,0.0015,1.95
1568,1.2225,0.5,0.1,0.0,0.0015,1.95
1569,1.222,0.0,0.0,0.0,0.0,1.95
1570,1.2225,0.5,0.1,0.0,0.0015,1.95
1571,1.222,0.0,0.0,0.0,0.0,1.95
1572,1.2225,0.5,0.1,0.0,0.0015,1.95
1573,1.222,0.0,0.0,0.0,0.0,1.95
1574,1.2225,0.5,0.1,0.0,0.0015,1.95
1575,1.2225,0.5,0.1,0.0,0.0015,1.95
1576,1.222,0.0,0.0,0.0,0.0,1.95
1577,1.222,0.0,0.0,0.0,0.0,1.95
1578,1.222,0.0,0.0,0.0,0.0,1.95
1579,1.222,0.0,0.0,0.0,0.0,1.95
1580,1.2225,0.5,0.1,0.0,0.0015,1.95
1581,1.2225,0.5,0.1,0.0,0.0015,1.95
1582,1.222,0.0,0.0,0.0,0.0,1.95
1583,1.2225,0.5,0.1,0.0,0.0015,1.95
1584,1.2225,0.5,0.1,0.0,0.0015,1.95
1585,1.222,0.0,0.0,0.0,0.0,1.95
1586,1.2225,0.5,0.1,0.0,0.0015,1.95
1587,1.222,0.0,0.0,0.0,0.0,1.95
1588,1.2225,0.5,0.1,0.0,0.0015,1.95
1589,1.222,0.0,0.0,0.0,0.0,1.95
1590,1.2225,0.5,0.1,0.0,0.0015,1.95
1591,1.222,0.0,0.0,0.0,0.0,1.95
1592,1.222,0.0,0.0,0.0,0.0,1.95
1593,1.2225,0.5,0.1,0.0,0.0015,1.95
1594,1.222,0.0,0.0,0.0,0.0,1.95
1595,1.222,0.0,0.0,0.0,0.0,1.95
1596,1.2225,0.5,0.1,0.0,0.0015,1.95
1597,1.2225,0.5,0.1,0.0,0.0015,1.95
1598,1.2225,0.5,0.1,0.0,0.0015,1.95
1599,1.222,0.0,0.0,0.0,0.0,1.95
1600,1.222,0.0,0.0,0.0,0.0,1.95
1601,1.222,0.0,0.0,0.0,0.0,1.95
1602,1.222,0.0,0.0,0.0,0.0,1.95
1603,1.2225,0.5,0.1,0.0,0.0015,1.95
1604,1.2225,0.5,0.1,0.0,0.0015,1.95
1605,1.222,0.0,0.0,0.0,0.0,1.95
1606,1.222,0.0,0.0,0.0,0.0,1.95
1607,1.2225,0.5,0.1,0.0,0.0015,1.95
1608,1.2225,0.5,0.1,0.0,0.0015,1.95
1609,1.2225,0.5,0.1,0.0,0.0015,1.95
1610,1.222,0.0,0.0,0.0,0.0,1.95
1611,1.2225,0.5,0.1,0.0,0.0015,1.95
1612,1.222,0.0,0.0,0.0,0.0,1.95
1613,1.2225,0.5,0.1,0.0,0.0015,1.95
1614,1.2225,0.5,0.1,0.0,0.0015,1.95
1615,1.2225,0.5,0.1,0.0,0.0015,1.95
1616,1.222,0.0,0.0,0.0,0.0,1.95
1617,1.2225,0.5,0.1,0.0,0.0015,1.95
1618,1.2225,0.5,0.1,0.0,0.0015,1.95
1619,1.2225,0.5,0.1,0.0,0.0015,1.95
1620,1.222,0.0,0.0,0.0,0.0,1.95
1621,1.2225,0.5,0.1,0.0,0.0015,1.95
1622,1.222,0.0,0.0,0.0,0.0,1.95
1623,1.2225,0.5,0.1,0.0,0.0015,1.95
1624,1.222,0.0,0.0,0.0,0.0,1.95
1625,1.2225,0.5,0.1,0.0,0.0015,1.95
1626,1.222,0.0,0.0,0.0,0.0,1.95
1627,1.2225,0.5,0.1,0.0,0.0015,1.95
1628,1.222,0.0,0.0,0.0,0.0,1.95
1629,1.222,0.0,0.0,0.0,0.0,1.95
1630,1.2225,0.5,0.1,0.0,0.0015,1.95
1631,1.222,0.0,0.0,0.0,0.0,1.95
1632,1.2225,0.5,0.1,0.0,0.0015,1.95
1633,1.222,0.0,0.0,0.0,0.0,1.95
1634,1.222,0.0,0.0,0.0,0.0,1.95
1635,1.222,0.0,0.0,0.0,0.0,1.95
1636,1.222,0.0,0.0,0.0,0.0,1.95
1637,1.2225,0.5,0.1,0.0,0.0015,1.95
1638,1.2225,0.5,0.1,0.0,0.0015,1.95
1639,1.2225,0.5,0.1,0.0,0.0015,1.95
1640,1.222,0.0,0.0,0.0,0.0,1.95
1641,1.222,0.0,0.0,0.0,0.0,1.95
1642,1.2225,0.5,0.1,0.0,0.0015,1.95
1643,1.2225,0.5,0.1,0.0,0.0015,1.95
1644,1.222,0.0,0.0,0.0,0.0,1.95
1645,1.222,0.0,0.0,0.0,0.0,1.95
1646,1.2225,0.5,0.1,0.0,0.0015,1.95
1647,1.222,0.0,0.0,0.0,0.0,1.95
1648,1.2225,0.5,0.1,0.0,0.0015,1.95
1649,1.2225,0.5,0.1,0.0,0.0015,1.95
1650,1.2225,0.5,0.1,0.0,0.0015,1.95
1651,1.222,0.0,0.0,0.0,0.0,1.95
1652,1.222,0.0,0.0,0.0,0.0,1.95
1653,1.2225,0.5,0.1,0.0,0.0015,1.95
1654,1.2225,0.5,0.1,0.0,0.0015,1.95
1655,1.2225,0.5,0.1,0.0,0.0015,1.95
1656,1.2225,0.5,0.1,0.0,0.0015,1.95
1657,1.222,0.0,0.0,0.0,0.0,1.95
1658,1.2225,0.5,0.1,0.0,0.0015,1.95
1659,1.222,0.0,0.0,0.0,0.0,1.95
1660,1.222,0.0,0.0,0.0,0.0,1.95
1661,1.2225,0.5,0.1,0.0,0.0015,1.95
1662,1.2225,0.5,0.1,0.0,0.0015,1.95
1663,1.222,0.0,0.0,0.0,0.0,1.95
1664,1.2225,0.5,0.1,0.0,0.0015,1.95
1665,1.222,0.0,0.0,0.0,0.0,1.95
1666,1.2225,0.5,0.1,0.0,0.0015,1.95
1667,1.222,0.0,0.0,0.0,0.0,1.95
1668,1.222,0.0,0.0,0.0,0.0,1.95
1669,1.2225,0.5,0.1,0.0,0.0015,1.95
1670,1.222,0.0,0.0,0.0,0.0,1.95
1671,1.2225,0.5,0.1,0.0,0.0015,1.95
1672,1.222,0.0,0.0,0.0,0.0,1.95
1673,1.222,0.0,0.0,0.0,0.0,1.95
1674,1.2225,0.5,0.1,0.0,0.0015,1.95
1675,1.2225,0.5,0.1,0.0,0.0015,1.95
1676,1.2225,0.5,0.1,0.0,0.0015,1.95
1677,1.2225,0.5,0.1,0.0,0.0015,1.95
1678,1.222,0.0,0.0,0.0,0.0,1.95
1679,1.222,0.0,0.0,0.0,0.0,1.95
1680,1.222,0.0,0.0,0.0,0.0,1.95
1681,1.222,0.0,0.0,0.0,0.0,1.95
1682,1.2225,0.5,0.1,0.0,0.0015,1.95
1683,1.2225,0.5,0.1,0.0,0.0015,1.95
1684,1.222,0.0,0.0,0.0,0.0,1.95
1685,1.222,0.0,0.0,0.0,0.0,1.95
1686,1.2225,0.5,0.1,0.0,0.0015,1.95
1687,1.222,0.0,0.0,0.0,0.0,1.95
1688,1.222,0.0,0.0,0.0,0.0,1.95
1689,1.2225,0.5,0.1,0.0,0.0015,1.95
1690,1.222,0.0,0.0,0.0,0.0,1.95
1691,1.222,0.0,0.0,0.0,0.0,1.95
1692,1.222,0.0,0.0,0.0,0.0,1.95
1693,1.2225,0.5,0.1,0.0,0.0015,1.95
1694,1.222,0.0,0.0,0.0,0.0,1.95
1695,1.2225,0.5,0.1,0.0,0.0015,1.95
1696,1.2225,0.5,0.1,0.0,0.0015,1.95
1697,1.2225,0.5,0.1,0.0,0.0015,1.95
1698,1.222,0.0,0.0,0.0,0.0,1.95
1699,1.222,0.0,0.0,0.0,0.0,1.95
1700,1.222,0.0,0.0,0.0,0.0,1.95
1701,1.2225,0.5,0.1,0.0,0.0015,1.95
1702,1.2225,0.5,0.1,0.0,0.0015,1.95
1703,1.2225,0.5,0.1,0.0,0.0015,1.95
1704,1.2225,0.5,0.1,0.0,0.0015,1.95
1705,1.2225,0.5,0.1,0.0,0.0015,1.95
1706,1.2225,0.5,0.1,0.0,0.0015,1.95
1707,1.2225,0.5,0.1,0.0,0.0015,1.95
1708,1.222,0.0,0.0,0.0,0.0,1.95
1709,1.2225,0.5,0.1,0.0,0.0015,1.95
1710,1.2225,0.5,0.1,0.0,0.0015,1.95
1711,1.222,0.0,0.0,0.0,0.0,1.95
1712,1.222,0.0,0.0,0.0,0.0,1.95
1713,1.2225,0.5,0.1,0.0,0.0015,1.95
1714,1.2225,0.5,0.1,0.0,0.0015,1.95
1715,1.222,0.0,0.0,0.0,0.0,1.95
1716,1.222,0.0,0.0,0.0,0.0,1.95
1717,1.2225,0.5,0.1,0.0,0.0015,1.95
1718,1.222,0.0,0.0,0.0,0.0,1.95
1719,1.222,0.0,0.0,0.0,0.0,1.95
1720,1.222,0.0,0.0,0.0,0.0,1.95
1721,1.222,0.0,0.0,0.0,0.0,1.95
1722,1.222,0.0,0.0,0.0,0.0,1.95
1723,1.222,0.0,0.0,0.0,0.0,1.95
1724,1.222,0.0,0.0,0.0,0.0,1.95
1725,1.2225,0.5,0.1,0.0,0.0015,1.95
1726,1.2225,0.5,0.1,0.0,0.0015,1.95
1727,1.2225,0.5,0.1,0.0,0.0015,1.95
1728,1.2225,0.5,0.1,0.0,0.0015,1.95
1729,1.2225,0.5,0.1,0.0,0.0015,1.95
1730,1.2225,0.5,0.1,0.0,0.0015,1.95
1731,1.2225,0.5,0.1,0.0,0.0015,1.95
1732,1.222,0.0,0.0,0.0,0.0,1.95
1733,1.222,0.0,0.0,0.0,0.0,1.95
1734,1.222,0.0,0.0,0.0,0.0,1.95
1735,1.222,0.0,0.0,0.0,0.0,1.95
1736,1.222,0.0,0.0,0.0,0.0,1.95
1737,1.222,0.0,0.0,0.0,0.0,1.95
1738,1.2225,0.5,0.1,0.0,0.0015,1.95
1739,1.222,0.0,0.0,0.0,0.0,1.95
1740,1.2225,0.5,0.1,0.0,0.0015,1.95
1741,1.222,0.0,0.0,0.0,0.0,1.95
1742,1.2225,0.5,0.1,0.0,0.0015,1.95
1743,1.222,0.0,0.0,0.0,0.0,1.95
1744,1.222,0.0,0.0,0.0,0.0,1.95
1745,1.222,0.0,0.0,0.0,0.0,1.95
1746,1.2225,0.5,0.1,0.0,0.0015,1.95
1747,1.2225,0.5,0.1,0.0,0.0015,1.95
1748,1.2225,0.5,0.1,0.0,0.0015,1.95
1749,1.222,0.0,0.0,0.0,0.0,1.95
1750,1.222,0.0,0.0,0.0,0.0,1.95
1751,1.222,0.0,0.0,0.0,0.0,1.95
1752,1.222,0.0,0.0,0.0,0.0,1.95
1753,1.2225,0.5,0.1,0.0,0.0015,1.95
1754,1.222,0.0,0.0,0.0,0.0,1.95
1755,1.222,0.0,0.0,0.0,0.0,1.95
1756,1.222,0.0,0.0,0.0,0.0,1.95
1757,1.2225,0.5,0.1,0.0,0.0015,1.95
1758,1.2225,0.5,0.1,0.0,0.0015,1.95
1759,1.2225,0.5,0.1,0.0,0.0015,1.95
1760,1.222,0.0,0.0,0.0,0.0,1.95
1761,1.222,0.0,0.0,0.0,0.0,1.95
1762,1.2225,0.5,0.1,0.0,0.0015,1.95
1763,1.222,0.0,0.0,0.0,0.0,1.95
1764,1.2225,0.5,0.1,0.0,0.0015,1.95
1765,1.2225,0.5,0.1,0.0,0.0015,1.95
1766,1.222,0.0,0.0,0.0,0.0,1.95
1767,1.222,0.0,0.0,0.0,0.0,1.95
1768,1.2225,0.5,0.1,0.0,0.0015,1.95
1769,1.2225,0.5,0.1,0.0,0.0015,1.95
1770,1.2225,0.5,0.1,0.0,0.0015,1.95
1771,1.2225,0.5,0.1,0.0,0.0015,1.95
1772,1.222,0.0,0.0,0.0,0.0,1.95
1773,1.2225,0.5,0.1,0.0,0.0015,1.95
1774,1.2225,0.5,0.1,0.0,0.0015,1.95
1775,1.2225,0.5,0.1,0.0,0.0015,1.95
1776,1.222,0.0,0.0,0.0,0.0,1.95
1777,1.222,0.0,0.0,0.0,0.0,1.95
1778,1.2225,0.5,0.1,0.0,0.0015,1.95
1779,1.222,0.0,0.0,0.0,0.0,1.95
1780,1.2225,0.5,0.1,0.0,0.0015,1.95
1781,1.222,0.0,0.0,0.0,0.0,1.95
1782,1.222,0.0,0.0,0.0,0.0,1.95
1783,1.2225,0.5,0.1,0.0,0.0015,1.95
1784,1.2225,0.5,0.1,0.0,0.0015,1.95
1785,1.222,0.0,0.0,0.0,0.0,1.95
1786,1.2225,0.5,0.1,0.0,0.0015,1.95
1787,1.2225,0.5,0.1,0.0,0.0015,1.95
1788,1.222,0.0,0.0,0.0,0.0,1.95
1789,1.222,0.0,0.0,0.0,0.0,1.95
1790,1.2225,0.5,0.1,0.0,0.0015,1.95
1791,1.222,0.0,0.0,0.0,0.0,1.95
1792,1.2225,0.5,0.1,0.0,0.0015,1.95
1793,1.2225,0.5,0.1,0.0,0.0015,1.95
1794,1.2225,0.5,0.1,0.0,0.0015,1.95
1795,1.222,0.0,0.0,0.0,0.0,1.95
1796,1.2225,0.5,0.1,0.0,0.0015,1.95
1797,1.222,0.0,0.0,0.0,0.0,1.95
1798,1.2225,0.5,0.1,0.0,0.0015,1.95
1799,1.2225,0.5,0.1,0.0,0.0015,1.95
1800,1.2225,0.5,0.1,0.0,0.0015,1.95
1801,1.2225,0.5,0.1,0.0,0.0015,1.95
1802,1.2225,0.5,0.1,0.0,0.0015,1.95
1803,1.2225,0.5,0.1,0.0,0.0015,1.95
1804,1.222,0.0,0.0,0.0,0.0,1.95
1805,1.2225,0.5,0.1,0.0,0.0015,1.95
1806,1.222,0.0,0.0,0.0,0.0,1.95
1807,1.222,0.0,0.0,0.0,0.0,1.95
1808,1.222,0.0,0.0,0.0,0.0,1.95
1809,1.2225,0.5,0.1,0.0,0.0015,1.95
1810,1.222,0.0,0.0,0.0,0.0,1.95
1811,1.2225,0.5,0.1,0.0,0.0015,1.95
1812,1.222,0.0,0.0,0.0,0.0,1.95
1813,1.222,0.0,0.0,0.0,0.0,1.95
1814,1.2225,0.5,0.1,0.0,0.0015,1.95
1815,1.222,0.0,0.0,0.0,0.0,1.95
1816,1.222,0.0,0.0,0.0,0.0,1.95
1817,1.222,0.0,0.0,0.0,0.0,1.95
1818,1.2225,0.5,0.1,0.0,0.0015,1.95
1819,1.222,0.0,0.0,0.0,0.0,1.95
1820,1.2225,0.5,0.1,0.0,0.0015,1.95
1821,1.222,0.0,0.0,0.0,0.0,1.95
1822,1.2225,0.5,0.1,0.0,0.0015,1.95
1823,1.2225,0.5,0.1,0.0,0.0015,1.95
1824,1.222,0.0,0.0,0.0,0.0,1.95
1825,1.222,0.0,0.0,0.0,0.0,1.95
1826,1.2225,0.5,0.1,0.0,0.0015,1.95
1827,1.222,0.0,0.0,0.0,0.0,1.95
1828,1.2225,0.5,0.1,0.0,0.0015,1.95
1829,1.2225,0.5,0.1,0.0,0.0015,1.95
1830,1.2225,0.5,0.1,0.0,0.0015,1.95
1831,1.222,0.0,0.0,0.0,0.0,1.95
1832,1.2225,0.5,0.1,0.0,0.0015,1.95
1833,1.222,0.0,0.0,0.0,0.0,1.95
1834,1.2225,0.5,0.1,0.0,0.0015,1.95
1835,1.222,0.0,0.0,0.0,0.0,1.95
1836,1.2225,0.5,0.1,0.0,0.0015,1.95
1837,1.2225,0.5,0.1,0.0,0.0015,1.95
1838,1.2225,0.5,0.1,0.0,0.0015,1.95
1839,1.2225,0.5,0.1,0.0,0.0015,1.95
1840,1.222,0.0,0.0,0.0,0.0,1.95
1841,1.2225,0.5,0.1,0.0,0.0015,1.95
1842,1.2225,0.5,0.1,0.0,0.0015,1.95
1843,1.222,0.0,0.0,0.0,0.0,1.95
1844,1.222,0.0,0.0,0.0,0.0,1.95
1845,1.222,0.0,0.0,0.0,0.0,1.95
1846,1.222,0.0,0.0,0.0,0.0,1.95
1847,1.2225,0.5,0.1,0.0,0.0015,1.95
1848,1.2225,0.5,0.1,0.0,0.0015,1.95
1849,1.222,0.0,0.0,0.0,0.0,1.95
1850,1.2225,0.5,0.1,0.0,0.0015,1.95
1851,1.2225,0.5,0.1,0.0,0.0015,1.95
1852,1.2225,0.5,0.1,0.0,0.0015,1.95
1853,1.222,0.0,0.0,0.0,0.0,1.95
1854,1.222,0.0,0.0,0.0,0.0,1.95
1855,1.222,0.0,0.0,0.0,0.0,1.95
1856,1.2225,0.5,0.1,0.0,0.0015,1.95
1857,1.222,0.0,0.0,0.0,0.0,1.95
1858,1.222,0.0,0.0,0.0,0.0,1.95
1859,1.2225,0.5,0.1,0.0,0.0015,1.95
1860,1.2225,0.5,0.1,0.0,0.0015,1.95
1861,1.222,0.0,0.0,0.0,0.0,1.95
1862,1.222,0.0,0.0,0.0,0.0,1.95
1863,1.2225,0.5,0.1,0.0,0.0015,1.95
1864,1.2225,0.5,0.1,0.0,0.0015,1.95
1865,1.222,0.0,0.0,0.0,0.0,1.95
1866,1.222,0.0,0.0,0.0,0.0,1.95
1867,1.222,0.0,0.0,0.0,0.0,1.95
1868,1.222,0.0,0.0,0.0,0.0,1.95
1869,1.222,0.0,0.0,0.0,0.0,1.95
1870,1.2225,0.5,0.1,0.0,0.0015,1.95
1871,1.222,0.0,0.0,0.0,0.0,1.95
1872,1.222,0.0,0.0,0.0,0.0,1.95
1873,1.222,0.0,0.0,0.0,0.0,1.95
1874,1.2225,0.5,0.1,0.0,0.0015,1.95
1875,1.2225,0.5,0.1,0.0,0.0015,1.95
1876,1.222,0.0,0.0,0.0,0.0,1.95
1877,1.2225,0.5,0.1,0.0,0.0015,1.95
1878,1.2225,0.5,0.1,0.0,0.0015,1.95
1879,1.222,0.0,0.0,0.0,0.0,1.95
1880,1.2225,0.5,0.1,0.0,0.0015,1.95
1881,1.2225,0.5,0.1,0.0,0.0015,1.95
1882,1.2225,0.5,0.1,0.0,0.0015,1.95
1883,1.2225,0.5,0.1,0.0,0.0015,1.95
1884,1.222,0.0,0.0,0.0,0.0,1.95
1885,1.222,0.0,0.0,0.0,0.0,1.95
1886,1.222,0.0,0.0,0.0,0.0,1.95
1887,1.222,0.0,0.0,0.0,0.0,1.95
1888,1.222,0.0,0.0,0.0,0.0,1.95
1889,1.222,0.0,0.0,0.0,0.0,1.95
1890,1.2225,0.5,0.1,0.0,0.0015,1.95
1891,1.2225,0.5,0.1,0.0,0.0015,1.95
1892,1.222,0.0,0.0,0.0,0.0,1.95
1893,1.222,0.0,0.0,0.0,0.0,1.95
1894,1.222,0.0,0.0,0.0,0.0,1.95
1895,1.2225,0.5,0.1,0.0,0.0015,1.95
1896,1.222,0.0,0.0,0.0,0.0,1.95
1897,1.222,0.0,0.0,0.0,0.0,1.95
1898,1.222,0.0,0.0,0.0,0.0,1.95
1899,1.222,0.0,0.0,0.0,0.0,1.95
1900,1.2225,0.5,0.1,0.0,0.0015,1.95
1901,1.222,0.0,0.0,0.0,0.0,1.95
1902,1.222,0.0,0.0,0.0,0.0,1.95
1903,1.2225,0.5,0.1,0.0,0.0015,1.95
1904,1.222,0.0,0.0,0.0,0.0,1.95
1905,1.2225,0.5,0.1,0.0,0.0015,1.95
1906,1.2225,0.5,0.1,0.0,0.0015,1.95
1907,1.222,0.0,0.0,0.0,0.0,1.95
1908,1.2225,0.5,0.1,0.0,0.0015,1.95
1909,1.222,0.0,0.0,0.0,0.0,1.95
1910,1.2225,0.5,0.1,0.0,0.0015,1.95
1911,1.222,0.0,0.0,0.0,0.0,1.95
1912,1.2225,0.5,0.1,0.0,0.0015,1.95
1913,1.222,0.0,0.0,0.0,0.0,1.95
1914,1.2225,0.5,0.1,0.0,0.0015,1.95
1915,1.2225,0.5,0.1,0.0,0.0015,1.95
1916,1.2225,0.5,0.1,0.0,0.0015,1.95
1917,1.2225,0.5,0.1,0.0,0.0015,1.95
1918,1.222,0.0,0.0,0.0,0.0,1.95
1919,1.222,0.0,0.0,0.0,0.0,1.95
1920,1.222,0.0,0.0,0.0,0.0,1.95
1921,1.222,0.0,0.0,0.0,0.0,1.95
1922,1.222,0.0,0.0,0.0,0.0,1.95
1923,1.2225,0.5,0.1,0.0,0.0015,1.95
1924,1.222,0.0,0.0,0.0,0.0,1.95
1925,1.2225,0.5,0.1,0.0,0.0015,1.95
1926,1.2225,0.5,0.1,0.0,0.0015,1.95
1927,1.2225,0.5,0.1,0.0,0.0015,1.95
1928,1.222,0.0,0.0,0.0,0.0,1.95
1929,1.222,0.0,0.0,0.0,0.0,1.95
1930,1.222,0.0,0.0,0.0,0.0,1.95
1931,1.2225,0.5,0.1,0.0,0.0015,1.95
1932,1.2225,0.5,0.1,0.0,0.0015,1.95
1933,1.222,0.0,0.0,0.0,0.0,1.95
1934,1.2225,0.5,0.1,0.0,0.0015,1.95
1935,1.2225,0.5,0.1,0.0,0.0015,1.95
1936,1.2225,0.5,0.1,0.0,0.0015,1.95
1937,1.222,0.0,0.0,0.0,0.0,1.95
1938,1.2225,0.5,0.1,0.0,0.0015,1.95
1939,1.222,0.0,0.0,0.0,0.0,1.95
1940,1.222,0.0,0.0,0.0,0.0,1.95
1941,1.222,0.0,0.0,0.0,0.0,1.95
1942,1.2225,0.5,0.1,0.0,0.0015,1.95
1943,1.2225,0.5,0.1,0.0,0.0015,1.95
1944,1.222,0.0,0.0,0.0,0.0,1.95
1945,1.2225,0.5,0.1,0.0,0.0015,1.95
1946,1.2225,0.5,0.1,0.0,0.0015,1.95
1947,1.222,0.0,0.0,0.0,0.0,1.95
1948,1.222,0.0,0.0,0.0,0.0,1.95
1949,1.222,0.0,0.0,0.0,0.0,1.95
1950,1.2225,0.5,0.1,0.0,0.0015,1.95
1951,1.2225,0.5,0.1,0.0,0.0015,1.95
1952,1.222,0.0,0.0,0.0,0.0,1.95
1953,1.222,0.0,0.0,0.0,0.0,1.95
1954,1.2225,0.5,0.1,0.0,0.0015,1.95
1955,1.2225,0.5,0.1,0.0,0.0015,1.95
1956,1.222,0.0,0.0,0.0,0.0,1.95
1957,1.2225,0.5,0.1,0.0,0.0015,1.95
1958,1.2225,0.5,0.1,0.0,0.0015,1.95
1959,1.222,0.0,0.0,0.0,0.0,1.95
1960,1.2225,0.5,0.1,0.0,0.0015,1.95
1961,1.2225,0.5,0.1,0.0,0.0015,1.95
1962,1.2225,0.5,0.1,0.0,0.0015,1.95
1963,1.2225,0.5,0.1,0.0,0.0015,1.95
1964,1.222,0.0,0.0,0.0,0.0,1.95
1965,1.222,0.0,0.0,0.0,0.0,1.95
1966,1.222,0.0,0.0,0.0,0.0,1.95
1967,1.222,0.0,0.0,0.0,0.0,1.95
1968,1.2225,0.5,0.1,0.0,0.0015,1.95
1969,1.2225,0.5,0.1,0.0,0.0015,1.95
1970,1.2225,0.5,0.1,0.0,0.0015,1.95
1971,1.2225,0.5,0.1,0.0,0.0015,1.95
1972,1.2225,0.5,0.1,0.0,0.0015,1.95
1973,1.2225,0.5,0.1,0.0,0.0015,1.95
1974,1.2225,0.5,0.1,0.0,0.0015,1.95
1975,1.2225,0.5,0.1,0.0,0.0015,1.95
1976,1.2225,0.5,0.1,0.0,0.0015,1.95
1977,1.222,0.0,0.0,0.0,0.0,1.95
1978,1.2225,0.5,0.1,0.0,0.0015,1.95
1979,1.2225,0.5,0.1,0.0,0.0015,1.95
1980,1.222,0.0,0.0,0.0,0.0,1.95
1981,1.222,0.0,0.0,0.0,0.0,1.95
1982,1.222,0.0,0.0,0.0,0.0,1.95
1983,1.222,0.0,0.0,0.0,0.0,1.95
1984,1.222,0.0,0.0,0.0,0.0,1.95
1985,1.222,0.0,0.0,0.0,0.0,1.95
1986,1.2225,0.5,0.1,0.0,0.0015,1.95
1987,1.222,0.0,0.0,0.0,0.0,1.95
1988,1.222,0.0,0.0,0.0,0.0,1.95
1989,1.2225,0.5,0.1,0.0,0.0015,1.95
1990,1.2225,0.5,0.1,0.0,0.0015,1.95
1991,1.2225,0.5,0.1,0.0,0.0015,1.95
1992,1.222,0.0,0.0,0.0,0.0,1.95
1993,1.222,0.0,0.0,0.0,0.0,1.95
1994,1.222,0.0,0.0,0.0,0.0,1.95
1995,1.222,0.0,0.0,0.0,0.0,1.95
1996,1.222,0.0,0.0,0.0,0.0,1.95
1997,1.2225,0.5,0.1,0.0,0.0015,1.95
1998,1.222,0.0,0.0,0.0,0.0,1.95
1999,1.222,0.0,0.0,0.0,0.0,1.95
2000,1.2225,0.5,0.1,0.0,0.0015,1.95
2001,1.222,0.0,0.0,0.0,0.0,1.95
2002,1.222,0.0,0.0,0.0,0.0,1.95
2003,1.222,0.0,0.0,0.0,0.0,1.95
2004,1.222,0.0,0.0,0.0,0.0,1.95
2005,1.222,0.0,0.0,0.0,0.0,1.95
2006,1.2225,0.5,0.1,0.0,0.0015,1.95
2007,1.2225,0.5,0.1,0.0,0.0015,1.95
2008,1.222,0.0,0.0,0.0,0.0,1.95
2009,1.222,0.0,0.0,0.0,0.0,1.95
2010,1.2225,0.5,0.1,0.0,0.0015,1.95
2011,1.222,0.0,0.0,0.0,0.0,1.95
2012,1.2225,0.5,0.1,0.0,0.0015,1.95
2013,1.2225,0.5,0.1,0.0,0.0015,1.95
2014,1.2225,0.5,0.1,0.0,0.0015,1.95
2015,1.222,0.0,0.0,0.0,0.0,1.95
2016,1.2225,0.5,0.1,0.0,0.0015,1.95
2017,1.2225,0.5,0.1,0.0,0.0015,1.95
2018,1.2225,0.5,0.1,0.0,0.0015,1.95
2019,1.222,0.0,0.0,0.0,0.0,1.95
2020,1.222,0.0,0.0,0.0,0.0,1.95
2021,1.222,0.0,0.0,0.0,0.0,1.95
2022,1.2225,0.5,0.1,0.0,0.0015,1.95
2023,1.2225,0.5,0.1,0.0,0.0015,1.95
2024,1.2225,0.5,0.1,0.0,0.0015,1.95
2025,1.222,0.0,0.0,0.0,0.0,1.95
2026,1.2225,0.5,0.1,0.0,0.0015,1.95
2027,1.222,0.0,0.0,0.0,0.0,1.95
2028,1.222,0.0,0.0,0.0,0.0,1.95
2029,1.2225,0.5,0.1,0.0,0.0015,1.95
2030,1.2225,0.5,0.1,0.0,0.0015,1.95
2031,1.2225,0.5,0.1,0.0,0.0015,1.95
2032,1.222,0.0,0.0,0.0,0.0,1.95
2033,1.222,0.0,0.0,0.0,0.0,1.95
2034,1.222,0.0,0.0,0.0,0.0,1.95
2035,1.222,0.0,0.0,0.0,0.0,1.95
2036,1.222,0.0,0.0,0.0,0.0,1.95
2037,1.2225,0.5,0.1,0.0,0.0015,1.95
2038,1.2225,0.5,0.1,0.0,0.0015,1.95
2039,1.2225,0.5,0.1,0.0,0.0015,1.95
2040,1.222,0.0,0.0,0.0,0.0,1.95
2041,1.2225,0.5,0.1,0.0,0.0015,1.95
2042,1.222,0.0,0.0,0.0,0.0,1.95
2043,1.2225,0.5,0.1,0.0,0.0015,1.95
2044,1.222,0.0,0.0,0.0,0.0,1.95
2045,1.2225,0.5,0.1,0.0,0.0015,1.95
2046,1.222,0.0,0.0,0.0,0.0,1.95
2047,1.2225,0.5,0.1,0.0,0.0015,1.95
2048,1.2225,0.5,0.1,0.0,0.0015,1.95
2049,1.222,0.0,0.0,0.0,0.0,1.95
2050,1.2225,0.5,0.1,0.0,0.0015,1.95
2051,1.2225,0.5,0.1,0.0,0.0015,1.95
2052,1.2225,0.5,0.1,0.0,0.0015,1.95
2053,1.2225,0.5,0.1,0.0,0.0015,1.95
2054,1.2225,0.5,0.1,0.0,0.0015,1.95
2055,1.222,0.0,0.0,0.0,0.0,1.95
2056,1.222,0.0,0.0,0.0,0.0,1.95
2057,1.2225,0.5,0.1,0.0,0.0015,1.95
2058,1.222,0.0,0.0,0.0,0.0,1.95
2059,1.2225,0.5,0.1,0.0,0.0015,1.95
2060,1.2225,0.5,0.1,0.0,0.0015,1.95
2061,1.222,0.0,0.0,0.0,0.0,1.95
2062,1.2225,0.5,0.1,0.0,0.0015,1.95
2063,1.2225,0.5,0.1,0.0,0.0015,1.95
2064,1.2225,0.5,0.1,0.0,0.0015,1.95
2065,1.222,0.0,0.0,0.0,0.0,1.95
2066,1.222,0.0,0.0,0.0,0.0,1.95
2067,1.222,0.0,0.0,0.0,0.0,1.95
2068,1.2225,0.5,0.1,0.0,0.0015,1.95
2069,1.222,0.0,0.0,0.0,0.0,1.95
2070,1.222,0.0,0.0,0.0,0.0,1.95
2071,1.222,0.0,0.0,0.0,0.0,1.95
2072,1.2225,0.5,0.1,0.0,0.0015,1.95
2073,1.2225,0.5,0.1,0.0,0.0015,1.95
2074,1.222,0.0,0.0,0.0,0.0,1.95
2075,1.2225,0.5,0.1,0.0,0.0015,1.95
2076,1.222,0.0,0.0,0.0,0.0,1.95
2077,1.2225,0.5,0.1,0.0,0.0015,1.95
2078,1.2225,0.5,0.1,0.0,0.0015,1.95
2079,1.2225,0.5,0.1,0.0,0.0015,1.95
2080,1.222,0.0,0.0,0.0,0.0,1.95
2081,1.2225,0.5,0.1,0.0,0.0015,1.95
2082,1.2225,0.5,0.1,0.0,0.0015,1.95
2083,1.2225,0.5,0.1,0.0,0.0015,1.95
2084,1.222,0.0,0.0,0.0,0.0,1.95
2085,1.222,0.0,0.0,0.0,0.0,1.95
2086,1.2225,0.5,0.1,0.0,0.0015,1.95
2087,1.222,0.0,0.0,0.0,0.0,1.95
2088,1.2225,0.5,0.1,0.0,0.0015,1.95
2089,1.2225,0.5,0.1,0.0,0.0015,1.95
2090,1.2225,0.5,0.1,0.0,0.0015,1.95
2091,1.222,0.0,0.0,0.0,0.0,1.95
2092,1.2225,0.5,0.1,0.0,0.0015,1.95
2093,1.222,0.0,0.0,0.0,0.0,1.95
2094,1.2225,0.5,0.1,0.0,0.0015,1.95
2095,1.222,0.0,0.0,0.0,0.0,1.95
2096,1.222,0.0,0.0,0.0,0.0,1.95
2097,1.222,0.0,0.0,0.0,0.0,1.95
2098,1.222,0.0,0.0,0.0,0.0,1.95
2099,1.2225,0.5,0.1,0.0,0.0015,1.95
2100,1.2225,0.5,0.1,0.0,0.0015,1.95
2101,1.222,0.0,0.0,0.0,0.0,1.95
2102,1.222,0.0,0.0,0.0,0.0,1.95
2103,1.2225,0.5,0.1,0.0,0.0015,1.95
2104,1.222,0.0,0.0,0.0,0.0,1.95
2105,1.2225,0.5,0.1,0.0,0.0015,1.95
2106,1.2225,0.5,0.1,0.0,0.0015,1.95
2107,1.222,0.0,0.0,0.0,0.0,1.95
2108,1.2225,0.5,0.1,0.0,0.0015,1.95
2109,1.2225,0.5,0.1,0.0,0.0015,1.95
2110,1.2225,0.5,0.1,0.0,0.0015,1.95
2111,1.2225,0.5,0.1,0.0,0.0015,1.95
2112,1.222,0.0,0.0,0.0,0.0,1.95
2113,1.222,0.0,0.0,0.0,0.0,1.95
2114,1.2225,0.5,0.1,0.0,0.0015,1.95
2115,1.2225,0.5,0.1,0.0,0.0015,1.95
2116,1.222,0.0,0.0,0.0,0.0,1.95
2117,1.2225,0.5,0.1,0.0,0.0015,1.95
2118,1.222,0.0,0.0,0.0,0.0,1.95
2119,1.222,0.0,0.0,0.0,0.0,1.95
2120,1.222,0.0,0.0,0.0,0.0,1.95
2121,1.2225,0.5,0.1,0.0,0.0015,1.95
2122,1.2225,0.5,0.1,0.0,0.0015,1.95
2123,1.2225,0.5,0.1,0.0,0.0015,1.95
2124,1.2225,0.5,0.1,0.0,0.0015,1.95
2125,1.2225,0.5,0.1,0.0,0.0015,1.95
2126,1.222,0.0,0.0,0.0,0.0,1.95
2127,1.222,0.0,0.0,0.0,0.0,1.95
2128,1.222,0.0,0.0,0.0,0.0,1.95
2129,1.2225,0.5,0.1,0.0,0.0015,1.95
2130,1.222,0.0,0.0,0.0,0.0,1.95
2131,1.2225,0.5,0.1,0.0,0.0015,1.95
2132,1.222,0.0,0.0,0.0,0.0,1.95
2133,1.2225,0.5,0.1,0.0,0.0015,1.95
2134,1.222,0.0,0.0,0.0,0.0,1.95
2135,1.2225,0.5,0.1,0.0,0.0015,1.95
2136,1.222,0.0,0.0,0.0,0.0,1.95
2137,1.2225,0.5,0.1,0.0,0.0015,1.95
2138,1.2225,0.5,0.1,0.0,0.0015,1.95
2139,1.222,0.0,0.0,0.0,0.0,1.95
2140,1.222,0.0,0.0,0.0,0.0,1.95
2141,1.2225,0.5,0.1,0.0,0.0015,1.95
2142,1.2225,0.5,0.1,0.0,0.0015,1.95
2143,1.222,0.0,0.0,0.0,0.0,1.95
2144,1.2225,0.5,0.1,0.0,0.0015,1.95
2145,1.2225,0.5,0.1,0.0,0.0015,1.95
2146,1.2225,0.5,0.1,0.0,0.0015,1.95
2147,1.222,0.0,0.0,0.0,0.0,1.95
2148,1.222,0.0,0.0,0.0,0.0,1.95
2149,1.2225,0.5,0.1,0.0,0.0015,1.95
2150,1.2225,0.5,0.1,0.0,0.0015,1.95
2151,1.2225,0.5,0.1,0.0,0.0015,1.95
2152,1.2225,0.5,0.1,0.0,0.0015,1.95
2153,1.222,0.0,0.0,0.0,0.0,1.95
2154,1.222,0.0,0.0,0.0,0.0,1.95
2155,1.2225,0.5,0.1,0.0,0.0015,1.95
2156,1.2225,0.5,0.1,0.0,0.0015,1.95
2157,1.222,0.0,0.0,0.0,0.0,1.95
2158,1.222,0.0,0.0,0.0,0.0,1.95
2159,1.222,0.0,0.0,0.0,0.0,1.95
2160,1.2225,0.5,0.1,0.0,0.0015,1.95
2161,1.222,0.0,0.0,0.0,0.0,1.95
2162,1.2225,0.5,0.1,0.0,0.0015,1.95
2163,1.2225,0.5,0.1,0.0,0.0015,1.95
2164,1.222,0.0,0.0,0.0,0.0,1.95
2165,1.222,0.0,0.0,0.0,0.0,1.95
2166,1.2225,0.5,0.1,0.0,0.0015,1.95
2167,1.2225,0.5,0.1,0.0,0.0015,1.95
2168,1.2225,0.5,0.1,0.0,0.0015,1.95
2169,1.222,0.0,0.0,0.0,0.0,1.95
2170,1.2225,0.5,0.1,0.0,0.0015,1.95
2171,1.222,0.0,0.0,0.0,0.0,1.95
2172,1.2225,0.5,0.1,0.0,0.0015,1.95
2173,1.222,0.0,0.0,0.0,0.0,1.95
2174,1.2225,0.5,0.1,0.0,0.0015,1.95
2175,1.222,0.0,0.0,0.0,0.0,1.95
2176,1.2225,0.5,0.1,0.0,0.0015,1.95
2177,1.222,0.0,0.0,0.0,0.0,1.95
2178,1.222,0.0,0.0,0.0,0.0,1.95
2179,1.222,0.0,0.0,0.0,0.0,1.95
2180,1.2225,0.5,0.1,0.0,0.0015,1.95
2181,1.222,0.0,0.0,0.0,0.0,1.95
2182,1.222,0.0,0.0,0.0,0.0,1.95
2183,1.2225,0.5,0.1,0.0,0.0015,1.95
2184,1.2225,0.5,0.1,0.0,0.0015,1.95
2185,1.222,0.0,0.0,0.0,0.0,1.95
2186,1.2225,0.5,0.1,0.0,0.0015,1.95
2187,1.222,0.0,0.0,0.0,0.0,1.95
2188,1.222,0.0,0.0,0.0,0.0,1.95
2189,1.222,0.0,0.0,0.0,0.0,1.95
2190,1.2225,0.5,0.1,0.0,0.0015,1.95
2191,1.222,0.0,0.0,0.0,0.0,1.95
2192,1.222,0.0,0.0,0.0,0.0,1.95
2193,1.222,0.0,0.0,0.0,0.0,1.95
2194,1.222,0.0,0.0,0.0,0.0,1.95
2195,1.222,0.0,0.0,0.0,0.0,1.95
2196,1.222,0.0,0.0,0.0,0.0,1.95
2197,1.222,0.0,0.0,0.0,0.0,1.95
2198,1.2225,0.5,0.1,0.0,0.0015,1.95
2199,1.2225,0.5,0.1,0.0,0.0015,1.95
2200,1.222,0.0,0.0,0.0,0.0,1.95
2201,1.2225,0.5,0.1,0.0,0.0015,1.95
2202,1.2225,0.5,0.1,0.0,0.0015,1.95
2203,1.222,0.0,0.0,0.0,0.0,1.95
2204,1.2225,0.5,0.1,0.0,0.0015,1.95
2205,1.222,0.0,0.0,0.0,0.0,1.95
2206,1.2225,0.5,0.1,0.0,0.0015,1.95
2207,1.222,0.0,0.0,0.0,0.0,1.95
2208,1.222,0.0,0.0,0.0,0.0,1.95
2209,1.222,0.0,0.0,0.0,0.0,1.95
2210,1.2225,0.5,0.1,0.0,0.0015,1.95
2211,1.2225,0.5,0.1,0.0,0.0015,1.95
2212,1.2225,0.5,0.1,0.0,0.0015,1.95
2213,1.222,0.0,0.0,0.0,0.0,1.95
2214,1.2225,0.5,0.1,0.0,0.0015,1.95
2215,1.2225,0.5,0.1,0.0,0.0015,1.95
2216,1.2225,0.5,0.1,0.0,0.0015,1.95
2217,1.222,0.0,0.0,0.0,0.0,1.95
2218,1.222,0.0,0.0,0.0,0.0,1.95
2219,1.2225,0.5,0.1,0.0,0.0015,1.95
2220,1.222,0.0,0.0,0.0,0.0,1.95
2221,1.222,0.0,0.0,0.0,0.0,1.95
2222,1.222,0.0,0.0,0.0,0.0,1.95
2223,1.222,0.0,0.0,0.0,0.0,1.95
2224,1.222,0.0,0.0,0.0,0.0,1.95
2225,1.2225,0.5,0.1,0.0,0.0015,1.95
2226,1.2225,0.5,0.1,0.0,0.0015,1.95
2227,1.2225,0.5,0.1,0.0,0.0015,1.95
2228,1.2225,0.5,0.1,0.0,0.0015,1.95
2229,1.222,0.0,0.0,0.0,0.0,1.95
2230,1.2225,0.5,0.1,0.0,0.0015,1.95
2231,1.222,0.0,0.0,0.0,0.0,1.95
2232,1.222,0.0,0.0,0.0,0.0,1.95
2233,1.222,0.0,0.0,0.0,0.0,1.95
2234,1.222,0.0,0.0,0.0,0.0,1.95
2235,1.2225,0.5,0.1,0.0,0.0015,1.95
2236,1.2225,0.5,0.1,0.0,0.0015,1.95
2237,1.222,0.0,0.0,0.0,0.0,1.95
2238,1.2225,0.5,0.1,0.0,0.0015,1.95
2239,1.222,0.0,0.0,0.0,0.0,1.95
2240,1.222,0.0,0.0,0.0,0.0,1.95
2241,1.222,0.0,0.0,0.0,0.0,1.95
2242,1.2225,0.5,0.1,0.0,0.0015,1.95
2243,1.222,0.0,0.0,0.0,0.0,1.95
2244,1.2225,0.5,0.1,0.0,0.0015,1.95
2245,1.222,0.0,0.0,0.0,0.0,1.95
2246,1.2225,0.5,0.1,0.0,0.0015,1.95
2247,1.222,0.0,0.0,0.0,0.0,1.95
2248,1.2225,0.5,0.1,0.0,0.0015,1.95
2249,1.2225,0.5,0.1,0.0,0.0015,1.95
2250,1.222,0.0,0.0,0.0,0.0,1.95
2251,1.2225,0.5,0.1,0.0,0.0015,1.95
2252,1.2225,0.5,0.1,0.0,0.0015,1.95
2253,1.222,0.0,0.0,0.0,0.0,1.95
2254,1.2225,0.5,0.1,0.0,0.0015,1.95
2255,1.2225,0.5,0.1,0.0,0.0015,1.95
2256,1.2225,0.5,0.1,0.0,0.0015,1.95
2257,1.2225,0.5,0.1,0.0,0.0015,1.95
2258,1.2225,0.5,0.1,0.0,0.0015,1.95
2259,1.222,0.0,0.0,0.0,0.0,1.95
2260,1.2225,0.5,0.1,0.0,0.0015,1.95
2261,1.2225,0.5,0.1,0.0,0.0015,1.95
2262,1.222,0.0,0.0,0.0,0.0,1.95
2263,1.2225,0.5,0.1,0.0,0.0015,1.95
2264,1.222,0.0,0.0,0.0,0.0,1.95
2265,1.2225,0.5,0.1,0.0,0.0015,1.95
2266,1.2225,0.5,0.1,0.0,0.0015,1.95
2267,1.222,0.0,0.0,0.0,0.0,1.95
2268,1.2225,0.5,0.1,0.0,0.0015,1.95
2269,1.222,0.0,0.0,0.0,0.0,1.95
2270,1.2225,0.5,0.1,0.0,0.0015,1.95
2271,1.222,0.0,0.0,0.0,0.0,1.95
2272,1.2225,0.5,0.1,0.0,0.0015,1.95
2273,1.2225,0.5,0.1,0.0,0.0015,1.95
2274,1.2225,0.5,0.1,0.0,0.0015,1.95
2275,1.2225,0.5,0.1,0.0,0.0015,1.95
2276,1.2225,0.5,0.1,0.0,0.0015,1.95
2277,1.2225,0.5,0.1,0.0,0.0015,1.95
2278,1.2225,0.5,0.1,0.0,0.0015,1.95
2279,1.222,0.0,0.0,0.0,0.0,1.95
2280,1.222,0.0,0.0,0.0,0.0,1.95
2281,1.2225,0.5,0.1,0.0,0.0015,1.95
2282,1.2225,0.5,0.1,0.0,0.0015,1.95
2283,1.2225,0.5,0.1,0.0,0.0015,1.95
2284,1.2225,0.5,0.1,0.0,0.0015,1.95
2285,1.222,0.0,0.0,0.0,0.0,1.95
2286,1.222,0.0,0.0,0.0,0.0,1.95
2287,1.222,0.0,0.0,0.0,0.0,1.95
2288,1.2225,0.5,0.1,0.0,0.0015,1.95
2289,1.2225,0.5,0.1,0.0,0.0015,1.95
2290,1.222,0.0,0.0,0.0,0.0,1.95
2291,1.2225,0.5,0.1,0.0,0.0015,1.95
2292,1.222,0.0,0.0,0.0,0.0,1.95
2293,1.222,0.0,0.0,0.0,0.0,1.95
2294,1.222,0.0,0.0,0.0,0.0,1.95
2295,1.2225,0.5,0.1,0.0,0.0015,1.95
2296,1.222,0.0,0.0,0.0,0.0,1.95
2297,1.222,0.0,0.0,0.0,0.0,1.95
2298,1.222,0.0,0.0,0.0,0.0,1.95
2299,1.2225,0.5,0.1,0.0,0.0015,1.95
2300,1.222,0.0,0.0,0.0,0.0,1.95
2301,1.2225,0.5,0.1,0.0,0.0015,1.95
2302,1.2225,0.5,0.1,0.0,0.0015,1.95
2303,1.2225,0.5,0.1,0.0,0.0015,1.95
2304,1.2225,0.5,0.1,0.0,0.0015,1.95
2305,1.222,0.0,0.0,0.0,0.0,1.95
2306,1.222,0.0,0.0,0.0,0.0,1.95
2307,1.222,0.0,0.0,0.0,0.0,1.95
2308,1.222,0.0,0.0,0.0,0.0,1.95
2309,1.222,0.0,0.0,0.0,0.0,1.95
2310,1.222,0.0,0.0,0.0,0.0,1.95
2311,1.222,0.0,0.0,0.0,0.0,1.95
2312,1.2225,0.5,0.1,0.0,0.0015,1.95
2313,1.222,0.0,0.0,0.0,0.0,1.95
2314,1.222,0.0,0.0,0.0,0.0,1.95
2315,1.2225,0.5,0.1,0.0,0.0015,1.95
2316,1.2225,0.5,0.1,0.0,0.0015,1.95
2317,1.2225,0.5,0.1,0.0,0.0015,1.95
2318,1.2225,0.5,0.1,0.0,0.0015,1.95
2319,1.2225,0.5,0.1,0.0,0.0015,1.95
2320,1.222,0.0,0.0,0.0,0.0,1.95
2321,1.222,0.0,0.0,0.0,0.0,1.95
2322,1.2225,0.5,0.1,0.0,0.0015,1.95
2323,1.2225,0.5,0.1,0.0,0.0015,1.95
2324,1.2225,0.5,0.1,0.0,0.0015,1.95
2325,1.2225,0.5,0.1,0.0,0.0015,1.95
2326,1.2225,0.5,0.1,0.0,0.0015,1.95
2327,1.222,0.0,0.0,0.0,0.0,1.95
2328,1.222,0.0,0.0,0.0,0.0,1.95
2329,1.2225,0.5,0.1,0.0,0.0015,1.95
2330,1.2225,0.5,0.1,0.0,0.0015,1.95
2331,1.2225,0.5,0.1,0.0,0.0015,1.95
2332,1.222,0.0,0.0,0.0,0.0,1.95
2333,1.222,0.0,0.0,0.0,0.0,1.95
2334,1.222,0.0,0.0,0.0,0.0,1.95
2335,1.2225,0.5,0.1,0.0,0.0015,1.95
2336,1.2225,0.5,0.1,0.0,0.0015,1.95
2337,1.222,0.0,0.0,0.0,0.0,1.95
2338,1.222,0.0,0.0,0.0,0.0,1.95
2339,1.2225,0.5,0.1,0.0,0.0015,1.95
2340,1.2225,0.5,0.1,0.0,0.0015,1.95
2341,1.2225,0.5,0.1,0.0,0.0015,1.95
2342,1.222,0.0,0.0,0.0,0.0,1.95
2343,1.222,0.0,0.0,0.0,0.0,1.95
2344,1.2225,0.5,0.1,0.0,0.0015,1.95
2345,1.2225,0.5,0.1,0.0,0.0015,1.95
2346,1.2225,0.5,0.1,0.0,0.0015,1.95
2347,1.2225,0.5,0.1,0.0,0.0015,1.95
2348,1.222,0.0,0.0,0.0,0.0,1.95
2349,1.2225,0.5,0.1,0.0,0.0015,1.95
2350,1.2225,0.5,0.1,0.0,0.0015,1.95
2351,1.222,0.0,0.0,0.0,0.0,1.95
2352,1.222,0.0,0.0,0.0,0.0,1.95
2353,1.222,0.0,0.0,0.0,0.0,1.95
2354,1.222,0.0,0.0,0.0,0.0,1.95
2355,1.2225,0.5,0.1,0.0,0.0015,1.95
2356,1.222,0.0,0.0,0.0,0.0,1.95
2357,1.222,0.0,0.0,0.0,0.0,1.95
2358,1.222,0.0,0.0,0.0,0.0,1.95
2359,1.2225,0.5,0.1,0.0,0.0015,1.95
2360,1.2225,0.5,0.1,0.0,0.0015,1.95
2361,1.2225,0.5,0.1,0.0,0.0015,1.95
2362,1.222,0.0,0.0,0.0,0.0,1.95
2363,1.222,0.0,0.0,0.0,0.0,1.95
2364,1.2225,0.5,0.1,0.0,0.0015,1.95
2365,1.2225,0.5,0.1,0.0,0.0015,1.95
2366,1.222,0.0,0.0,0.0,0.0,1.95
2367,1.222,0.0,0.0,0.0,0.0,1.95
2368,1.2225,0.5,0.1,0.0,0.0015,1.95
2369,1.222,0.0,0.0,0.0,0.0,1.95
2370,1.222,0.0,0.0,0.0,0.0,1.95
2371,1.222,0.0,0.0,0.0,0.0,1.95
2372,1.222,0.0,0.0,0.0,0.0,1.95
2373,1.2225,0.5,0.1,0.0,0.0015,1.95
2374,1.2225,0.5,0.1,0.0,0.0015,1.95
2375,1.222,0.0,0.0,0.0,0.0,1.95
2376,1.222,0.0,0.0,0.0,0.0,1.95
2377,1.2225,0.5,0.1,0.0,0.0015,1.95
2378,1.2225,0.5,0.1,0.0,0.0015,1.95
2379,1.222,0.0,0.0,0.0,0.0,1.95
2380,1.2225,0.5,0.1,0.0,0.0015,1.95
2381,1.2225,0.5,0.1,0.0,0.0015,1.95
2382,1.222,0.0,0.0,0.0,0.0,1.95
2383,1.2225,0.5,0.1,0.0,0.0015,1.95
2384,1.222,0.0,0.0,0.0,0.0,1.95
2385,1.222,0.0,0.0,0.0,0.0,1.95
2386,1.222,0.0,0.0,0.0,0.0,1.95
2387,1.222,0.0,0.0,0.0,0.0,1.95
2388,1.2225,0.5,0.1,0.0,0.0015,1.95
2389,1.2225,0.5,0.1,0.0,0.0015,1.95
2390,1.222,0.0,0.0,0.0,0.0,1.95
2391,1.2225,0.5,0.1,0.0,0.0015,1.95
2392,1.222,0.0,0.0,0.0,0.0,1.95
2393,1.222,0.0,0.0,0.0,0.0,1.95
2394,1.2225,0.5,0.1,0.0,0.0015,1.95
2395,1.2225,0.5,0.1,0.0,0.0015,1.95
2396,1.222,0.0,0.0,0.0,0.0,1.95
2397,1.2225,0.5,0.1,0.0,0.0015,1.95
2398,1.2225,0.5,0.1,0.0,0.0015,1.95
2399,1.2225,0.5,0.1,0.0,0.0015,1.95
2400,1.222,0.0,0.0,0.0,0.0,1.95
2401,1.2225,0.5,0.1,0.0,0.0015,1.95
2402,1.2225,0.5,0.1,0.0,0.0015,1.95
2403,1.222,0.0,0.0,0.0,0.0,1.95
2404,1.222,0.0,0.0,0.0,0.0,1.95
2405,1.222,0.0,0.0,0.0,0.0,1.95
2406,1.222,0.0,0.0,0.0,0.0,1.95
2407,1.2225,0.5,0.1,0.0,0.0015,1.95
2408,1.2225,0.5,0.1,0.0,0.0015,1.95
2409,1.222,0.0,0.0,0.0,0.0,1.95
2410,1.222,0.0,0.0,0.0,0.0,1.95
2411,1.222,0.0,0.0,0.0,0.0,1.95
2412,1.2225,0.5,0.1,0.0,0.0015,1.95
2413,1.2225,0.5,0.1,0.0,0.0015,1.95
2414,1.222,0.0,0.0,0.0,0.0,1.95
2415,1.222,0.0,0.0,0.0,0.0,1.95
2416,1.2225,0.5,0.1,0.0,0.0015,1.95
2417,1.2225,0.5,0.1,0.0,0.0015,1.95
2418,1.2225,0.5,0.1,0.0,0.0015,1.95
2419,1.222,0.0,0.0,0.0,0.0,1.95
2420,1.2225,0.5,0.1,0.0,0.0015,1.95
2421,1.2225,0.5,0.1,0.0,0.0015,1.95
2422,1.222,0.0,0.0,0.0,0.0,1.95
2423,1.222,0.0,0.0,0.0,0.0,1.95
2424,1.222,0.0,0.0,0.0,0.0,1.95
2425,1.2225,0.5,0.1,0.0,0.0015,1.95
2426,1.222,0.0,0.0,0.0,0.0,1.95
2427,1.222,0.0,0.0,0.0,0.0,1.95
2428,1.2225,0.5,0.1,0.0,0.0015,1.95
2429,1.222,0.0,0.0,0.0,0.0,1.95
2430,1.2225,0.5,0.1,0.0,0.0015,1.95
2431,1.222,0.0,0.0,0.0,0.0,1.95
2432,1.222,0.0,0.0,0.0,0.0,1.95
2433,1.2225,0.5,0.1,0.0,0.0015,1.95
2434,1.222,0.0,0.0,0.0,0.0,1.95
2435,1.2225,0.5,0.1,0.0,0.0015,1.95
2436,1.222,0.0,0.0,0.0,0.0,1.95
2437,1.2225,0.5,0.1,0.0,0.0015,1.95
2438,1.2225,0.5,0.1,0.0,0.0015,1.95
2439,1.222,0.0,0.0,0.0,0.0,1.95
2440,1.222,0.0,0.0,0.0,0.0,1.95
2441,1.222,0.0,0.0,0.0,0.0,1.95
2442,1.2225,0.5,0.1,0.0,0.0015,1.95
2443,1.2225,0.5,0.1,0.0,0.0015,1.95
2444,1.2225,0.5,0.1,0.0,0.0015,1.95
2445,1.2225,0.5,0.1,0.0,0.0015,1.95
2446,1.222,0.0,0.0,0.0,0.0,1.95
2447,1.222,0.0,0.0,0.0,0.0,1.95
2448,1.222,0.0,0.0,0.0,0.0,1.95
2449,1.222,0.0,0.0,0.0,0.0,1.95
2450,1.2225,0.5,0.1,0.0,0.0015,1.95
2451,1.222,0.0,0.0,0.0,0.0,1.95
2452,1.222,0.0,0.0,0.0,0.0,1.95
2453,1.222,0.0,0.0,0.0,0.0,1.95
2454,1.222,0.0,0.0,0.0,0.0,1.95
2455,1.222,0.0,0.0,0.0,0.0,1.95
2456,1.2225,0.5,0.1,0.0,0.0015,1.95
2457,1.222,0.0,0.0,0.0,0.0,1.95
2458,1.222,0.0,0.0,0.0,0.0,1.95
2459,1.222,0.0,0.0,0.0,0.0,1.95
2460,1.222,0.0,0.0,0.0,0.0,1.95
2461,1.222,0.0,0.0,0.0,0.0,1.95
2462,1.222,0.0,0.0,0.0,0.0,1.95
2463,1.222,0.0,0.0,0.0,0.0,1.95
2464,1.2225,0.5,0.1,0.0,0.0015,1.95
2465,1.222,0.0,0.0,0.0,0.0,1.95
2466,1.2225,0.5,0.1,0.0,0.0015,1.95
2467,1.222,0.0,0.0,0.0,0.0,1.95
2468,1.222,0.0,0.0,0.0,0.0,1.95
2469,1.222,0.0,0.0,0.0,0.0,1.95
2470,1.2225,0.5,0.1,0.0,0.0015,1.95
2471,1.2225,0.5,0.1,0.0,0.0015,1.95
2472,1.2225,0.5,0.1,0.0,0.0015,1.95
2473,1.2225,0.5,0.1,0.0,0.0015,1.95
2474,1.222,0.0,0.0,0.0,0.0,1.95
2475,1.2225,0.5,0.1,0.0,0.0015,1.95
2476,1.222,0.0,0.0,0.0,0.0,1.95
2477,1.222,0.0,0.0,0.0,0.0,1.95
2478,1.2225,0.5,0.1,0.0,0.0015,1.95
2479,1.2225,0.5,0.1,0.0,0.0015,1.95
2480,1.2225,0.5,0.1,0.0,0.0015,1.95
2481,1.222,0.0,0.0,0.0,0.0,1.95
2482,1.2225,0.5,0.1,0.0,0.0015,1.95
2483,1.222,0.0,0.0,0.0,0.0,1.95
2484,1.222,0.0,0.0,0.0,0.0,1.95
2485,1.2225,0.5,0.1,0.0,0.0015,1.95
2486,1.2225,0.5,0.1,0.0,0.0015,1.95
2487,1.222,0.0,0.0,0.0,0.0,1.95
2488,1.2225,0.5,0.1,0.0,0.0015,1.95
2489,1.2225,0.5,0.1,0.0,0.0015,1.95
2490,1.2225,0.5,0.1,0.0,0.0015,1.95
2491,1.222,0.0,0.0,0.0,0.0,1.95
2492,1.2225,0.5,0.1,0.0,0.0015,1.95
2493,1.2225,0.5,0.1,0.0,0.0015,1.95
2494,1.2225,0.5,0.1,0.0,0.0015,1.95
2495,1.222,0.0,0.0,0.0,0.0,1.95
2496,1.2225,0.5,0.1,0.0,0.0015,1.95
2497,1.222,0.0,0.0,0.0,0.0,1.95
2498,1.2225,0.5,0.1,0.0,0.0015,1.95
2499,1.222,0.0,0.0,0.0,0.0,1.95
2500,1.222,0.0,0.0,0.0,0.0,1.95
2501,1.2225,0.5,0.1,0.0,0.0015,1.95
2502,1.222,0.0,0.0,0.0,0.0,1.95
2503,1.2225,0.5,0.1,0.0,0.0015,1.95
2504,1.222,0.0,0.0,0.0,0.0,1.95
2505,1.2225,0.5,0.1,0.0,0.0015,1.95
2506,1.2225,0.5,0.1,0.0,0.0015,1.95
2507,1.2225,0.5,0.1,0.0,0.0015,1.95
2508,1.2225,0.5,0.1,0.0,0.0015,1.95
2509,1.2225,0.5,0.1,0.0,0.0015,1.95
2510,1.222,0.0,0.0,0.0,0.0,1.95
2511,1.222,0.0,0.0,0.0,0.0,1.95
2512,1.222,0.0,0.0,0.0,0.0,1.95
2513,1.2225,0.5,0.1,0.0,0.0015,1.95
2514,1.2225,0.5,0.1,0.0,0.0015,1.95
2515,1.222,0.0,0.0,0.0,0.0,1.95
2516,1.222,0.0,0.0,0.0,0.0,1.95
2517,1.222,0.0,0.0,0.0,0.0,1.95
2518,1.222,0.0,0.0,0.0,0.0,1.95
2519,1.222,0.0,0.0,0.0,0.0,1.95
2520,1.222,0.0,0.0,0.0,0.0,1.95
2521,1.2225,0.5,0.1,0.0,0.0015,1.95
2522,1.2225,0.5,0.1,0.0,0.0015,1.95
2523,1.222,0.0,0.0,0.0,0.0,1.95
2524,1.2225,0.5,0.1,0.0,0.0015,1.95
2525,1.222,0.0,0.0,0.0,0.0,1.95
2526,1.222,0.0,0.0,0.0,0.0,1.95
2527,1.2225,0.5,0.1,0.0,0.0015,1.95
2528,1.222,0.0,0.0,0.0,0.0,1.95
2529,1.222,0.0,0.0,0.0,0.0,1.95
2530,1.222,0.0,0.0,0.0,0.0,1.95
2531,1.222,0.0,0.0,0.0,0.0,1.95
2532,1.2225,0.5,0.1,0.0,0.0015,1.95
2533,1.222,0.0,0.0,0.0,0.0,1.95
2534,1.222,0.0,0.0,0.0,0.0,1.95
2535,1.2225,0.5,0.1,0.0,0.0015,1.95
2536,1.222,0.0,0.0,0.0,0.0,1.95
2537,1.222,0.0,0.0,0.0,0.0,1.95
2538,1.2225,0.5,0.1,0.0,0.0015,1.95
2539,1.2225,0.5,0.1,0.0,0.0015,1.95
2540,1.2225,0.5,0.1,0.0,0.0015,1.95
2541,1.222,0.0,0.0,0.0,0.0,1.95
2542,1.2225,0.5,0.1,0.0,0.0015,1.95
2543,1.2225,0.5,0.1,0.0,0.0015,1.95
2544,1.222,0.0,0.0,0.0,0.0,1.95
2545,1.2225,0.5,0.1,0.0,0.0015,1.95
2546,1.222,0.0,0.0,0.0,0.0,1.95
2547,1.2225,0.5,0.1,0.0,0.0015,1.95
2548,1.222,0.0,0.0,0.0,0.0,1.95
2549,1.222,0.0,0.0,0.0,0.0,1.95
2550,1.2225,0.5,0.1,0.0,0.0015,1.95
2551,1.2225,0.5,0.1,0.0,0.0015,1.95
2552,1.222,0.0,0.0,0.0,0.0,1.95
2553,1.222,0.0,0.0,0.0,0.0,1.95
2554,1.2225,0.5,0.1,0.0,0.0015,1.95
2555,1.222,0.0,0.0,0.0,0.0,1.95
2556,1.222,0.0,0.0,0.0,0.0,1.95
2557,1.2225,0.5,0.1,0.0,0.0015,1.95
2558,1.2225,0.5,0.1,0.0,0.0015,1.95
2559,1.2225,0.5,0.1,0.0,0.0015,1.95
2560,1.2225,0.5,0.1,0.0,0.0015,1.95
2561,1.2225,0.5,0.1,0.0,0.0015,1.95
2562,1.2225,0.5,0.1,0.0,0.0015,1.95
2563,1.222,0.0,0.0,0.0,0.0,1.95
2564,1.222,0.0,0.0,0.0,0.0,1.95
2565,1.222,0.0,0.0,0.0,0.0,1.95
2566,1.222,0.0,0.0,0.0,0.0,1.95
2567,1.2225,0.5,0.1,0.0,0.0015,1.95
2568,1.222,0.0,0.0,0.0,0.0,1.95
2569,1.2225,0.5,0.1,0.0,0.0015,1.95
2570,1.2225,0.5,0.1,0.0,0.0015,1.95
2571,1.2225,0.5,0.1,0.0,0.0015,1.95
2572,1.222,0.0,0.0,0.0,0.0,1.95
2573,1.222,0.0,0.0,0.0,0.0,1.95
2574,1.222,0.0,0.0,0.0,0.0,1.95
2575,1.2225,0.5,0.1,0.0,0.0015,1.95
2576,1.222,0.0,0.0,0.0,0.0,1.95
2577,1.2225,0.5,0.1,0.0,0.0015,1.95
2578,1.222,0.0,0.0,0.0,0.0,1.95
2579,1.222,0.0,0.0,0.0,0.0,1.95
2580,1.2225,0.5,0.1,0.0,0.0015,1.95
2581,1.2225,0.5,0.1,0.0,0.0015,1.95
2582,1.2225,0.5,0.1,0.0,0.0015,1.95
2583,1.2225,0.5,0.1,0.0,0.0015,1.95
2584,1.2225,0.5,0.1,0.0,0.0015,1.95
2585,1.222,0.0,0.0,0.0,0.0,1.95
2586,1.222,0.0,0.0,0.0,0.0,1.95
2587,1.222,0.0,0.0,0.0,0.0,1.95
2588,1.2225,0.5,0.1,0.0,0.0015,1.95
2589,1.2225,0.5,0.1,0.0,0.0015,1.95
2590,1.2225,0.5,0.1,0.0,0.0015,1.95
2591,1.2225,0.5,0.1,0.0,0.0015,1.95
2592,1.222,0.0,0.0,0.0,0.0,1.95
2593,1.2225,0.5,0.1,0.0,0.0015,1.95
2594,1.222,0.0,0.0,0.0,0.0,1.95
2595,1.222,0.0,0.0,0.0,0.0,1.95
2596,1.222,0.0,0.0,0.0,0.0,1.95
2597,1.222,0.0,0.0,0.0,0.0,1.95
2598,1.2225,0.5,0.1,0.0,0.0015,1.95
2599,1.222,0.0,0.0,0.0,0.0,1.95
2600,1.2225,0.5,0.1,0.0,0.0015,1.95
2601,1.2225,0.5,0.1,0.0,0.0015,1.95
2602,1.2225,0.5,0.1,0.0,0.0015,1.95
2603,1.222,0.0,0.0,0.0,0.0,1.95
2604,1.2225,0.5,0.1,0.0,0.0015,1.95
2605,1.2225,0.5,0.1,0.0,0.0015,1.95
2606,1.222,0.0,0.0,0.0,0.0,1.95
2607,1.222,0.0,0.0,0.0,0.0,1.95
2608,1.2225,0.5,0.1,0.0,0.0015,1.95
2609,1.2225,0.5,0.1,0.0,0.0015,1.95
2610,1.222,0.0,0.0,0.0,0.0,1.95
2611,1.222,0.0,0.0,0.0,0.0,1.95
2612,1.2225,0.5,0.1,0.0,0.0015,1.95
2613,1.222,0.0,0.0,0.0,0.0,1.95
2614,1.2225,0.5,0.1,0.0,0.0015,1.95
2615,1.222,0.0,0.0,0.0,0.0,1.95
2616,1.222,0.0,0.0,0.0,0.0,1.95
2617,1.222,0.0,0.0,0.0,0.0,1.95
2618,1.2225,0.5,0.1,0.0,0.0015,1.95
2619,1.222,0.0,0.0,0.0,0.0,1.95
2620,1.2225,0.5,0.1,0.0,0.0015,1.95
2621,1.2225,0.5,0.1,0.0,0.0015,1.95
2622,1.2225,0.5,0.1,0.0,0.0015,1.95
2623,1.2225,0.5,0.1,0.0,0.0015,1.95
2624,1.2225,0.5,0.1,0.0,0.0015,1.95
2625,1.222,0.0,0.0,0.0,0.0,1.95
2626,1.2225,0.5,0.1,0.0,0.0015,1.95
2627,1.2225,0.5,0.1,0.0,0.0015,1.95
2628,1.222,0.0,0.0,0.0,0.0,1.95
2629,1.222,0.0,0.0,0.0,0.0,1.95
2630,1.222,0.0,0.0,0.0,0.0,1.95
2631,1.2225,0.5,0.1,0.0,0.0015,1.95
2632,1.2225,0.5,0.1,0.0,0.0015,1.95
2633,1.222,0.0,0.0,0.0,0.0,1.95
2634,1.2225,0.5,0.1,0.0,0.0015,1.95
2635,1.222,0.0,0.0,0.0,0.0,1.95
2636,1.222,0.0,0.0,0.0,0.0,1.95
2637,1.2225,0.5,0.1,0.0,0.0015,1.95
2638,1.222,0.0,0.0,0.0,0.0,1.95
2639,1.222,0.0,0.0,0.0,0.0,1.95
2640,1.222,0.0,0.0,0.0,0.0,1.95
2641,1.222,0.0,0.0,0.0,0.0,1.95
2642,1.2225,0.5,0.1,0.0,0.0015,1.95
2643,1.222,0.0,0.0,0.0,0.0,1.95
2644,1.222,0.0,0.0,0.0,0.0,1.95
2645,1.2225,0.5,0.1,0.0,0.0015,1.95
2646,1.222,0.0,0.0,0.0,0.0,1.95
2647,1.222,0.0,0.0,0.0,0.0,1.95
2648,1.2225,0.5,0.1,0.0,0.0015,1.95
2649,1.2225,0.5,0.1,0.0,0.0015,1.95
2650,1.222,0.0,0.0,0.0,0.0,1.95
2651,1.222,0.0,0.0,0.0,0.0,1.95
2652,1.222,0.0,0.0,0.0,0.0,1.95
2653,1.222,0.0,0.0,0.0,0.0,1.95
2654,1.2225,0.5,0.1,0.0,0.0015,1.95
2655,1.2225,0.5,0.1,0.0,0.0015,1.95
2656,1.222,0.0,0.0,0.0,0.0,1.95
2657,1.222,0.0,0.0,0.0,0.0,1.95
2658,1.2225,0.5,0.1,0.0,0.0015,1.95
2659,1.222,0.0,0.0,0.0,0.0,1.95
2660,1.222,0.0,0.0,0.0,0.0,1.95
2661,1.2225,0.5,0.1,0.0,0.0015,1.95
2662,1.222,0.0,0.0,0.0,0.0,1.95
2663,1.222,0.0,0.0,0.0,0.0,1.95
2664,1.2225,0.5,0.1,0.0,0.0015,1.95
2665,1.2225,0.5,0.1,0.0,0.0015,1.95
2666,1.222,0.0,0.0,0.0,0.0,1.95
2667,1.2225,0.5,0.1,0.0,0.0015,1.95
2668,1.222,0.0,0.0,0.0,0.0,1.95
2669,1.222,0.0,0.0,0.0,0.0,1.95
2670,1.2225,0.5,0.1,0.0,0.0015,1.95
2671,1.2225,0.5,0.1,0.0,0.0015,1.95
2672,1.2225,0.5,0.1,0.0,0.0015,1.95
2673,1.2225,0.5,0.1,0.0,0.0015,1.95
2674,1.2225,0.5,0.1,0.0,0.0015,1.95
2675,1.2225,0.5,0.1,0.0,0.0015,1.95
2676,1.2225,0.5,0.1,0.0,0.0015,1.95
2677,1.222,0.0,0.0,0.0,0.0,1.95
2678,1.2225,0.5,0.1,0.0,0.0015,1.95
2679,1.2225,0.5,0.1,0.0,0.0015,1.95
2680,1.2225,0.5,0.1,0.0,0.0015,1.95
2681,1.222,0.0,0.0,0.0,0.0,1.95
2682,1.222,0.0,0.0,0.0,0.0,1.95
2683,1.2225,0.5,0.1,0.0,0.0015,1.95
2684,1.2225,0.5,0.1,0.0,0.0015,1.95
2685,1.2225,0.5,0.1,0.0,0.0015,1.95
2686,1.2225,0.5,0.1,0.0,0.0015,1.95
2687,1.2225,0.5,0.1,0.0,0.0015,1.95
2688,1.222,0.0,0.0,0.0,0.0,1.95
2689,1.2225,0.5,0.1,0.0,0.0015,1.95
2690,1.2225,0.5,0.1,0.0,0.0015,1.95
2691,1.2225,0.5,0.1,0.0,0.0015,1.95
2692,1.2225,0.5,0.1,0.0,0.0015,1.95
2693,1.2225,0.5,0.1,0.0,0.0015,1.95
2694,1.222,0.0,0.0,0.0,0.0,1.95
2695,1.2225,0.5,0.1,0.0,0.0015,1.95
2696,1.222,0.0,0.0,0.0,0.0,1.95
2697,1.222,0.0,0.0,0.0,0.0,1.95
2698,1.2225,0.5,0.1,0.0,0.0015,1.95
2699,1.2225,0.5,0.1,0.0,0.0015,1.95
2700,1.222,0.0,0.0,0.0,0.0,1.95
2701,1.222,0.0,0.0,0.0,0.0,1.95
2702,1.2225,0.5,0.1,0.0,0.0015,1.95
2703,1.222,0.0,0.0,0.0,0.0,1.95
2704,1.222,0.0,0.0,0.0,0.0,1.95
2705,1.2225,0.5,0.1,0.0,0.0015,1.95
2706,1.222,0.0,0.0,0.0,0.0,1.95
2707,1.2225,0.5,0.1,0.0,0.0015,1.95
2708,1.2225,0.5,0.1,0.0,0.0015,1.95
2709,1.2225,0.5,0.1,0.0,0.0015,1.95
2710,1.2225,0.5,0.1,0.0,0.0015,1.95
2711,1.222,0.0,0.0,0.0,0.0,1.95
2712,1.222,0.0,0.0,0.0,0.0,1.95
2713,1.2225,0.5,0.1,0.0,0.0015,1.95
2714,1.2225,0.5,0.1,0.0,0.0015,1.95
2715,1.2225,0.5,0.1,0.0,0.0015,1.95
2716,1.222,0.0,0.0,0.0,0.0,1.95
2717,1.222,0.0,0.0,0.0,0.0,1.95
2718,1.2225,0.5,0.1,0.0,0.0015,1.95
2719,1.222,0.0,0.0,0.0,0.0,1.95
2720,1.222,0.0,0.0,0.0,0.0,1.95
2721,1.2225,0.5,0.1,0.0,0.0015,1.95
2722,1.222,0.0,0.0,0.0,0.0,1.95
2723,1.2225,0.5,0.1,0.0,0.0015,1.95
2724,1.222,0.0,0.0,0.0,0.0,1.95
2725,1.2225,0.5,0.1,0.0,0.0015,1.95
2726,1.2225,0.5,0.1,0.0,0.0015,1.95
2727,1.2225,0.5,0.1,0.0,0.0015,1.95
2728,1.2225,0.5,0.1,0.0,0.0015,1.95
2729,1.2225,0.5,0.1,0.0,0.0015,1.95
2730,1.222,0.0,0.0,0.0,0.0,1.95
2731,1.2225,0.5,0.1,0.0,0.0015,1.95
2732,1.2225,0.5,0.1,0.0,0.0015,1.95
2733,1.222,0.0,0.0,0.0,0.0,1.95
2734,1.2225,0.5,0.1,0.0,0.0015,1.95
2735,1.2225,0.5,0.1,0.0,0.0015,1.95
2736,1.222,0.0,0.0,0.0,0.0,1.95
2737,1.222,0.0,0.0,0.0,0.0,1.95
2738,1.2225,0.5,0.1,0.0,0.0015,1.95
2739,1.2225,0.5,0.1,0.0,0.0015,1.95
2740,1.2225,0.5,0.1,0.0,0.0015,1.95
2741,1.222,0.0,0.0,0.0,0.0,1.95
2742,1.2225,0.5,0.1,0.0,0.0015,1.95
2743,1.2225,0.5,0.1,0.0,0.0015,1.95
2744,1.2225,0.5,0.1,0.0,0.0015,1.95
2745,1.222,0.0,0.0,0.0,0.0,1.95
2746,1.222,0.0,0.0,0.0,0.0,1.95
2747,1.2225,0.5,0.1,0.0,0.0015,1.95
2748,1.222,0.0,0.0,0.0,0.0,1.95
2749,1.2225,0.5,0.1,0.0,0.0015,1.95
2750,1.222,0.0,0.0,0.0,0.0,1.95
2751,1.2225,0.5,0.1,0.0,0.0015,1.95
2752,1.222,0.0,0.0,0.0,0.0,1.95
2753,1.222,0.0,0.0,0.0,0.0,1.95
2754,1.2225,0.5,0.1,0.0,0.0015,1.95
2755,1.2225,0.5,0.1,0.0,0.0015,1.95
2756,1.2225,0.5,0.1,0.0,0.0015,1.95
2757,1.2225,0.5,0.1,0.0,0.0015,1.95
2758,1.2225,0.5,0.1,0.0,0.0015,1.95
2759,1.222,0.0,0.0,0.0,0.0,1.95
2760,1.222,0.0,0.0,0.0,0.0,1.95
2761,1.222,0.0,0.0,0.0,0.0,1.95
2762,1.2225,0.5,0.1,0.0,0.0015,1.95
2763,1.222,0.0,0.0,0.0,0.0,1.95
2764,1.222,0.0,0.0,0.0,0.0,1.95
2765,1.2225,0.5,0.1,0.0,0.0015,1.95
2766,1.2225,0.5,0.1,0.0,0.0015,1.95
2767,1.2225,0.5,0.1,0.0,0.0015,1.95
2768,1.2225,0.5,0.1,0.0,0.0015,1.95
2769,1.222,0.0,0.0,0.0,0.0,1.95
2770,1.2225,0.5,0.1,0.0,0.0015,1.95
2771,1.2225,0.5,0.1,0.0,0.0015,1.95
2772,1.2225,0.5,0.1,0.0,0.0015,1.95
2773,1.222,0.0,0.0,0.0,0.0,1.95
2774,1.2225,0.5,0.1,0.0,0.0015,1.95
2775,1.222,0.0,0.0,0.0,0.0,1.95
2776,1.222,0.0,0.0,0.0,0.0,1.95
2777,1.222,0.0,0.0,0.0,0.0,1.95
2778,1.2225,0.5,0.1,0.0,0.0015,1.95
2779,1.222,0.0,0.0,0.0,0.0,1.95
2780,1.222,0.0,0.0,0.0,0.0,1.95
2781,1.2225,0.5,0.1,0.0,0.0015,1.95
2782,1.2225,0.5,0.1,0.0,0.0015,1.95
2783,1.2225,0.5,0.1,0.0,0.0015,1.95
2784,1.2225,0.5,0.1,0.0,0.0015,1.95
2785,1.2225,0.5,0.1,0.0,0.0015,1.95
2786,1.222,0.0,0.0,0.0,0.0,1.95
2787,1.2225,0.5,0.1,0.0,0.0015,1.95
2788,1.222,0.0,0.0,0.0,0.0,1.95
2789,1.2225,0.5,0.1,0.0,0.0015,1.95
2790,1.222,0.0,0.0,0.0,0.0,1.95
2791,1.222,0.0,0.0,0.0,0.0,1.95
2792,1.2225,0.5,0.1,0.0,0.0015,1.95
2793,1.2225,0.5,0.1,0.0,0.0015,1.95
2794,1.222,0.0,0.0,0.0,0.0,1.95
2795,1.2225,0.5,0.1,0.0,0.0015,1.95
2796,1.222,0.0,0.0,0.0,0.0,1.95
2797,1.2225,0.5,0.1,0.0,0.0015,1.95
2798,1.222,0.0,0.0,0.0,0.0,1.95
2799,1.222,0.0,0.0,0.0,0.0,1.95
2800,1.2225,0.5,0.1,0.0,0.0015,1.95
2801,1.222,0.0,0.0,0.0,0.0,1.95
2802,1.222,0.0,0.0,0.0,0.0,1.95
2803,1.2225,0.5,0.1,0.0,0.0015,1.95
2804,1.222,0.0,0.0,0.0,0.0,1.95
2805,1.222,0.0,0.0,0.0,0.0,1.95
2806,1.2225,0.5,0.1,0.0,0.0015,1.95
2807,1.222,0.0,0.0,0.0,0.0,1.95
2808,1.222,0.0,0.0,0.0,0.0,1.95
2809,1.2225,0.5,0.1,0.0,0.0015,1.95
2810,1.2225,0.5,0.1,0.0,0.0015,1.95
2811,1.222,0.0,0.0,0.0,0.0,1.95
2812,1.222,0.0,0.0,0.0,0.0,1.95
2813,1.222,0.0,0.0,0.0,0.0,1.95
2814,1.2225,0.5,0.1,0.0,0.0015,1.95
2815,1.222,0.0,0.0,0.0,0.0,1.95
2816,1.2225,0.5,0.1,0.0,0.0015,1.95
2817,1.222,0.0,0.0,0.0,0.0,1.95
2818,1.222,0.0,0.0,0.0,0.0,1.95
2819,1.2225,0.5,0.1,0.0,0.0015,1.95
2820,1.222,0.0,0.0,0.0,0.0,1.95
2821,1.2225,0.5,0.1,0.0,0.0015,1.95
2822,1.222,0.0,0.0,0.0,0.0,1.95
2823,1.2225,0.5,0.1,0.0,0.0015,1.95
2824,1.2225,0.5,0.1,0.0,0.0015,1.95
2825,1.2225,0.5,0.1,0.0,0.0015,1.95
2826,1.222,0.0,0.0,0.0,0.0,1.95
2827,1.222,0.0,0.0,0.0,0.0,1.95
2828,1.2225,0.5,0.1,0.0,0.0015,1.95
2829,1.2225,0.5,0.1,0.0,0.0015,1.95
2830,1.222,0.0,0.0,0.0,0.0,1.95
2831,1.2225,0.5,0.1,0.0,0.0015,1.95
2832,1.2225,0.5,0.1,0.0,0.0015,1.95
2833,1.222,0.0,0.0,0.0,0.0,1.95
2834,1.2225,0.5,0.1,0.0,0.0015,1.95
2835,1.2225,0.5,0.1,0.0,0.0015,1.95
2836,1.2225,0.5,0.1,0.0,0.0015,1.95
2837,1.222,0.0,0.0,0.0,0.0,1.95
2838,1.222,0.0,0.0,0.0,0.0,1.95
2839,1.2225,0.5,0.1,0.0,0.0015,1.95
2840,1.2225,0.5,0.1,0.0,0.0015,1.95
2841,1.222,0.0,0.0,0.0,0.0,1.95
2842,1.222,0.0,0.0,0.0,0.0,1.95
2843,1.222,0.0,0.0,0.0,0.0,1.95
2844,1.222,0.0,0.0,0.0,0.0,1.95
2845,1.222,0.0,0.0,0.0,0.0,1.95
2846,1.222,0.0,0.0,0.0,0.0,1.95
2847,1.222,0.0,0.0,0.0,0.0,1.95
2848,1.2225,0.5,0.1,0.0,0.0015,1.95
2849,1.222,0.0,0.0,0.0,0.0,1.95
2850,1.2225,0.5,0.1,0.0,0.0015,1.95
2851,1.222,0.0,0.0,0.0,0.0,1.95
2852,1.222,0.0,0.0,0.0,0.0,1.95
2853,1.2225,0.5,0.1,0.0,0.0015,1.95
2854,1.2225,0.5,0.1,0.0,0.0015,1.95
2855,1.2225,0.5,0.1,0.0,0.0015,1.95
2856,1.2225,0.5,0.1,0.0,0.0015,1.95
2857,1.222,0.0,0.0,0.0,0.0,1.95
2858,1.222,0.0,0.0,0.0,0.0,1.95
2859,1.2225,0.5,0.1,0.0,0.0015,1.95
2860,1.2225,0.5,0.1,0.0,0.0015,1.95
2861,1.2225,0.5,0.1,0.0,0.0015,1.95
2862,1.2225,0.5,0.1,0.0,0.0015,1.95
2863,1.222,0.0,0.0,0.0,0.0,1.95
2864,1.2225,0.5,0.1,0.0,0.0015,1.95
2865,1.2225,0.5,0.1,0.0,0.0015,1.95
2866,1.222,0.0,0.0,0.0,0.0,1.95
2867,1.222,0.0,0.0,0.0,0.0,1.95
2868,1.222,0.0,0.0,0.0,0.0,1.95
2869,1.222,0.0,0.0,0.0,0.0,1.95
2870,1.222,0.0,0.0,0.0,0.0,1.95
2871,1.2225,0.5,0.1,0.0,0.0015,1.95
2872,1.2225,0.5,0.1,0.0,0.0015,1.95
2873,1.2225,0.5,0.1,0.0,0.0015,1.95
2874,1.222,0.0,0.0,0.0,0.0,1.95
2875,1.2225,0.5,0.1,0.0,0.0015,1.95
2876,1.2225,0.5,0.1,0.0,0.0015,1.95
2877,1.2225,0.5,0.1,0.0,0.0015,1.95
2878,1.2225,0.5,0.1,0.0,0.0015,1.95
2879,1.222,0.0,0.0,0.0,0.0,1.95
2880,1.222,0.0,0.0,0.0,0.0,1.95
2881,1.222,0.0,0.0,0.0,0.0,1.95
2882,1.2225,0.5,0.1,0.0,0.0015,1.95
2883,1.2225,0.5,0.1,0.0,0.0015,1.95
2884,1.2225,0.5,0.1,0.0,0.0015,1.95
2885,1.222,0.0,0.0,0.0,0.0,1.95
2886,1.2225,0.5,0.1,0.0,0.0015,1.95
2887,1.222,0.0,0.0,0.0,0.0,1.95
2888,1.222,0.0,0.0,0.0,0.0,1.95
2889,1.222,0.0,0.0,0.0,0.0,1.95
2890,1.2225,0.5,0.1,0.0,0.0015,1.95
2891,1.222,0.0,0.0,0.0,0.0,1.95
2892,1.2225,0.5,0.1,0.0,0.0015,1.95
2893,1.222,0.0,0.0,0.0,0.0,1.95
2894,1.2225,0.5,0.1,0.0,0.0015,1.95
2895,1.222,0.0,0.0,0.0,0.0,1.95
2896,1.222,0.0,0.0,0.0,0.0,1.95
2897,1.222,0.0,0.0,0.0,0.0,1.95
2898,1.2225,0.5,0.1,0.0,0.0015,1.95
2899,1.2225,0.5,0.1,0.0,0.0015,1.95
2900,1.222,0.0,0.0,0.0,0.0,1.95
2901,1.2225,0.5,0.1,0.0,0.0015,1.95
2902,1.222,0.0,0.0,0.0,0.0,1.95
2903,1.222,0.0,0.0,0.0,0.0,1.95
2904,1.222,0.0,0.0,0.0,0.0,1.95
2905,1.222,0.0,0.0,0.0,0.0,1.95
2906,1.2225,0.5,0.1,0.0,0.0015,1.95
2907,1.222,0.0,0.0,0.0,0.0,1.95
2908,1.2225,0.5,0.1,0.0,0.0015,1.95
2909,1.222,0.0,0.0,0.0,0.0,1.95
2910,1.222,0.0,0.0,0.0,0.0,1.95
2911,1.222,0.0,0.0,0.0,0.0,1.95
2912,1.2225,0.5,0.1,0.0,0.0015,1.95
2913,1.222,0.0,0.0,0.0,0.0,1.95
2914,1.2225,0.5,0.1,0.0,0.0015,1.95
2915,1.2225,0.5,0.1,0.0,0.0015,1.95
2916,1.222,0.0,0.0,0.0,0.0,1.95
2917,1.2225,0.5,0.1,0.0,0.0015,1.95
2918,1.222,0.0,0.0,0.0,0.0,1.95
2919,1.2225,0.5,0.1,0.0,0.0015,1.95
2920,1.222,0.0,0.0,0.0,0.0,1.95
2921,1.2225,0.5,0.1,0.0,0.0015,1.95
2922,1.2225,0.5,0.1,0.0,0.0015,1.95
2923,1.2225,0.5,0.1,0.0,0.0015,1.95
2924,1.2225,0.5,0.1,0.0,0.0015,1.95
2925,1.222,0.0,0.0,0.0,0.0,1.95
2926,1.2225,0.5,0.1,0.0,0.0015,1.95
2927,1.222,0.0,0.0,0.0,0.0,1.95
2928,1.2225,0.5,0.1,0.0,0.0015,1.95
2929,1.222,0.0,0.0,0.0,0.0,1.95
2930,1.2225,0.5,0.1,0.0,0.0015,1.95
2931,1.2225,0.5,0.1,0.0,0.0015,1.95
2932,1.222,0.0,0.0,0.0,0.0,1.95
2933,1.2225,0.5,0.1,0.0,0.0015,1.95
2934,1.2225,0.5,0.1,0.0,0.0015,1.95
2935,1.222,0.0,0.0,0.0,0.0,1.95
2936,1.2225,0.5,0.1,0.0,0.0015,1.95
2937,1.222,0.0,0.0,0.0,0.0,1.95
2938,1.222,0.0,0.0,0.0,0.0,1.95
2939,1.222,0.0,0.0,0.0,0.0,1.95
2940,1.222,0.0,0.0,0.0,0.0,1.95
2941,1.2225,0.5,0.1,0.0,0.0015,1.95
2942,1.222,0.0,0.0,0.0,0.0,1.95
2943,1.2225,0.5,0.1,0.0,0.0015,1.95
2944,1.222,0.0,0.0,0.0,0.0,1.95
2945,1.222,0.0,0.0,0.0,0.0,1.95
2946,1.222,0.0,0.0,0.0,0.0,1.95
2947,1.2225,0.5,0.1,0.0,0.0015,1.95
2948,1.222,0.0,0.0,0.0,0.0,1.95
2949,1.222,0.0,0.0,0.0,0.0,1.95
2950,1.2225,0.5,0.1,0.0,0.0015,1.95
2951,1.222,0.0,0.0,0.0,0.0,1.95
2952,1.2225,0.5,0.1,0.0,0.0015,1.95
2953,1.2225,0.5,0.1,0.0,0.0015,1.95
2954,1.2225,0.5,0.1,0.0,0.0015,1.95
2955,1.2225,0.5,0.1,0.0,0.0015,1.95
2956,1.222,0.0,0.0,0.0,0.0,1.95
2957,1.2225,0.5,0.1,0.0,0.0015,1.95
2958,1.2225,0.5,0.1,0.0,0.0015,1.95
2959,1.2225,0.5,0.1,0.0,0.0015,1.95
2960,1.2225,0.5,0.1,0.0,0.0015,1.95
2961,1.222,0.0,0.0,0.0,0.0,1.95
2962,1.2225,0.5,0.1,0.0,0.0015,1.95
2963,1.2225,0.5,0.1,0.0,0.0015,1.95
2964,1.2225,0.5,0.1,0.0,0.0015,1.95
2965,1.222,0.0,0.0,0.0,0.0,1.95
2966,1.222,0.0,0.0,0.0,0.0,1.95
2967,1.2225,0.5,0.1,0.0,0.0015,1.95
2968,1.222,0.0,0.0,0.0,0.0,1.95
2969,1.222,0.0,0.0,0.0,0.0,1.95
2970,1.222,0.0,0.0,0.0,0.0,1.95
2971,1.2225,0.5,0.1,0.0,0.0015,1.95
2972,1.222,0.0,0.0,0.0,0.0,1.95
2973,1.222,0.0,0.0,0.0,0.0,1.95
2974,1.2225,0.5,0.1,0.0,0.0015,1.95
2975,1.2225,0.5,0.1,0.0,0.0015,1.95
2976,1.2225,0.5,0.1,0.0,0.0015,1.95
2977,1.222,0.0,0.0,0.0,0.0,1.95
2978,1.222,0.0,0.0,0.0,0.0,1.95
2979,1.2225,0.5,0.1,0.0,0.0015,1.95
2980,1.222,0.0,0.0,0.0,0.0,1.95
2981,1.222,0.0,0.0,0.0,0.0,1.95
2982,1.2225,0.5,0.1,0.0,0.0015,1.95
2983,1.222,0.0,0.0,0.0,0.0,1.95
2984,1.2225,0.5,0.1,0.0,0.0015,1.95
2985,1.222,0.0,0.0,0.0,0.0,1.95
2986,1.222,0.0,0.0,0.0,0.0,1.95
2987,1.2225,0.5,0.1,0.0,0.0015,1.95
2988,1.222,0.0,0.0,0.0,0.0,1.95
2989,1.2225,0.5,0.1,0.0,0.0015,1.95
2990,1.2225,0.5,0.1,0.0,0.0015,1.95
2991,1.222,0.0,0.0,0.0,0.0,1.95
2992,1.2225,0.5,0.1,0.0,0.0015,1.95
2993,1.2225,0.5,0.1,0.0,0.0015,1.95
2994,1.2225,0.5,0.1,0.0,0.0015,1.95
2995,1.2225,0.5,0.1,0.0,0.0015,1.95
2996,1.2225,0.5,0.1,0.0,0.0015,1.95
2997,1.2225,0.5,0.1,0.0,0.0015,1.95
2998,1.222,0.0,0.0,0.0,0.0,1.95
2999,1.2225,0.5,0.1,0.0,0.0015,1.95
3000,1.222,0.0,0.0,0.0,0.0,1.95
3001,1.2225,0.5,0.1,0.0,0.0015,1.95
3002,1.222,0.0,0.0,0.0,0.0,1.95
3003,1.222,0.0,0.0,0.0,0.0,1.95
3004,1.2225,0.5,0.1,0.0,0.0015,1.95
3005,1.222,0.0,0.0,0.0,0.0,1.95
3006,1.222,0.0,0.0,0.0,0.0,1.95
3007,1.222,0.0,0.0,0.0,0.0,1.95
3008,1.222,0.0,0.0,0.0,0.0,1.95
3009,1.222,0.0,0.0,0.0,0.0,1.95
3010,1.2225,0.5,0.1,0.0,0.0015,1.95
3011,1.222,0.0,0.0,0.0,0.0,1.95
3012,1.2225,0.5,0.1,0.0,0.0015,1.95
3013,1.2225,0.5,0.1,0.0,0.0015,1.95
3014,1.2225,0.5,0.1,0.0,0.0015,1.95
3015,1.222,0.0,0.0,0.0,0.0,1.95
3016,1.2225,0.5,0.1,0.0,0.0015,1.95
3017,1.222,0.0,0.0,0.0,0.0,1.95
3018,1.222,0.0,0.0,0.0,0.0,1.95
3019,1.222,0.0,0.0,0.0,0.0,1.95
3020,1.2225,0.5,0.1,0.0,0.0015,1.95
3021,1.222,0.0,0.0,0.0,0.0,1.95
3022,1.2225,0.5,0.1,0.0,0.0015,1.95
3023,1.222,0.0,0.0,0.0,0.0,1.95
3024,1.222,0.0,0.0,0.0,0.0,1.95
3025,1.2225,0.5,0.1,0.0,0.0015,1.95
3026,1.2225,0.5,0.1,0.0,0.0015,1.95
3027,1.222,0.0,0.0,0.0,0.0,1.95
3028,1.2225,0.5,0.1,0.0,0.0015,1.95
3029,1.222,0.0,0.0,0.0,0.0,1.95
3030,1.2225,0.5,0.1,0.0,0.0015,1.95
3031,1.222,0.0,0.0,0.0,0.0,1.95
3032,1.222,0.0,0.0,0.0,0.0,1.95
3033,1.2225,0.5,0.1,0.0,0.0015,1.95
3034,1.222,0.0,0.0,0.0,0.0,1.95
3035,1.2225,0.5,0.1,0.0,0.0015,1.95
3036,1.2225,0.5,0.1,0.0,0.0015,1.95
3037,1.2225,0.5,0.1,0.0,0.0015,1.95
3038,1.2225,0.5,0.1,0.0,0.0015,1.95
3039,1.2225,0.5,0.1,0.0,0.0015,1.95
3040,1.2225,0.5,0.1,0.0,0.0015,1.95
3041,1.2225,0.5,0.1,0.0,0.0015,1.95
3042,1.222,0.0,0.0,0.0,0.0,1.95
3043,1.2225,0.5,0.1,0.0,0.0015,1.95
3044,1.2225,0.5,0.1,0.0,0.0015,1.95
3045,1.222,0.0,0.0,0.0,0.0,1.95
3046,1.222,0.0,0.0,0.0,0.0,1.95
3047,1.222,0.0,0.0,0.0,0.0,1.95
3048,1.222,0.0,0.0,0.0,0.0,1.95
3049,1.2225,0.5,0.1,0.0,0.0015,1.95
3050,1.222,0.0,0.0,0.0,0.0,1.95
3051,1.2225,0.5,0.1,0.0,0.0015,1.95
3052,1.222,0.0,0.0,0.0,0.0,1.95
3053,1.222,0.0,0.0,0.0,0.0,1.95
3054,1.222,0.0,0.0,0.0,0.0,1.95
3055,1.2225,0.5,0.1,0.0,0.0015,1.95
3056,1.222,0.0,0.0,0.0,0.0,1.95
3057,1.2225,0.5,0.1,0.0,0.0015,1.95
3058,1.222,0.0,0.0,0.0,0.0,1.95
3059,1.2225,0.5,0.1,0.0,0.0015,1.95
3060,1.2225,0.5,0.1,0.0,0.0015,1.95
3061,1.2225,0.5,0.1,0.0,0.0015,1.95
3062,1.222,0.0,0.0,0.0,0.0,1.95
3063,1.222,0.0,0.0,0.0,0.0,1.95
3064,1.222,0.0,0.0,0.0,0.0,1.95
3065,1.222,0.0,0.0,0.0,0.0,1.95
3066,1.2225,0.5,0.1,0.0,0.0015,1.95
3067,1.222,0.0,0.0,0.0,0.0,1.95
3068,1.2225,0.5,0.1,0.0,0.0015,1.95
3069,1.222,0.0,0.0,0.0,0.0,1.95
3070,1.222,0.0,0.0,0.0,0.0,1.95
3071,1.2225,0.5,0.1,0.0,0.0015,1.95
3072,1.222,0.0,0.0,0.0,0.0,1.95
3073,1.222,0.0,0.0,0.0,0.0,1.95
3074,1.2225,0.5,0.1,0.0,0.0015,1.95
3075,1.2225,0.5,0.1,0.0,0.0015,1.95
3076,1.222,0.0,0.0,0.0,0.0,1.95
3077,1.222,0.0,0.0,0.0,0.0,1.95
3078,1.222,0.0,0.0,0.0,0.0,1.95
3079,1.222,0.0,0.0,0.0,0.0,1.95
3080,1.2225,0.5,0.1,0.0,0.0015,1.95
3081,1.222,0.0,0.0,0.0,0.0,1.95
3082,1.2225,0.5,0.1,0.0,0.0015,1.95
3083,1.222,0.0,0.0,0.0,0.0,1.95
3084,1.2225,0.5,0.1,0.0,0.0015,1.95
3085,1.222,0.0,0.0,0.0,0.0,1.95
3086,1.222,0.0,0.0,0.0,0.0,1.95
3087,1.222,0.0,0.0,0.0,0.0,1.95
3088,1.222,0.0,0.0,0.0,0.0,1.95
3089,1.2225,0.5,0.1,0.0,0.0015,1.95
3090,1.2225,0.5,0.1,0.0,0.0015,1.95
3091,1.2225,0.5,0.1,0.0,0.0015,1.95
3092,1.2225,0.5,0.1,0.0,0.0015,1.95
3093,1.2225,0.5,0.1,0.0,0.0015,1.95
3094,1.222,0.0,0.0,0.0,0.0,1.95
3095,1.222,0.0,0.0,0.0,0.0,1.95
3096,1.2225,0.5,0.1,0.0,0.0015,1.95
3097,1.2225,0.5,0.1,0.0,0.0015,1.95
3098,1.222,0.0,0.0,0.0,0.0,1.95
3099,1.222,0.0,0.0,0.0,0.0,1.95
3100,1.222,0.0,0.0,0.0,0.0,1.95
3101,1.222,0.0,0.0,0.0,0.0,1.95
3102,1.2225,0.5,0.1,0.0,0.0015,1.95
3103,1.222,0.0,0.0,0.0,0.0,1.95
3104,1.222,0.0,0.0,0.0,0.0,1.95
3105,1.222,0.0,0.0,0.0,0.0,1.95
3106,1.222,0.0,0.0,0.0,0.0,1.95
3107,1.2225,0.5,0.1,0.0,0.0015,1.95
3108,1.2225,0.5,0.1,0.0,0.0015,1.95
3109,1.2225,0.5,0.1,0.0,0.0015,1.95
3110,1.222,0.0,0.0,0.0,0.0,1.95
3111,1.222,0.0,0.0,0.0,0.0,1.95
3112,1.2225,0.5,0.1,0.0,0.0015,1.95
3113,1.2225,0.5,0.1,0.0,0.0015,1.95
3114,1.2225,0.5,0.1,0.0,0.0015,1.95
3115,1.2225,0.5,0.1,0.0,0.0015,1.95
3116,1.222,0.0,0.0,0.0,0.0,1.95
3117,1.222,0.0,0.0,0.0,0.0,1.95
3118,1.2225,0.5,0.1,0.0,0.0015,1.95
3119,1.2225,0.5,0.1,0.0,0.0015,1.95
3120,1.2225,0.5,0.1,0.0,0.0015,1.95
3121,1.222,0.0,0.0,0.0,0.0,1.95
3122,1.2225,0.5,0.1,0.0,0.0015,1.95
3123,1.222,0.0,0.0,0.0,0.0,1.95
3124,1.222,0.0,0.0,0.0,0.0,1.95
3125,1.222,0.0,0.0,0.0,0.0,1.95
3126,1.222,0.0,0.0,0.0,0.0,1.95
3127,1.2225,0.5,0.1,0.0,0.0015,1.95
3128,1.2225,0.5,0.1,0.0,0.0015,1.95
3129,1.2225,0.5,0.1,0.0,0.0015,1.95
3130,1.2225,0.5,0.1,0.0,0.0015,1.95
3131,1.222,0.0,0.0,0.0,0.0,1.95
3132,1.222,0.0,0.0,0.0,0.0,1.95
3133,1.2225,0.5,0.1,0.0,0.0015,1.95
3134,1.222,0.0,0.0,0.0,0.0,1.95
3135,1.2225,0.5,0.1,0.0,0.0015,1.95
3136,1.222,0.0,0.0,0.0,0.0,1.95
3137,1.222,0.0,0.0,0.0,0.0,1.95
3138,1.2225,0.5,0.1,0.0,0.0015,1.95
3139,1.222,0.0,0.0,0.0,0.0,1.95
3140,1.2225,0.5,0.1,0.0,0.0015,1.95
3141,1.222,0.0,0.0,0.0,0.0,1.95
3142,1.222,0.0,0.0,0.0,0.0,1.95
3143,1.222,0.0,0.0,0.0,0.0,1.95
3144,1.222,0.0,0.0,0.0,0.0,1.95
3145,1.2225,0.5,0.1,0.0,0.0015,1.95
3146,1.2225,0.5,0.1,0.0,0.0015,1.95
3147,1.222,0.0,0.0,0.0,0.0,1.95
3148,1.2225,0.5,0.1,0.0,0.0015,1.95
3149,1.222,0.0,0.0,0.0,0.0,1.95
3150,1.2225,0.5,0.1,0.0,0.0015,1.95
3151,1.222,0.0,0.0,0.0,0.0,1.95
3152,1.222,0.0,0.0,0.0,0.0,1.95
3153,1.2225,0.5,0.1,0.0,0.0015,1.95
3154,1.222,0.0,0.0,0.0,0.0,1.95
3155,1.2225,0.5,0.1,0.0,0.0015,1.95
3156,1.2225,0.5,0.1,0.0,0.0015,1.95
3157,1.222,0.0,0.0,0.0,0.0,1.95
3158,1.2225,0.5,0.1,0.0,0.0015,1.95
3159,1.2225,0.5,0.1,0.0,0.0015,1.95
3160,1.222,0.0,0.0,0.0,0.0,1.95
3161,1.222,0.0,0.0,0.0,0.0,1.95
3162,1.2225,0.5,0.1,0.0,0.0015,1.95
3163,1.2225,0.5,0.1,0.0,0.0015,1.95
3164,1.2225,0.5,0.1,0.0,0.0015,1.95
3165,1.2225,0.5,0.1,0.0,0.0015,1.95
3166,1.222,0.0,0.0,0.0,0.0,1.95
3167,1.222,0.0,0.0,0.0,0.0,1.95
3168,1.222,0.0,0.0,0.0,0.0,1.95
3169,1.2225,0.5,0.1,0.0,0.0015,1.95
3170,1.222,0.0,0.0,0.0,0.0,1.95
3171,1.2225,0.5,0.1,0.0,0.0015,1.95
3172,1.2225,0.5,0.1,0.0,0.0015,1.95
3173,1.222,0.0,0.0,0.0,0.0,1.95
3174,1.2225,0.5,0.1,0.0,0.0015,1.95
3175,1.222,0.0,0.0,0.0,0.0,1.95
3176,1.2225,0.5,0.1,0.0,0.0015,1.95
3177,1.2225,0.5,0.1,0.0,0.0015,1.95
3178,1.222,0.0,0.0,0.0,0.0,1.95
3179,1.222,0.0,0.0,0.0,0.0,1.95
3180,1.222,0.0,0.0,0.0,0.0,1.95
3181,1.2225,0.5,0.1,0.0,0.0015,1.95
3182,1.2225,0.5,0.1,0.0,0.0015,1.95
3183,1.2225,0.5,0.1,0.0,0.0015,1.95
3184,1.222,0.0,0.0,0.0,0.0,1.95
3185,1.2225,0.5,0.1,0.0,0.0015,1.95
3186,1.222,0.0,0.0,0.0,0.0,1.95
3187,1.222,0.0,0.0,0.0,0.0,1.95
3188,1.222,0.0,0.0,0.0,0.0,1.95
3189,1.2225,0.5,0.1,0.0,0.0015,1.95
3190,1.222,0.0,0.0,0.0,0.0,1.95
3191,1.2225,0.5,0.1,0.0,0.0015,1.95
3192,1.222,0.0,0.0,0.0,0.0,1.95
3193,1.2225,0.5,0.1,0.0,0.0015,1.95
3194,1.2225,0.5,0.1,0.0,0.0015,1.95
3195,1.2225,0.5,0.1,0.0,0.0015,1.95
3196,1.2225,0.5,0.1,0.0,0.0015,1.95
3197,1.2225,0.5,0.1,0.0,0.0015,1.95
3198,1.222,0.0,0.0,0.0,0.0,1.95
3199,1.222,0.0,0.0,0.0,0.0,1.95
3200,1.222,0.0,0.0,0.0,0.0,1.95
3201,1.2225,0.5,0.1,0.0,0.0015,1.95
3202,1.2225,0.5,0.1,0.0,0.0015,1.95
3203,1.222,0.0,0.0,0.0,0.0,1.95
3204,1.222,0.0,0.0,0.0,0.0,1.95
3205,1.2225,0.5,0.1,0.0,0.0015,1.95
3206,1.222,0.0,0.0,0.0,0.0,1.95
3207,1.2225,0.5,0.1,0.0,0.0015,1.95
3208,1.222,0.0,0.0,0.0,0.0,1.95
3209,1.222,0.0,0.0,0.0,0.0,1.95
3210,1.222,0.0,0.0,0.0,0.0,1.95
3211,1.2225,0.5,0.1,0.0,0.0015,1.95
3212,1.222,0.0,0.0,0.0,0.0,1.95
3213,1.2225,0.5,0.1,0.0,0.0015,1.95
3214,1.222,0.0,0.0,0.0,0.0,1.95
3215,1.2225,0.5,0.1,0.0,0.0015,1.95
3216,1.222,0.0,0.0,0.0,0.0,1.95
3217,1.2225,0.5,0.1,0.0,0.0015,1.95
3218,1.222,0.0,0.0,0.0,0.0,1.95
3219,1.2225,0.5,0.1,0.0,0.0015,1.95
3220,1.2225,0.5,0.1,0.0,0.0015,1.95
3221,1.222,0.0,0.0,0.0,0.0,1.95
3222,1.2225,0.5,0.1,0.0,0.0015,1.95
3223,1.222,0.0,0.0,0.0,0.0,1.95
3224,1.222,0.0,0.0,0.0,0.0,1.95
3225,1.2225,0.5,0.1,0.0,0.0015,1.95
3226,1.222,0.0,0.0,0.0,0.0,1.95
3227,1.2225,0.5,0.1,0.0,0.0015,1.95
3228,1.2225,0.5,0.1,0.0,0.0015,1.95
3229,1.2225,0.5,0.1,0.0,0.0015,1.95
3230,1.2225,0.5,0.1,0.0,0.0015,1.95
3231,1.2225,0.5,0.1,0.0,0.0015,1.95
3232,1.2225,0.5,0.1,0.0,0.0015,1.95
3233,1.222,0.0,0.0,0.0,0.0,1.95
3234,1.222,0.0,0.0,0.0,0.0,1.95
3235,1.222,0.0,0.0,0.0,0.0,1.95
3236,1.2225,0.5,0.1,0.0,0.0015,1.95
3237,1.222,0.0,0.0,0.0,0.0,1.95
3238,1.2225,0.5,0.1,0.0,0.0015,1.95
3239,1.2225,0.5,0.1,0.0,0.0015,1.95
3240,1.222,0.0,0.0,0.0,0.0,1.95
3241,1.2225,0.5,0.1,0.0,0.0015,1.95
3242,1.2225,0.5,0.1,0.0,0.0015,1.95
3243,1.2225,0.5,0.1,0.0,0.0015,1.95
3244,1.2225,0.5,0.1,0.0,0.0015,1.95
3245,1.222,0.0,0.0,0.0,0.0,1.95
3246,1.2225,0.5,0.1,0.0,0.0015,1.95
3247,1.2225,0.5,0.1,0.0,0.0015,1.95
3248,1.222,0.0,0.0,0.0,0.0,1.95
3249,1.222,0.0,0.0,0.0,0.0,1.95
3250,1.2225,0.5,0.1,0.0,0.0015,1.95
3251,1.222,0.0,0.0,0.0,0.0,1.95
3252,1.222,0.0,0.0,0.0,0.0,1.95
3253,1.2225,0.5,0.1,0.0,0.0015,1.95
3254,1.222,0.0,0.0,0.0,0.0,1.95
3255,1.2225,0.5,0.1,0.0,0.0015,1.95
3256,1.222,0.0,0.0,0.0,0.0,1.95
3257,1.2225,0.5,0.1,0.0,0.0015,1.95
3258,1.2225,0.5,0.1,0.0,0.0015,1.95
3259,1.2225,0.5,0.1,0.0,0.0015,1.95
3260,1.222,0.0,0.0,0.0,0.0,1.95
3261,1.2225,0.5,0.1,0.0,0.0015,1.95
3262,1.222,0.0,0.0,0.0,0.0,1.95
3263,1.2225,0.5,0.1,0.0,0.0015,1.95
3264,1.2225,0.5,0.1,0.0,0.0015,1.95
3265,1.222,0.0,0.0,0.0,0.0,1.95
3266,1.222,0.0,0.0,0.0,0.0,1.95
3267,1.2225,0.5,0.1,0.0,0.0015,1.95
3268,1.2225,0.5,0.1,0.0,0.0015,1.95
3269,1.222,0.0,0.0,0.0,0.0,1.95
3270,1.222,0.0,0.0,0.0,0.0,1.95
3271,1.2225,0.5,0.1,0.0,0.0015,1.95
3272,1.2225,0.5,0.1,0.0,0.0015,1.95
3273,1.2225,0.5,0.1,0.0,0.0015,1.95
3274,1.2225,0.5,0.1,0.0,0.0015,1.95
3275,1.222,0.0,0.0,0.0,0.0,1.95
3276,1.2225,0.5,0.1,0.0,0.0015,1.95
3277,1.2225,0.5,0.1,0.0,0.0015,1.95
3278,1.2225,0.5,0.1,0.0,0.0015,1.95
3279,1.222,0.0,0.0,0.0,0.0,1.95
3280,1.222,0.0,0.0,0.0,0.0,1.95
3281,1.222,0.0,0.0,0.0,0.0,1.95
3282,1.2225,0.5,0.1,0.0,0.0015,1.95
3283,1.2225,0.5,0.1,0.0,0.0015,1.95
3284,1.222,0.0,0.0,0.0,0.0,1.95
3285,1.2225,0.5,0.1,0.0,0.0015,1.95
3286,1.2225,0.5,0.1,0.0,0.0015,1.95
3287,1.222,0.0,0.0,0.0,0.0,1.95
3288,1.222,0.0,0.0,0.0,0.0,1.95
3289,1.2225,0.5,0.1,0.0,0.0015,1.95
3290,1.222,0.0,0.0,0.0,0.0,1.95
3291,1.222,0.0,0.0,0.0,0.0,1.95
3292,1.222,0.0,0.0,0.0,0.0,1.95
3293,1.222,0.0,0.0,0.0,0.0,1.95
3294,1.222,0.0,0.0,0.0,0.0,1.95
3295,1.222,0.0,0.0,0.0,0.0,1.95
3296,1.222,0.0,0.0,0.0,0.0,1.95
3297,1.222,0.0,0.0,0.0,0.0,1.95
3298,1.222,0.0,0.0,0.0,0.0,1.95
3299,1.2225,0.5,0.1,0.0,0.0015,1.95
3300,1.222,0.0,0.0,0.0,0.0,1.95
3301,1.2225,0.5,0.1,0.0,0.0015,1.95
3302,1.222,0.0,0.0,0.0,0.0,1.95
3303,1.222,0.0,0.0,0.0,0.0,1.95
3304,1.2225,0.5,0.1,0.0,0.0015,1.95
3305,1.222,0.0,0.0,0.0,0.0,1.95
3306,1.2225,0.5,0.1,0.0,0.0015,1.95
3307,1.2225,0.5,0.1,0.0,0.0015,1.95
3308,1.222,0.0,0.0,0.0,0.0,1.95
3309,1.2225,0.5,0.1,0.0,0.0015,1.95
3310,1.222,0.0,0.0,0.0,0.0,1.95
3311,1.2225,0.5,0.1,0.0,0.0015,1.95
3312,1.222,0.0,0.0,0.0,0.0,1.95
3313,1.2225,0.5,0.1,0.0,0.0015,1.95
3314,1.2225,0.5,0.1,0.0,0.0015,1.95
3315,1.222,0.0,0.0,0.0,0.0,1.95
3316,1.2225,0.5,0.1,0.0,0.0015,1.95
3317,1.2225,0.5,0.1,0.0,0.0015,1.95
3318,1.222,0.0,0.0,0.0,0.0,1.95
3319,1.2225,0.5,0.1,0.0,0.0015,1.95
3320,1.222,0.0,0.0,0.0,0.0,1.95
3321,1.2225,0.5,0.1,0.0,0.0015,1.95
3322,1.222,0.0,0.0,0.0,0.0,1.95
3323,1.2225,0.5,0.1,0.0,0.0015,1.95
3324,1.222,0.0,0.0,0.0,0.0,1.95
3325,1.222,0.0,0.0,0.0,0.0,1.95
3326,1.2225,0.5,0.1,0.0,0.0015,1.95
3327,1.2225,0.5,0.1,0.0,0.0015,1.95
3328,1.222,0.0,0.0,0.0,0.0,1.95
3329,1.2225,0.5,0.1,0.0,0.0015,1.95
3330,1.222,0.0,0.0,0.0,0.0,1.95
3331,1.2225,0.5,0.1,0.0,0.0015,1.95
3332,1.2225,0.5,0.1,0.0,0.0015,1.95
3333,1.222,0.0,0.0,0.0,0.0,1.95
3334,1.222,0.0,0.0,0.0,0.0,1.95
3335,1.222,0.0,0.0,0.0,0.0,1.95
3336,1.222,0.0,0.0,0.0,0.0,1.95
3337,1.222,0.0,0.0,0.0,0.0,1.95
3338,1.2225,0.5,0.1,0.0,0.0015,1.95
3339,1.2225,0.5,0.1,0.0,0.0015,1.95
3340,1.222,0.0,0.0,0.0,0.0,1.95
3341,1.2225,0.5,0.1,0.0,0.0015,1.95
3342,1.222,0.0,0.0,0.0,0.0,1.95
3343,1.2225,0.5,0.1,0.0,0.0015,1.95
3344,1.2225,0.5,0.1,0.0,0.0015,1.95
3345,1.222,0.0,0.0,0.0,0.0,1.95
3346,1.2225,0.5,0.1,0.0,0.0015,1.95
3347,1.2225,0.5,0.1,0.0,0.0015,1.95
3348,1.222,0.0,0.0,0.0,0.0,1.95
3349,1.222,0.0,0.0,0.0,0.0,1.95
3350,1.222,0.0,0.0,0.0,0.0,1.95
3351,1.222,0.0,0.0,0.0,0.0,1.95
3352,1.2225,0.5,0.1,0.0,0.0015,1.95
3353,1.2225,0.5,0.1,0.0,0.0015,1.95
3354,1.222,0.0,0.0,0.0,0.0,1.95
3355,1.2225,0.5,0.1,0.0,0.0015,1.95
3356,1.222,0.0,0.0,0.0,0.0,1.95
3357,1.2225,0.5,0.1,0.0,0.0015,1.95
3358,1.222,0.0,0.0,0.0,0.0,1.95
3359,1.222,0.0,0.0,0.0,0.0,1.95
3360,1.222,0.0,0.0,0.0,0.0,1.95
3361,1.2225,0.5,0.1,0.0,0.0015,1.95
3362,1.222,0.0,0.0,0.0,0.0,1.95
3363,1.2225,0.5,0.1,0.0,0.0015,1.95
3364,1.222,0.0,0.0,0.0,0.0,1.95
3365,1.2225,0.5,0.1,0.0,0.0015,1.95
3366,1.2225,0.5,0.1,0.0,0.0015,1.95
3367,1.222,0.0,0.0,0.0,0.0,1.95
3368,1.222,0.0,0.0,0.0,0.0,1.95
3369,1.2225,0.5,0.1,0.0,0.0015,1.95
3370,1.2225,0.5,0.1,0.0,0.0015,1.95
3371,1.2225,0.5,0.1,0.0,0.0015,1.95
3372,1.2225,0.5,0.1,0.0,0.0015,1.95
3373,1.2225,0.5,0.1,0.0,0.0015,1.95
3374,1.2225,0.5,0.1,0.0,0.0015,1.95
3375,1.222,0.0,0.0,0.0,0.0,1.95
3376,1.222,0.0,0.0,0.0,0.0,1.95
3377,1.2225,0.5,0.1,0.0,0.0015,1.95
3378,1.222,0.0,0.0,0.0,0.0,1.95
3379,1.2225,0.5,0.1,0.0,0.0015,1.95
3380,1.222,0.0,0.0,0.0,0.0,1.95
3381,1.2225,0.5,0.1,0.0,0.0015,1.95
3382,1.222,0.0,0.0,0.0,0.0,1.95
3383,1.222,0.0,0.0,0.0,0.0,1.95
3384,1.222,0.0,0.0,0.0,0.0,1.95
3385,1.222,0.0,0.0,0.0,0.0,1.95
3386,1.2225,0.5,0.1,0.0,0.0015,1.95
3387,1.222,0.0,0.0,0.0,0.0,1.95
3388,1.2225,0.5,0.1,0.0,0.0015,1.95
3389,1.222,0.0,0.0,0.0,0.0,1.95
3390,1.222,0.0,0.0,0.0,0.0,1.95
3391,1.222,0.0,0.0,0.0,0.0,1.95
3392,1.2225,0.5,0.1,0.0,0.0015,1.95
3393,1.2225,0.5,0.1,0.0,0.0015,1.95
3394,1.222,0.0,0.0,0.0,0.0,1.95
3395,1.2225,0.5,0.1,0.0,0.0015,1.95
3396,1.2225,0.5,0.1,0.0,0.0015,1.95
3397,1.2225,0.5,0.1,0.0,0.0015,1.95
3398,1.2225,0.5,0.1,0.0,0.0015,1.95
3399,1.2225,0.5,0.1,0.0,0.0015,1.95
3400,1.222,0.0,0.0,0.0,0.0,1.95
3401,1.2225,0.5,0.1,0.0,0.0015,1.95
3402,1.2225,0.5,0.1,0.0,0.0015,1.95
3403,1.2225,0.5,0.1,0.0,0.0015,1.95
3404,1.2225,0.5,0.1,0.0,0.0015,1.95
3405,1.222,0.0,0.0,0.0,0.0,1.95
3406,1.222,0.0,0.0,0.0,0.0,1.95
3407,1.2225,0.5,0.1,0.0,0.0015,1.95
3408,1.222,0.0,0.0,0.0,0.0,1.95
3409,1.2225,0.5,0.1,0.0,0.0015,1.95
3410,1.222,0.0,0.0,0.0,0.0,1.95
3411,1.2225,0.5,0.1,0.0,0.0015,1.95
3412,1.2225,0.5,0.1,0.0,0.0015,1.95
3413,1.222,0.0,0.0,0.0,0.0,1.95
3414,1.222,0.0,0.0,0.0,0.0,1.95
3415,1.222,0.0,0.0,0.0,0.0,1.95
3416,1.222,0.0,0.0,0.0,0.0,1.95
3417,1.2225,0.5,0.1,0.0,0.0015,1.95
3418,1.2225,0.5,0.1,0.0,0.0015,1.95
3419,1.2225,0.5,0.1,0.0,0.0015,1.95
3420,1.2225,0.5,0.1,0.0,0.0015,1.95
3421,1.2225,0.5,0.1,0.0,0.0015,1.95
3422,1.222,0.0,0.0,0.0,0.0,1.95
3423,1.222,0.0,0.0,0.0,0.0,1.95
3424,1.222,0.0,0.0,0.0,0.0,1.95
3425,1.2225,0.5,0.1,0.0,0.0015,1.95
3426,1.222,0.0,0.0,0.0,0.0,1.95
3427,1.222,0.0,0.0,0.0,0.0,1.95
3428,1.222,0.0,0.0,0.0,0.0,1.95
3429,1.222,0.0,0.0,0.0,0.0,1.95
3430,1.2225,0.5,0.1,0.0,0.0015,1.95
3431,1.2225,0.5,0.1,0.0,0.0015,1.95
3432,1.2225,0.5,0.1,0.0,0.0015,1.95
3433,1.222,0.0,0.0,0.0,0.0,1.95
3434,1.2225,0.5,0.1,0.0,0.0015,1.95
3435,1.222,0.0,0.0,0.0,0.0,1.95
3436,1.2225,0.5,0.1,0.0,0.0015,1.95
3437,1.2225,0.5,0.1,0.0,0.0015,1.95
3438,1.2225,0.5,0.1,0.0,0.0015,1.95
3439,1.222,0.0,0.0,0.0,0.0,1.95
3440,1.2225,0.5,0.1,0.0,0.0015,1.95
3441,1.2225,0.5,0.1,0.0,0.0015,1.95
3442,1.2225,0.5,0.1,0.0,0.0015,1.95
3443,1.222,0.0,0.0,0.0,0.0,1.95
3444,1.2225,0.5,0.1,0.0,0.0015,1.95
3445,1.222,0.0,0.0,0.0,0.0,1.95
3446,1.2225,0.5,0.1,0.0,0.0015,1.95
3447,1.2225,0.5,0.1,0.0,0.0015,1.95
3448,1.222,0.0,0.0,0.0,0.0,1.95
3449,1.222,0.0,0.0,0.0,0.0,1.95
3450,1.222,0.0,0.0,0.0,0.0,1.95
3451,1.222,0.0,0.0,0.0,0.0,1.95
3452,1.2225,0.5,0.1,0.0,0.0015,1.95
3453,1.222,0.0,0.0,0.0,0.0,1.95
3454,1.222,0.0,0.0,0.0,0.0,1.95
3455,1.2225,0.5,0.1,0.0,0.0015,1.95
3456,1.2225,0.5,0.1,0.0,0.0015,1.95
3457,1.2225,0.5,0.1,0.0,0.0015,1.95
3458,1.2225,0.5,0.1,0.0,0.0015,1.95
3459,1.222,0.0,0.0,0.0,0.0,1.95
3460,1.222,0.0,0.0,0.0,0.0,1.95
3461,1.2225,0.5,0.1,0.0,0.0015,1.95
3462,1.2225,0.5,0.1,0.0,0.0015,1.95
3463,1.2225,0.5,0.1,0.0,0.0015,1.95
3464,1.2225,0.5,0.1,0.0,0.0015,1.95
3465,1.2225,0.5,0.1,0.0,0.0015,1.95
3466,1.2225,0.5,0.1,0.0,0.0015,1.95
3467,1.2225,0.5,0.1,0.0,0.0015,1.95
3468,1.2225,0.5,0.1,0.0,0.0015,1.95
3469,1.222,0.0,0.0,0.0,0.0,1.95
3470,1.2225,0.5,0.1,0.0,0.0015,1.95
3471,1.222,0.0,0.0,0.0,0.0,1.95
3472,1.2225,0.5,0.1,0.0,0.0015,1.95
3473,1.2225,0.5,0.1,0.0,0.0015,1.95
3474,1.222,0.0,0.0,0.0,0.0,1.95
3475,1.222,0.0,0.0,0.0,0.0,1.95
3476,1.222,0.0,0.0,0.0,0.0,1.95
3477,1.2225,0.5,0.1,0.0,0.0015,1.95
3478,1.222,0.0,0.0,0.0,0.0,1.95
3479,1.2225,0.5,0.1,0.0,0.0015,1.95
3480,1.2225,0.5,0.1,0.0,0.0015,1.95
3481,1.222,0.0,0.0,0.0,0.0,1.95
3482,1.222,0.0,0.0,0.0,0.0,1.95
3483,1.2225,0.5,0.1,0.0,0.0015,1.95
3484,1.222,0.0,0.0,0.0,0.0,1.95
3485,1.2225,0.5,0.1,0.0,0.0015,1.95
3486,1.2225,0.5,0.1,0.0,0.0015,1.95
3487,1.2225,0.5,0.1,0.0,0.0015,1.95
3488,1.2225,0.5,0.1,0.0,0.0015,1.95
3489,1.222,0.0,0.0,0.0,0.0,1.95
3490,1.222,0.0,0.0,0.0,0.0,1.95
3491,1.222,0.0,0.0,0.0,0.0,1.95
3492,1.222,0.0,0.0,0.0,0.0,1.95
3493,1.2225,0.5,0.1,0.0,0.0015,1.95
3494,1.222,0.0,0.0,0.0,0.0,1.95
3495,1.2225,0.5,0.1,0.0,0.0015,1.95
3496,1.2225,0.5,0.1,0.0,0.0015,1.95
3497,1.222,0.0,0.0,0.0,0.0,1.95
3498,1.222,0.0,0.0,0.0,0.0,1.95
3499,1.2225,0.5,0.1,0.0,0.0015,1.95
3500,1.222,0.0,0.0,0.0,0.0,1.95
3501,1.2225,0.5,0.1,0.0,0.0015,1.95
3502,1.2225,0.5,0.1,0.0,0.0015,1.95
3503,1.2225,0.5,0.1,0.0,0.0015,1.95
3504,1.2225,0.5,0.1,0.0,0.0015,1.95
3505,1.2225,0.5,0.1,0.0,0.0015,1.95
3506,1.2225,0.5,0.1,0.0,0.0015,1.95
3507,1.222,0.0,0.0,0.0,0.0,1.95
3508,1.2225,0.5,0.1,0.0,0.0015,1.95
3509,1.222,0.0,0.0,0.0,0.0,1.95
3510,1.222,0.0,0.0,0.0,0.0,1.95
3511,1.222,0.0,0.0,0.0,0.0,1.95
3512,1.222,0.0,0.0,0.0,0.0,1.95
3513,1.222,0.0,0.0,0.0,0.0,1.95
3514,1.222,0.0,0.0,0.0,0.0,1.95
3515,1.2225,0.5,0.1,0.0,0.0015,1.95
3516,1.2225,0.5,0.1,0.0,0.0015,1.95
3517,1.222,0.0,0.0,0.0,0.0,1.95
3518,1.2225,0.5,0.1,0.0,0.0015,1.95
3519,1.2225,0.5,0.1,0.0,0.0015,1.95
3520,1.222,0.0,0.0,0.0,0.0,1.95
3521,1.222,0.0,0.0,0.0,0.0,1.95
3522,1.2225,0.5,0.1,0.0,0.0015,1.95
3523,1.2225,0.5,0.1,0.0,0.0015,1.95
3524,1.2225,0.5,0.1,0.0,0.0015,1.95
3525,1.222,0.0,0.0,0.0,0.0,1.95
3526,1.2225,0.5,0.1,0.0,0.0015,1.95
3527,1.222,0.0,0.0,0.0,0.0,1.95
3528,1.222,0.0,0.0,0.0,0.0,1.95
3529,1.2225,0.5,0.1,0.0,0.0015,1.95
3530,1.222,0.0,0.0,0.0,0.0,1.95
3531,1.2225,0.5,0.1,0.0,0.0015,1.95
3532,1.2225,0.5,0.1,0.0,0.0015,1.95
3533,1.222,0.0,0.0,0.0,0.0,1.95
3534,1.2225,0.5,0.1,0.0,0.0015,1.95
3535,1.2225,0.5,0.1,0.0,0.0015,1.95
3536,1.2225,0.5,0.1,0.0,0.0015,1.95
3537,1.2225,0.5,0.1,0.0,0.0015,1.95
3538,1.2225,0.5,0.1,0.0,0.0015,1.95
3539,1.222,0.0,0.0,0.0,0.0,1.95
3540,1.222,0.0,0.0,0.0,0.0,1.95
3541,1.222,0.0,0.0,0.0,0.0,1.95
3542,1.222,0.0,0.0,0.0,0.0,1.95
3543,1.222,0.0,0.0,0.0,0.0,1.95
3544,1.222,0.0,0.0,0.0,0.0,1.95
3545,1.2225,0.5,0.1,0.0,0.0015,1.95
3546,1.2225,0.5,0.1,0.0,0.0015,1.95
3547,1.222,0.0,0.0,0.0,0.0,1.95
3548,1.2225,0.5,0.1,0.0,0.0015,1.95
3549,1.222,0.0,0.0,0.0,0.0,1.95
3550,1.2225,0.5,0.1,0.0,0.0015,1.95
3551,1.222,0.0,0.0,0.0,0.0,1.95
3552,1.2225,0.5,0.1,0.0,0.0015,1.95
3553,1.2225,0.5,0.1,0.0,0.0015,1.95
3554,1.2225,0.5,0.1,0.0,0.0015,1.95
3555,1.222,0.0,0.0,0.0,0.0,1.95
3556,1.2225,0.5,0.1,0.0,0.0015,1.95
3557,1.2225,0.5,0.1,0.0,0.0015,1.95
3558,1.222,0.0,0.0,0.0,0.0,1.95
3559,1.222,0.0,0.0,0.0,0.0,1.95
3560,1.2225,0.5,0.1,0.0,0.0015,1.95
3561,1.222,0.0,0.0,0.0,0.0,1.95
3562,1.2225,0.5,0.1,0.0,0.0015,1.95
3563,1.222,0.0,0.0,0.0,0.0,1.95
3564,1.2225,0.5,0.1,0.0,0.0015,1.95
3565,1.2225,0.5,0.1,0.0,0.0015,1.95
3566,1.222,0.0,0.0,0.0,0.0,1.95
3567,1.222,0.0,0.0,0.0,0.0,1.95
3568,1.222,0.0,0.0,0.0,0.0,1.95
3569,1.2225,0.5,0.1,0.0,0.0015,1.95
3570,1.222,0.0,0.0,0.0,0.0,1.95
3571,1.222,0.0,0.0,0.0,0.0,1.95
3572,1.222,0.0,0.0,0.0,0.0,1.95
3573,1.2225,0.5,0.1,0.0,0.0015,1.95
3574,1.2225,0.5,0.1,0.0,0.0015,1.95
3575,1.222,0.0,0.0,0.0,0.0,1.95
3576,1.2225,0.5,0.1,0.0,0.0015,1.95
3577,1.2225,0.5,0.1,0.0,0.0015,1.95
3578,1.2225,0.5,0.1,0.0,0.0015,1.95
3579,1.222,0.0,0.0,0.0,0.0,1.95
3580,1.222,0.0,0.0,0.0,0.0,1.95
3581,1.222,0.0,0.0,0.0,0.0,1.95
3582,1.2225,0.5,0.1,0.0,0.0015,1.95
3583,1.2225,0.5,0.1,0.0,0.0015,1.95
3584,1.222,0.0,0.0,0.0,0.0,1.95
3585,1.2225,0.5,0.1,0.0,0.0015,1.95
3586,1.222,0.0,0.0,0.0,0.0,1.95
3587,1.2225,0.5,0.1,0.0,0.0015,1.95
3588,1.222,0.0,0.0,0.0,0.0,1.95
3589,1.222,0.0,0.0,0.0,0.0,1.95
3590,1.2225,0.5,0.1,0.0,0.0015,1.95
3591,1.2225,0.5,0.1,0.0,0.0015,1.95
3592,1.2225,0.5,0.1,0.0,0.0015,1.95
3593,1.222,0.0,0.0,0.0,0.0,1.95
3594,1.222,0.0,0.0,0.0,0.0,1.95
3595,1.2225,0.5,0.1,0.0,0.0015,1.95
3596,1.222,0.0,0.0,0.0,0.0,1.95
3597,1.2225,0.5,0.1,0.0,0.0015,1.95
3598,1.222,0.0,0.0,0.0,0.0,1.95
3599,1.222,0.0,0.0,0.0,0.0,1.95
3600,1.222,0.0,0.0,0.0,0.0,1.95
3601,1.2225,0.5,0.1,0.0,0.0015,1.95
3602,1.222,0.0,0.0,0.0,0.0,1.95
3603,1.2225,0.5,0.1,0.0,0.0015,1.95
3604,1.222,0.0,0.0,0.0,0.0,1.95
3605,1.2225,0.5,0.1,0.0,0.0015,1.95
3606,1.2225,0.5,0.1,0.0,0.0015,1.95
3607,1.222,0.0,0.0,0.0,0.0,1.95
3608,1.222,0.0,0.0,0.0,0.0,1.95
3609,1.2225,0.5,0.1,0.0,0.0015,1.95
3610,1.2225,0.5,0.1,0.0,0.0015,1.95
3611,1.2225,0.5,0.1,0.0,0.0015,1.95
3612,1.222,0.0,0.0,0.0,0.0,1.95
3613,1.222,0.0,0.0,0.0,0.0,1.95
3614,1.222,0.0,0.0,0.0,0.0,1.95
3615,1.222,0.0,0.0,0.0,0.0,1.95
3616,1.222,0.0,0.0,0.0,0.0,1.95
3617,1.2225,0.5,0.1,0.0,0.0015,1.95
3618,1.2225,0.5,0.1,0.0,0.0015,1.95
3619,1.222,0.0,0.0,0.0,0.0,1.95
3620,1.2225,0.5,0.1,0.0,0.0015,1.95
3621,1.222,0.0,0.0,0.0,0.0,1.95
3622,1.2225,0.5,0.1,0.0,0.0015,1.95
3623,1.2225,0.5,0.1,0.0,0.0015,1.95
3624,1.2225,0.5,0.1,0.0,0.0015,1.95
3625,1.2225,0.5,0.1,0.0,0.0015,1.95
3626,1.2225,0.5,0.1,0.0,0.0015,1.95
3627,1.222,0.0,0.0,0.0,0.0,1.95
3628,1.2225,0.5,0.1,0.0,0.0015,1.95
3629,1.222,0.0,0.0,0.0,0.0,1.95
3630,1.222,0.0,0.0,0.0,0.0,1.95
3631,1.2225,0.5,0.1,0.0,0.0015,1.95
3632,1.222,0.0,0.0,0.0,0.0,1.95
3633,1.222,0.0,0.0,0.0,0.0,1.95
3634,1.2225,0.5,0.1,0.0,0.0015,1.95
3635,1.222,0.0,0.0,0.0,0.0,1.95
3636,1.2225,0.5,0.1,0.0,0.0015,1.95
3637,1.222,0.0,0.0,0.0,0.0,1.95
3638,1.2225,0.5,0.1,0.0,0.0015,1.95
3639,1.2225,0.5,0.1,0.0,0.0015,1.95
3640,1.2225,0.5,0.1,0.0,0.0015,1.95
3641,1.222,0.0,0.0,0.0,0.0,1.95
3642,1.2225,0.5,0.1,0.0,0.0015,1.95
3643,1.2225,0.5,0.1,0.0,0.0015,1.95
3644,1.222,0.0,0.0,0.0,0.0,1.95
3645,1.2225,0.5,0.1,0.0,0.0015,1.95
3646,1.222,0.0,0.0,0.0,0.0,1.95
3647,1.222,0.0,0.0,0.0,0.0,1.95
3648,1.2225,0.5,0.1,0.0,0.0015,1.95
3649,1.2225,0.5,0.1,0.0,0.0015,1.95
3650,1.222,0.0,0.0,0.0,0.0,1.95
3651,1.222,0.0,0.0,0.0,0.0,1.95
3652,1.2225,0.5,0.1,0.0,0.0015,1.95
3653,1.222,0.0,0.0,0.0,0.0,1.95
3654,1.2225,0.5,0.1,0.0,0.0015,1.95
3655,1.2225,0.5,0.1,0.0,0.0015,1.95
3656,1.2225,0.5,0.1,0.0,0.0015,1.95
3657,1.2225,0.5,0.1,0.0,0.0015,1.95
3658,1.2225,0.5,0.1,0.0,0.0015,1.95
3659,1.2225,0.5,0.1,0.0,0.0015,1.95
3660,1.2225,0.5,0.1,0.0,0.0015,1.95
3661,1.2225,0.5,0.1,0.0,0.0015,1.95
3662,1.222,0.0,0.0,0.0,0.0,1.95
3663,1.2225,0.5,0.1,0.0,0.0015,1.95
3664,1.2225,0.5,0.1,0.0,0.0015,1.95
3665,1.222,0.0,0.0,0.0,0.0,1.95
3666,1.222,0.0,0.0,0.0,0.0,1.95
3667,1.222,0.0,0.0,0.0,0.0,1.95
3668,1.2225,0.5,0.1,0.0,0.0015,1.95
3669,1.222,0.0,0.0,0.0,0.0,1.95
3670,1.2225,0.5,0.1,0.0,0.0015,1.95
3671,1.222,0.0,0.0,0.0,0.0,1.95
3672,1.222,0.0,0.0,0.0,0.0,1.95
3673,1.2225,0.5,0.1,0.0,0.0015,1.95
3674,1.2225,0.5,0.1,0.0,0.0015,1.95
3675,1.222,0.0,0.0,0.0,0.0,1.95
3676,1.2225,0.5,0.1,0.0,0.0015,1.95
3677,1.222,0.0,0.0,0.0,0.0,1.95
3678,1.222,0.0,0.0,0.0,0.0,1.95
3679,1.2225,0.5,0.1,0.0,0.0015,1.95
3680,1.222,0.0,0.0,0.0,0.0,1.95
3681,1.2225,0.5,0.1,0.0,0.0015,1.95
3682,1.2225,0.5,0.1,0.0,0.0015,1.95
3683,1.2225,0.5,0.1,0.0,0.0015,1.95
3684,1.222,0.0,0.0,0.0,0.0,1.95
3685,1.222,0.0,0.0,0.0,0.0,1.95
3686,1.222,0.0,0.0,0.0,0.0,1.95
3687,1.222,0.0,0.0,0.0,0.0,1.95
3688,1.2225,0.5,0.1,0.0,0.0015,1.95
3689,1.222,0.0,0.0,0.0,0.0,1.95
3690,1.222,0.0,0.0,0.0,0.0,1.95
3691,1.2225,0.5,0.1,0.0,0.0015,1.95
3692,1.2225,0.5,0.1,0.0,0.0015,1.95
3693,1.222,0.0,0.0,0.0,0.0,1.95
3694,1.222,0.0,0.0,0.0,0.0,1.95
3695,1.222,0.0,0.0,0.0,0.0,1.95
3696,1.2225,0.5,0.1,0.0,0.0015,1.95
3697,1.2225,0.5,0.1,0.0,0.0015,1.95
3698,1.2225,0.5,0.1,0.0,0.0015,1.95
3699,1.222,0.0,0.0,0.0,0.0,1.95
3700,1.2225,0.5,0.1,0.0,0.0015,1.95
3701,1.222,0.0,0.0,0.0,0.0,1.95
3702,1.2225,0.5,0.1,0.0,0.0015,1.95
3703,1.2225,0.5,0.1,0.0,0.0015,1.95
3704,1.222,0.0,0.0,0.0,0.0,1.95
3705,1.2225,0.5,0.1,0.0,0.0015,1.95
3706,1.222,0.0,0.0,0.0,0.0,1.95
3707,1.222,0.0,0.0,0.0,0.0,1.95
3708,1.222,0.0,0.0,0.0,0.0,1.95
3709,1.2225,0.5,0.1,0.0,0.0015,1.95
3710,1.2225,0.5,0.1,0.0,0.0015,1.95
3711,1.222,0.0,0.0,0.0,0.0,1.95
3712,1.2225,0.5,0.1,0.0,0.0015,1.95
3713,1.2225,0.5,0.1,0.0,0.0015,1.95
3714,1.222,0.0,0.0,0.0,0.0,1.95
3715,1.222,0.0,0.0,0.0,0.0,1.95
3716,1.2225,0.5,0.1,0.0,0.0015,1.95
3717,1.222,0.0,0.0,0.0,0.0,1.95
3718,1.2225,0.5,0.1,0.0,0.0015,1.95
3719,1.2225,0.5,0.1,0.0,0.0015,1.95
3720,1.222,0.0,0.0,0.0,0.0,1.95
3721,1.2225,0.5,0.1,0.0,0.0015,1.95
3722,1.222,0.0,0.0,0.0,0.0,1.95
3723,1.2225,0.5,0.1,0.0,0.0015,1.95
3724,1.2225,0.5,0.1,0.0,0.0015,1.95
3725,1.2225,0.5,0.1,0.0,0.0015,1.95
3726,1.2225,0.5,0.1,0.0,0.0015,1.95
3727,1.2225,0.5,0.1,0.0,0.0015,1.95
3728,1.222,0.0,0.0,0.0,0.0,1.95
3729,1.222,0.0,0.0,0.0,0.0,1.95
3730,1.2225,0.5,0.1,0.0,0.0015,1.95
3731,1.222,0.0,0.0,0.0,0.0,1.95
3732,1.2225,0.5,0.1,0.0,0.0015,1.95
3733,1.222,0.0,0.0,0.0,0.0,1.95
3734,1.222,0.0,0.0,0.0,0.0,1.95
3735,1.222,0.0,0.0,0.0,0.0,1.95
3736,1.2225,0.5,0.1,0.0,0.0015,1.95
3737,1.222,0.0,0.0,0.0,0.0,1.95
3738,1.2225,0.5,0.1,0.0,0.0015,1.95
3739,1.2225,0.5,0.1,0.0,0.0015,1.95
3740,1.222,0.0,0.0,0.0,0.0,1.95
3741,1.2225,0.5,0.1,0.0,0.0015,1.95
3742,1.2225,0.5,0.1,0.0,0.0015,1.95
3743,1.222,0.0,0.0,0.0,0.0,1.95
3744,1.222,0.0,0.0,0.0,0.0,1.95
3745,1.222,0.0,0.0,0.0,0.0,1.95
3746,1.2225,0.5,0.1,0.0,0.0015,1.95
3747,1.222,0.0,0.0,0.0,0.0,1.95
3748,1.222,0.0,0.0,0.0,0.0,1.95
3749,1.222,0.0,0.0,0.0,0.0,1.95
3750,1.2225,0.5,0.1,0.0,0.0015,1.95
3751,1.222,0.0,0.0,0.0,0.0,1.95
3752,1.222,0.0,0.0,0.0,0.0,1.95
3753,1.222,0.0,0.0,0.0,0.0,1.95
3754,1.2225,0.5,0.1,0.0,0.0015,1.95
3755,1.2225,0.5,0.1,0.0,0.0015,1.95
3756,1.2225,0.5,0.1,0.0,0.0015,1.95
3757,1.2225,0.5,0.1,0.0,0.0015,1.95
3758,1.222,0.0,0.0,0.0,0.0,1.95
3759,1.222,0.0,0.0,0.0,0.0,1.95
3760,1.222,0.0,0.0,0.0,0.0,1.95
3761,1.2225,0.5,0.1,0.0,0.0015,1.95
3762,1.222,0.0,0.0,0.0,0.0,1.95
3763,1.2225,0.5,0.1,0.0,0.0015,1.95
3764,1.222,0.0,0.0,0.0,0.0,1.95
3765,1.222,0.0,0.0,0.0,0.0,1.95
3766,1.222,0.0,0.0,0.0,0.0,1.95
3767,1.2225,0.5,0.1,0.0,0.0015,1.95
3768,1.222,0.0,0.0,0.0,0.0,1.95
3769,1.222,0.0,0.0,0.0,0.0,1.95
3770,1.222,0.0,0.0,0.0,0.0,1.95
3771,1.2225,0.5,0.1,0.0,0.0015,1.95
3772,1.2225,0.5,0.1,0.0,0.0015,1.95
3773,1.2225,0.5,0.1,0.0,0.0015,1.95
3774,1.2225,0.5,0.1,0.0,0.0015,1.95
3775,1.2225,0.5,0.1,0.0,0.0015,1.95
3776,1.2225,0.5,0.1,0.0,0.0015,1.95
3777,1.2225,0.5,0.1,0.0,0.0015,1.95
3778,1.2225,0.5,0.1,0.0,0.0015,1.95
3779,1.222,0.0,0.0,0.0,0.0,1.95
3780,1.222,0.0,0.0,0.0,0.0,1.95
3781,1.222,0.0,0.0,0.0,0.0,1.95
3782,1.222,0.0,0.0,0.0,0.0,1.95
3783,1.2225,0.5,0.1,0.0,0.0015,1.95
3784,1.222,0.0,0.0,0.0,0.0,1.95
3785,1.222,0.0,0.0,0.0,0.0,1.95
3786,1.2225,0.5,0.1,0.0,0.0015,1.95
3787,1.222,0.0,0.0,0.0,0.0,1.95
3788,1.222,0.0,0.0,0.0,0.0,1.95
3789,1.2225,0.5,0.1,0.0,0.0015,1.95
3790,1.222,0.0,0.0,0.0,0.0,1.95
3791,1.2225,0.5,0.1,0.0,0.0015,1.95
3792,1.2225,0.5,0.1,0.0,0.0015,1.95
3793,1.222,0.0,0.0,0.0,0.0,1.95
3794,1.222,0.0,0.0,0.0,0.0,1.95
3795,1.222,0.0,0.0,0.0,0.0,1.95
3796,1.222,0.0,0.0,0.0,0.0,1.95
3797,1.222,0.0,0.0,0.0,0.0,1.95
3798,1.2225,0.5,0.1,0.0,0.0015,1.95
3799,1.222,0.0,0.0,0.0,0.0,1.95
3800,1.2225,0.5,0.1,0.0,0.0015,1.95
3801,1.2225,0.5,0.1,0.0,0.0015,1.95
3802,1.2225,0.5,0.1,0.0,0.0015,1.95
3803,1.2225,0.5,0.1,0.0,0.0015,1.95
3804,1.222,0.0,0.0,0.0,0.0,1.95
3805,1.222,0.0,0.0,0.0,0.0,1.95
3806,1.2225,0.5,0.1,0.0,0.0015,1.95
3807,1.2225,0.5,0.1,0.0,0.0015,1.95
3808,1.222,0.0,0.0,0.0,0.0,1.95
3809,1.222,0.0,0.0,0.0,0.0,1.95
3810,1.222,0.0,0.0,0.0,0.0,1.95
3811,1.222,0.0,0.0,0.0,0.0,1.95
3812,1.222,0.0,0.0,0.0,0.0,1.95
3813,1.222,0.0,0.0,0.0,0.0,1.95
3814,1.2225,0.5,0.1,0.0,0.0015,1.95
3815,1.2225,0.5,0.1,0.0,0.0015,1.95
3816,1.222,0.0,0.0,0.0,0.0,1.95
3817,1.2225,0.5,0.1,0.0,0.0015,1.95
3818,1.2225,0.5,0.1,0.0,0.0015,1.95
3819,1.222,0.0,0.0,0.0,0.0,1.95
3820,1.2225,0.5,0.1,0.0,0.0015,1.95
3821,1.222,0.0,0.0,0.0,0.0,1.95
3822,1.2225,0.5,0.1,0.0,0.0015,1.95
3823,1.222,0.0,0.0,0.0,0.0,1.95
3824,1.222,0.0,0.0,0.0,0.0,1.95
3825,1.222,0.0,0.0,0.0,0.0,1.95
3826,1.2225,0.5,0.1,0.0,0.0015,1.95
3827,1.222,0.0,0.0,0.0,0.0,1.95
3828,1.2225,0.5,0.1,0.0,0.0015,1.95
3829,1.2225,0.5,0.1,0.0,0.0015,1.95
3830,1.2225,0.5,0.1,0.0,0.0015,1.95
3831,1.222,0.0,0.0,0.0,0.0,1.95
3832,1.2225,0.5,0.1,0.0,0.0015,1.95
3833,1.222,0.0,0.0,0.0,0.0,1.95
3834,1.2225,0.5,0.1,0.0,0.0015,1.95
3835,1.2225,0.5,0.1,0.0,0.0015,1.95
3836,1.2225,0.5,0.1,0.0,0.0015,1.95
3837,1.222,0.0,0.0,0.0,0.0,1.95
3838,1.2225,0.5,0.1,0.0,0.0015,1.95
3839,1.2225,0.5,0.1,0.0,0.0015,1.95
3840,1.2225,0.5,0.1,0.0,0.0015,1.95
3841,1.222,0.0,0.0,0.0,0.0,1.95
3842,1.222,0.0,0.0,0.0,0.0,1.95
3843,1.2225,0.5,0.1,0.0,0.0015,1.95
3844,1.222,0.0,0.0,0.0,0.0,1.95
3845,1.222,0.0,0.0,0.0,0.0,1.95
3846,1.222,0.0,0.0,0.0,0.0,1.95
3847,1.2225,0.5,0.1,0.0,0.0015,1.95
3848,1.222,0.0,0.0,0.0,0.0,1.95
3849,1.222,0.0,0.0,0.0,0.0,1.95
3850,1.2225,0.5,0.1,0.0,0.0015,1.95
3851,1.222,0.0,0.0,0.0,0.0,1.95
3852,1.222,0.0,0.0,0.0,0.0,1.95
3853,1.2225,0.5,0.1,0.0,0.0015,1.95
3854,1.222,0.0,0.0,0.0,0.0,1.95
3855,1.2225,0.5,0.1,0.0,0.0015,1.95
3856,1.222,0.0,0.0,0.0,0.0,1.95
3857,1.2225,0.5,0.1,0.0,0.0015,1.95
3858,1.2225,0.5,0.1,0.0,0.0015,1.95
3859,1.222,0.0,0.0,0.0,0.0,1.95
3860,1.222,0.0,0.0,0.0,0.0,1.95
3861,1.2225,0.5,0.1,0.0,0.0015,1.95
3862,1.222,0.0,0.0,0.0,0.0,1.95
3863,1.2225,0.5,0.1,0.0,0.0015,1.95
3864,1.222,0.0,0.0,0.0,0.0,1.95
3865,1.222,0.0,0.0,0.0,0.0,1.95
3866,1.222,0.0,0.0,0.0,0.0,1.95
3867,1.222,0.0,0.0,0.0,0.0,1.95
3868,1.2225,0.5,0.1,0.0,0.0015,1.95
3869,1.2225,0.5,0.1,0.0,0.0015,1.95
3870,1.222,0.0,0.0,0.0,0.0,1.95
3871,1.2225,0.5,0.1,0.0,0.0015,1.95
3872,1.222,0.0,0.0,0.0,0.0,1.95
3873,1.222,0.0,0.0,0.0,0.0,1.95
3874,1.222,0.0,0.0,0.0,0.0,1.95
3875,1.2225,0.5,0.1,0.0,0.0015,1.95
3876,1.2225,0.5,0.1,0.0,0.0015,1.95
3877,1.2225,0.5,0.1,0.0,0.0015,1.95
3878,1.2225,0.5,0.1,0.0,0.0015,1.95
3879,1.222,0.0,0.0,0.0,0.0,1.95
3880,1.2225,0.5,0.1,0.0,0.0015,1.95
3881,1.2225,0.5,0.1,0.0,0.0015,1.95
3882,1.2225,0.5,0.1,0.0,0.0015,1.95
3883,1.2225,0.5,0.1,0.0,0.0015,1.95
3884,1.2225,0.5,0.1,0.0,0.0015,1.95
3885,1.222,0.0,0.0,0.0,0.0,1.95
3886,1.222,0.0,0.0,0.0,0.0,1.95
3887,1.222,0.0,0.0,0.0,0.0,1.95
3888,1.222,0.0,0.0,0.0,0.0,1.95
3889,1.2225,0.5,0.1,0.0,0.0015,1.95
3890,1.222,0.0,0.0,0.0,0.0,1.95
3891,1.222,0.0,0.0,0.0,0.0,1.95
3892,1.222,0.0,0.0,0.0,0.0,1.95
3893,1.222,0.0,0.0,0.0,0.0,1.95
3894,1.222,0.0,0.0,0.0,0.0,1.95
3895,1.222,0.0,0.0,0.0,0.0,1.95
3896,1.222,0.0,0.0,0.0,0.0,1.95
3897,1.2225,0.5,0.1,0.0,0.0015,1.95
3898,1.222,0.0,0.0,0.0,0.0,1.95
3899,1.2225,0.5,0.1,0.0,0.0015,1.95
3900,1.2225,0.5,0.1,0.0,0.0015,1.95
3901,1.222,0.0,0.0,0.0,0.0,1.95
3902,1.2225,0.5,0.1,0.0,0.0015,1.95
3903,1.222,0.0,0.0,0.0,0.0,1.95
3904,1.222,0.0,0.0,0.0,0.0,1.95
3905,1.2225,0.5,0.1,0.0,0.0015,1.95
3906,1.222,0.0,0.0,0.0,0.0,1.95
3907,1.222,0.0,0.0,0.0,0.0,1.95
3908,1.222,0.0,0.0,0.0,0.0,1.95
3909,1.222,0.0,0.0,0.0,0.0,1.95
3910,1.222,0.0,0.0,0.0,0.0,1.95
3911,1.2225,0.5,0.1,0.0,0.0015,1.95
3912,1.2225,0.5,0.1,0.0,0.0015,1.95
3913,1.222,0.0,0.0,0.0,0.0,1.95
3914,1.2225,0.5,0.1,0.0,0.0015,1.95
3915,1.2225,0.5,0.1,0.0,0.0015,1.95
3916,1.2225,0.5,0.1,0.0,0.0015,1.95
3917,1.222,0.0,0.0,0.0,0.0,1.95
3918,1.2225,0.5,0.1,0.0,0.0015,1.95
3919,1.2225,0.5,0.1,0.0,0.0015,1.95
3920,1.2225,0.5,0.1,0.0,0.0015,1.95
3921,1.222,0.0,0.0,0.0,0.0,1.95
3922,1.222,0.0,0.0,0.0,0.0,1.95
3923,1.2225,0.5,0.1,0.0,0.0015,1.95
3924,1.2225,0.5,0.1,0.0,0.0015,1.95
3925,1.2225,0.5,0.1,0.0,0.0015,1.95
3926,1.222,0.0,0.0,0.0,0.0,1.95
3927,1.222,0.0,0.0,0.0,0.0,1.95
3928,1.2225,0.5,0.1,0.0,0.0015,1.95
3929,1.2225,0.5,0.1,0.0,0.0015,1.95
3930,1.2225,0.5,0.1,0.0,0.0015,1.95
3931,1.2225,0.5,0.1,0.0,0.0015,1.95
3932,1.2225,0.5,0.1,0.0,0.0015,1.95
3933,1.222,0.0,0.0,0.0,0.0,1.95
3934,1.2225,0.5,0.1,0.0,0.0015,1.95
3935,1.222,0.0,0.0,0.0,0.0,1.95
3936,1.222,0.0,0.0,0.0,0.0,1.95
3937,1.222,0.0,0.0,0.0,0.0,1.95
3938,1.2225,0.5,0.1,0.0,0.0015,1.95
3939,1.222,0.0,0.0,0.0,0.0,1.95
3940,1.222,0.0,0.0,0.0,0.0,1.95
3941,1.2225,0.5,0.1,0.0,0.0015,1.95
3942,1.2225,0.5,0.1,0.0,0.0015,1.95
3943,1.222,0.0,0.0,0.0,0.0,1.95
3944,1.2225,0.5,0.1,0.0,0.0015,1.95
3945,1.2225,0.5,0.1,0.0,0.0015,1.95
3946,1.2225,0.5,0.1,0.0,0.0015,1.95
3947,1.222,0.0,0.0,0.0,0.0,1.95
3948,1.2225,0.5,0.1,0.0,0.0015,1.95
3949,1.222,0.0,0.0,0.0,0.0,1.95
3950,1.222,0.0,0.0,0.0,0.0,1.95
3951,1.222,0.0,0.0,0.0,0.0,1.95
3952,1.2225,0.5,0.1,0.0,0.0015,1.95
3953,1.2225,0.5,0.1,0.0,0.0015,1.95
3954,1.2225,0.5,0.1,0.0,0.0015,1.95
3955,1.2225,0.5,0.1,0.0,0.0015,1.95
3956,1.222,0.0,0.0,0.0,0.0,1.95
3957,1.222,0.0,0.0,0.0,0.0,1.95
3958,1.2225,0.5,0.1,0.0,0.0015,1.95
3959,1.222,0.0,0.0,0.0,0.0,1.95
3960,1.2225,0.5,0.1,0.0,0.0015,1.95
3961,1.222,0.0,0.0,0.0,0.0,1.95
3962,1.2225,0.5,0.1,0.0,0.0015,1.95
3963,1.222,0.0,0.0,0.0,0.0,1.95
3964,1.2225,0.5,0.1,0.0,0.0015,1.95
3965,1.222,0.0,0.0,0.0,0.0,1.95
3966,1.2225,0.5,0.1,0.0,0.0015,1.95
3967,1.222,0.0,0.0,0.0,0.0,1.95
3968,1.222,0.0,0.0,0.0,0.0,1.95
3969,1.2225,0.5,0.1,0.0,0.0015,1.95
3970,1.222,0.0,0.0,0.0,0.0,1.95
3971,1.2225,0.5,0.1,0.0,0.0015,1.95
3972,1.222,0.0,0.0,0.0,0.0,1.95
3973,1.222,0.0,0.0,0.0,0.0,1.95
3974,1.2225,0.5,0.1,0.0,0.0015,1.95
3975,1.222,0.0,0.0,0.0,0.0,1.95
3976,1.2225,0.5,0.1,0.0,0.0015,1.95
3977,1.222,0.0,0.0,0.0,0.0,1.95
3978,1.222,0.0,0.0,0.0,0.0,1.95
3979,1.2225,0.5,0.1,0.0,0.0015,1.95
3980,1.222,0.0,0.0,0.0,0.0,1.95
3981,1.2225,0.5,0.1,0.0,0.0015,1.95
3982,1.2225,0.5,0.1,0.0,0.0015,1.95
3983,1.2225,0.5,0.1,0.0,0.0015,1.95
3984,1.2225,0.5,0.1,0.0,0.0015,1.95
3985,1.222,0.0,0.0,0.0,0.0,1.95
3986,1.2225,0.5,0.1,0.0,0.0015,1.95
3987,1.222,0.0,0.0,0.0,0.0,1.95
3988,1.2225,0.5,0.1,0.0,0.0015,1.95
3989,1.222,0.0,0.0,0.0,0.0,1.95
3990,1.222,0.0,0.0,0.0,0.0,1.95
3991,1.2225,0.5,0.1,0.0,0.0015,1.95
3992,1.2225,0.5,0.1,0.0,0.0015,1.95
3993,1.222,0.0,0.0,0.0,0.0,1.95
3994,1.222,0.0,0.0,0.0,0.0,1.95
3995,1.2225,0.5,0.1,0.0,0.0015,1.95
3996,1.2225,0.5,0.1,0.0,0.0015,1.95
3997,1.222,0.0,0.0,0.0,0.0,1.95
3998,1.222,0.0,0.0,0.0,0.0,1.95
3999,1.222,0.0,0.0,0.0,0.0,1.95
4000,1.222,0.0,0.0,0.0,0.0,1.95
4001,1.2225,0.5,0.1,0.0,0.0015,1.95
4002,1.222,0.0,0.0,0.0,0.0,1.95
4003,1.2225,0.5,0.1,0.0,0.0015,1.95
4004,1.222,0.0,0.0,0.0,0.0,1.95
4005,1.2225,0.5,0.1,0.0,0.0015,1.95
4006,1.2225,0.5,0.1,0.0,0.0015,1.95
4007,1.2225,0.5,0.1,0.0,0.0015,1.95
4008,1.222,0.0,0.0,0.0,0.0,1.95
4009,1.2225,0.5,0.1,0.0,0.0015,1.95
4010,1.222,0.0,0.0,0.0,0.0,1.95
4011,1.222,0.0,0.0,0.0,0.0,1.95
4012,1.222,0.0,0.0,0.0,0.0,1.95
4013,1.222,0.0,0.0,0.0,0.0,1.95
4014,1.222,0.0,0.0,0.0,0.0,1.95
4015,1.222,0.0,0.0,0.0,0.0,1.95
4016,1.2225,0.5,0.1,0.0,0.0015,1.95
4017,1.2225,0.5,0.1,0.0,0.0015,1.95
4018,1.222,0.0,0.0,0.0,0.0,1.95
4019,1.2225,0.5,0.1,0.0,0.0015,1.95
4020,1.2225,0.5,0.1,0.0,0.0015,1.95
4021,1.2225,0.5,0.1,0.0,0.0015,1.95
4022,1.222,0.0,0.0,0.0,0.0,1.95
4023,1.2225,0.5,0.1,0.0,0.0015,1.95
4024,1.222,0.0,0.0,0.0,0.0,1.95
4025,1.2225,0.5,0.1,0.0,0.0015,1.95
4026,1.2225,0.5,0.1,0.0,0.0015,1.95
4027,1.222,0.0,0.0,0.0,0.0,1.95
4028,1.2225,0.5,0.1,0.0,0.0015,1.95
4029,1.222,0.0,0.0,0.0,0.0,1.95
4030,1.222,0.0,0.0,0.0,0.0,1.95
4031,1.222,0.0,0.0,0.0,0.0,1.95
4032,1.2225,0.5,0.1,0.0,0.0015,1.95
4033,1.222,0.0,0.0,0.0,0.0,1.95
4034,1.222,0.0,0.0,0.0,0.0,1.95
4035,1.2225,0.5,0.1,0.0,0.0015,1.95
4036,1.222,0.0,0.0,0.0,0.0,1.95
4037,1.2225,0.5,0.1,0.0,0.0015,1.95
4038,1.222,0.0,0.0,0.0,0.0,1.95
4039,1.222,0.0,0.0,0.0,0.0,1.95
4040,1.2225,0.5,0.1,0.0,0.0015,1.95
4041,1.2225,0.5,0.1,0.0,0.0015,1.95
4042,1.222,0.0,0.0,0.0,0.0,1.95
4043,1.2225,0.5,0.1,0.0,0.0015,1.95
4044,1.222,0.0,0.0,0.0,0.0,1.95
4045,1.222,0.0,0.0,0.0,0.0,1.95
4046,1.222,0.0,0.0,0.0,0.0,1.95
4047,1.2225,0.5,0.1,0.0,0.0015,1.95
4048,1.2225,0.5,0.1,0.0,0.0015,1.95
4049,1.2225,0.5,0.1,0.0,0.0015,1.95
4050,1.2225,0.5,0.1,0.0,0.0015,1.95
4051,1.2225,0.5,0.1,0.0,0.0015,1.95
4052,1.2225,0.5,0.1,0.0,0.0015,1.95
4053,1.222,0.0,0.0,0.0,0.0,1.95
4054,1.2225,0.5,0.1,0.0,0.0015,1.95
4055,1.2225,0.5,0.1,0.0,0.0015,1.95
4056,1.222,0.0,0.0,0.0,0.0,1.95
4057,1.2225,0.5,0.1,0.0,0.0015,1.95
4058,1.2225,0.5,0.1,0.0,0.0015,1.95
4059,1.2225,0.5,0.1,0.0,0.0015,1.95
4060,1.2225,0.5,0.1,0.0,0.0015,1.95
4061,1.222,0.0,0.0,0.0,0.0,1.95
4062,1.2225,0.5,0.1,0.0,0.0015,1.95
4063,1.222,0.0,0.0,0.0,0.0,1.95
4064,1.2225,0.5,0.1,0.0,0.0015,1.95
4065,1.2225,0.5,0.1,0.0,0.0015,1.95
4066,1.222,0.0,0.0,0.0,0.0,1.95
4067,1.222,0.0,0.0,0.0,0.0,1.95
4068,1.222,0.0,0.0,0.0,0.0,1.95
4069,1.222,0.0,0.0,0.0,0.0,1.95
4070,1.2225,0.5,0.1,0.0,0.0015,1.95
4071,1.222,0.0,0.0,0.0,0.0,1.95
4072,1.222,0.0,0.0,0.0,0.0,1.95
4073,1.2225,0.5,0.1,0.0,0.0015,1.95
4074,1.222,0.0,0.0,0.0,0.0,1.95
4075,1.2225,0.5,0.1,0.0,0.0015,1.95
4076,1.222,0.0,0.0,0.0,0.0,1.95
4077,1.2225,0.5,0.1,0.0,0.0015,1.95
4078,1.2225,0.5,0.1,0.0,0.0015,1.95
4079,1.2225,0.5,0.1,0.0,0.0015,1.95
4080,1.222,0.0,0.0,0.0,0.0,1.95
4081,1.222,0.0,0.0,0.0,0.0,1.95
4082,1.222,0.0,0.0,0.0,0.0,1.95
4083,1.222,0.0,0.0,0.0,0.0,1.95
4084,1.222,0.0,0.0,0.0,0.0,1.95
4085,1.2225,0.5,0.1,0.0,0.0015,1.95
4086,1.2225,0.5,0.1,0.0,0.0015,1.95
4087,1.2225,0.5,0.1,0.0,0.0015,1.95
4088,1.222,0.0,0.0,0.0,0.0,1.95
4089,1.2225,0.5,0.1,0.0,0.0015,1.95
4090,1.2225,0.5,0.1,0.0,0.0015,1.95
4091,1.222,0.0,0.0,0.0,0.0,1.95
4092,1.2225,0.5,0.1,0.0,0.0015,1.95
4093,1.222,0.0,0.0,0.0,0.0,1.95
4094,1.2225,0.5,0.1,0.0,0.0015,1.95
4095,1.222,0.0,0.0,0.0,0.0,1.95
4096,1.2225,0.5,0.1,0.0,0.0015,1.95
4097,1.2225,0.5,0.1,0.0,0.0015,1.95
4098,1.222,0.0,0.0,0.0,0.0,1.95
4099,1.222,0.0,0.0,0.0,0.0,1.95
4100,1.2225,0.5,0.1,0.0,0.0015,1.95
4101,1.2225,0.5,0.1,0.0,0.0015,1.95
4102,1.222,0.0,0.0,0.0,0.0,1.95
4103,1.222,0.0,0.0,0.0,0.0,1.95
4104,1.222,0.0,0.0,0.0,0.0,1.95
4105,1.222,0.0,0.0,0.0,0.0,1.95
4106,1.222,0.0,0.0,0.0,0.0,1.95
4107,1.2225,0.5,0.1,0.0,0.0015,1.95
4108,1.2225,0.5,0.1,0.0,0.0015,1.95
4109,1.222,0.0,0.0,0.0,0.0,1.95
4110,1.2225,0.5,0.1,0.0,0.0015,1.95
4111,1.2225,0.5,0.1,0.0,0.0015,1.95
4112,1.222,0.0,0.0,0.0,0.0,1.95
4113,1.2225,0.5,0.1,0.0,0.0015,1.95
4114,1.222,0.0,0.0,0.0,0.0,1.95
4115,1.222,0.0,0.0,0.0,0.0,1.95
4116,1.222,0.0,0.0,0.0,0.0,1.95
4117,1.222,0.0,0.0,0.0,0.0,1.95
4118,1.222,0.0,0.0,0.0,0.0,1.95
4119,1.222,0.0,0.0,0.0,0.0,1.95
4120,1.2225,0.5,0.1,0.0,0.0015,1.95
4121,1.222,0.0,0.0,0.0,0.0,1.95
4122,1.222,0.0,0.0,0.0,0.0,1.95
4123,1.222,0.0,0.0,0.0,0.0,1.95
4124,1.222,0.0,0.0,0.0,0.0,1.95
4125,1.222,0.0,0.0,0.0,0.0,1.95
4126,1.222,0.0,0.0,0.0,0.0,1.95
4127,1.222,0.0,0.0,0.0,0.0,1.95
4128,1.2225,0.5,0.1,0.0,0.0015,1.95
4129,1.2225,0.5,0.1,0.0,0.0015,1.95
4130,1.2225,0.5,0.1,0.0,0.0015,1.95
4131,1.2225,0.5,0.1,0.0,0.0015,1.95
4132,1.2225,0.5,0.1,0.0,0.0015,1.95
4133,1.2225,0.5,0.1,0.0,0.0015,1.95
4134,1.2225,0.5,0.1,0.0,0.0015,1.95
4135,1.222,0.0,0.0,0.0,0.0,1.95
4136,1.222,0.0,0.0,0.0,0.0,1.95
4137,1.222,0.0,0.0,0.0,0.0,1.95
4138,1.2225,0.5,0.1,0.0,0.0015,1.95
4139,1.222,0.0,0.0,0.0,0.0,1.95
4140,1.222,0.0,0.0,0.0,0.0,1.95
4141,1.2225,0.5,0.1,0.0,0.0015,1.95
4142,1.2225,0.5,0.1,0.0,0.0015,1.95
4143,1.2225,0.5,0.1,0.0,0.0015,1.95
4144,1.222,0.0,0.0,0.0,0.0,1.95
4145,1.222,0.0,0.0,0.0,0.0,1.95
4146,1.222,0.0,0.0,0.0,0.0,1.95
4147,1.2225,0.5,0.1,0.0,0.0015,1.95
4148,1.2225,0.5,0.1,0.0,0.0015,1.95
4149,1.222,0.0,0.0,0.0,0.0,1.95
4150,1.222,0.0,0.0,0.0,0.0,1.95
4151,1.2225,0.5,0.1,0.0,0.0015,1.95
4152,1.2225,0.5,0.1,0.0,0.0015,1.95
4153,1.2225,0.5,0.1,0.0,0.0015,1.95
4154,1.222,0.0,0.0,0.0,0.0,1.95
4155,1.2225,0.5,0.1,0.0,0.0015,1.95
4156,1.222,0.0,0.0,0.0,0.0,1.95
4157,1.2225,0.5,0.1,0.0,0.0015,1.95
4158,1.2225,0.5,0.1,0.0,0.0015,1.95
4159,1.2225,0.5,0.1,0.0,0.0015,1.95
4160,1.222,0.0,0.0,0.0,0.0,1.95
4161,1.222,0.0,0.0,0.0,0.0,1.95
4162,1.222,0.0,0.0,0.0,0.0,1.95
4163,1.222,0.0,0.0,0.0,0.0,1.95
4164,1.2225,0.5,0.1,0.0,0.0015,1.95
4165,1.222,0.0,0.0,0.0,0.0,1.95
4166,1.2225,0.5,0.1,0.0,0.0015,1.95
4167,1.2225,0.5,0.1,0.0,0.0015,1.95
4168,1.222,0.0,0.0,0.0,0.0,1.95
4169,1.2225,0.5,0.1,0.0,0.0015,1.95
4170,1.2225,0.5,0.1,0.0,0.0015,1.95
4171,1.222,0.0,0.0,0.0,0.0,1.95
4172,1.222,0.0,0.0,0.0,0.0,1.95
4173,1.222,0.0,0.0,0.0,0.0,1.95
4174,1.2225,0.5,0.1,0.0,0.0015,1.95
4175,1.2225,0.5,0.1,0.0,0.0015,1.95
4176,1.222,0.0,0.0,0.0,0.0,1.95
4177,1.222,0.0,0.0,0.0,0.0,1.95
4178,1.222,0.0,0.0,0.0,0.0,1.95
4179,1.222,0.0,0.0,0.0,0.0,1.95
4180,1.222,0.0,0.0,0.0,0.0,1.95
4181,1.222,0.0,0.0,0.0,0.0,1.95
4182,1.222,0.0,0.0,0.0,0.0,1.95
4183,1.2225,0.5,0.1,0.0,0.0015,1.95
4184,1.222,0.0,0.0,0.0,0.0,1.95
4185,1.2225,0.5,0.1,0.0,0.0015,1.95
4186,1.222,0.0,0.0,0.0,0.0,1.95
4187,1.2225,0.5,0.1,0.0,0.0015,1.95
4188,1.222,0.0,0.0,0.0,0.0,1.95
4189,1.222,0.0,0.0,0.0,0.0,1.95
4190,1.2225,0.5,0.1,0.0,0.0015,1.95
4191,1.2225,0.5,0.1,0.0,0.0015,1.95
4192,1.222,0.0,0.0,0.0,0.0,1.95
4193,1.222,0.0,0.0,0.0,0.0,1.95
4194,1.2225,0.5,0.1,0.0,0.0015,1.95
4195,1.2225,0.5,0.1,0.0,0.0015,1.95
4196,1.222,0.0,0.0,0.0,0.0,1.95
4197,1.2225,0.5,0.1,0.0,0.0015,1.95
4198,1.2225,0.5,0.1,0.0,0.0015,1.95
4199,1.2225,0.5,0.1,0.0,0.0015,1.95
4200,1.222,0.0,0.0,0.0,0.0,1.95
4201,1.222,0.0,0.0,0.0,0.0,1.95
4202,1.222,0.0,0.0,0.0,0.0,1.95
4203,1.2225,0.5,0.1,0.0,0.0015,1.95
4204,1.2225,0.5,0.1,0.0,0.0015,1.95
4205,1.222,0.0,0.0,0.0,0.0,1.95
4206,1.2225,0.5,0.1,0.0,0.0015,1.95
4207,1.222,0.0,0.0,0.0,0.0,1.95
4208,1.2225,0.5,0.1,0.0,0.0015,1.95
4209,1.2225,0.5,0.1,0.0,0.0015,1.95
4210,1.2225,0.5,0.1,0.0,0.0015,1.95
4211,1.2225,0.5,0.1,0.0,0.0015,1.95
4212,1.2225,0.5,0.1,0.0,0.0015,1.95
4213,1.222,0.0,0.0,0.0,0.0,1.95
4214,1.2225,0.5,0.1,0.0,0.0015,1.95
4215,1.2225,0.5,0.1,0.0,0.0015,1.95
4216,1.222,0.0,0.0,0.0,0.0,1.95
4217,1.222,0.0,0.0,0.0,0.0,1.95
4218,1.222,0.0,0.0,0.0,0.0,1.95
4219,1.222,0.0,0.0,0.0,0.0,1.95
4220,1.2225,0.5,0.1,0.0,0.0015,1.95
4221,1.2225,0.5,0.1,0.0,0.0015,1.95
4222,1.222,0.0,0.0,0.0,0.0,1.95
4223,1.222,0.0,0.0,0.0,0.0,1.95
4224,1.2225,0.5,0.1,0.0,0.0015,1.95
4225,1.2225,0.5,0.1,0.0,0.0015,1.95
4226,1.2225,0.5,0.1,0.0,0.0015,1.95
4227,1.222,0.0,0.0,0.0,0.0,1.95
4228,1.222,0.0,0.0,0.0,0.0,1.95
4229,1.2225,0.5,0.1,0.0,0.0015,1.95
4230,1.222,0.0,0.0,0.0,0.0,1.95
4231,1.222,0.0,0.0,0.0,0.0,1.95
4232,1.2225,0.5,0.1,0.0,0.0015,1.95
4233,1.222,0.0,0.0,0.0,0.0,1.95
4234,1.222,0.0,0.0,0.0,0.0,1.95
4235,1.2225,0.5,0.1,0.0,0.0015,1.95
4236,1.222,0.0,0.0,0.0,0.0,1.95
4237,1.222,0.0,0.0,0.0,0.0,1.95
4238,1.2225,0.5,0.1,0.0,0.0015,1.95
4239,1.2225,0.5,0.1,0.0,0.0015,1.95
4240,1.222,0.0,0.0,0.0,0.0,1.95
4241,1.2225,0.5,0.1,0.0,0.0015,1.95
4242,1.2225,0.5,0.1,0.0,0.0015,1.95
4243,1.222,0.0,0.0,0.0,0.0,1.95
4244,1.222,0.0,0.0,0.0,0.0,1.95
4245,1.2225,0.5,0.1,0.0,0.0015,1.95
4246,1.222,0.0,0.0,0.0,0.0,1.95
4247,1.222,0.0,0.0,0.0,0.0,1.95
4248,1.2225,0.5,0.1,0.0,0.0015,1.95
4249,1.222,0.0,0.0,0.0,0.0,1.95
4250,1.222,0.0,0.0,0.0,0.0,1.95
4251,1.2225,0.5,0.1,0.0,0.0015,1.95
4252,1.222,0.0,0.0,0.0,0.0,1.95
4253,1.222,0.0,0.0,0.0,0.0,1.95
4254,1.222,0.0,0.0,0.0,0.0,1.95
4255,1.222,0.0,0.0,0.0,0.0,1.95
4256,1.2225,0.5,0.1,0.0,0.0015,1.95
4257,1.222,0.0,0.0,0.0,0.0,1.95
4258,1.222,0.0,0.0,0.0,0.0,1.95
4259,1.222,0.0,0.0,0.0,0.0,1.95
4260,1.2225,0.5,0.1,0.0,0.0015,1.95
4261,1.2225,0.5,0.1,0.0,0.0015,1.95
4262,1.222,0.0,0.0,0.0,0.0,1.95
4263,1.2225,0.5,0.1,0.0,0.0015,1.95
4264,1.222,0.0,0.0,0.0,0.0,1.95
4265,1.222,0.0,0.0,0.0,0.0,1.95
4266,1.2225,0.5,0.1,0.0,0.0015,1.95
4267,1.2225,0.5,0.1,0.0,0.0015,1.95
4268,1.2225,0.5,0.1,0.0,0.0015,1.95
4269,1.222,0.0,0.0,0.0,0.0,1.95
4270,1.222,0.0,0.0,0.0,0.0,1.95
4271,1.2225,0.5,0.1,0.0,0.0015,1.95
4272,1.2225,0.5,0.1,0.0,0.0015,1.95
4273,1.222,0.0,0.0,0.0,0.0,1.95
4274,1.2225,0.5,0.1,0.0,0.0015,1.95
4275,1.222,0.0,0.0,0.0,0.0,1.95
4276,1.2225,0.5,0.1,0.0,0.0015,1.95
4277,1.222,0.0,0.0,0.0,0.0,1.95
4278,1.2225,0.5,0.1,0.0,0.0015,1.95
4279,1.2225,0.5,0.1,0.0,0.0015,1.95
4280,1.2225,0.5,0.1,0.0,0.0015,1.95
4281,1.222,0.0,0.0,0.0,0.0,1.95
4282,1.2225,0.5,0.1,0.0,0.0015,1.95
4283,1.222,0.0,0.0,0.0,0.0,1.95
4284,1.2225,0.5,0.1,0.0,0.0015,1.95
4285,1.222,0.0,0.0,0.0,0.0,1.95
4286,1.2225,0.5,0.1,0.0,0.0015,1.95
4287,1.2225,0.5,0.1,0.0,0.0015,1.95
4288,1.2225,0.5,0.1,0.0,0.0015,1.95
4289,1.2225,0.5,0.1,0.0,0.0015,1.95
4290,1.2225,0.5,0.1,0.0,0.0015,1.95
4291,1.2225,0.5,0.1,0.0,0.0015,1.95
4292,1.222,0.0,0.0,0.0,0.0,1.95
4293,1.2225,0.5,0.1,0.0,0.0015,1.95
4294,1.2225,0.5,0.1,0.0,0.0015,1.95
4295,1.222,0.0,0.0,0.0,0.0,1.95
4296,1.2225,0.5,0.1,0.0,0.0015,1.95
4297,1.222,0.0,0.0,0.0,0.0,1.95
4298,1.2225,0.5,0.1,0.0,0.0015,1.95
4299,1.222,0.0,0.0,0.0,0.0,1.95
4300,1.222,0.0,0.0,0.0,0.0,1.95
4301,1.2225,0.5,0.1,0.0,0.0015,1.95
4302,1.2225,0.5,0.1,0.0,0.0015,1.95
4303,1.222,0.0,0.0,0.0,0.0,1.95
4304,1.222,0.0,0.0,0.0,0.0,1.95
4305,1.2225,0.5,0.1,0.0,0.0015,1.95
4306,1.222,0.0,0.0,0.0,0.0,1.95
4307,1.222,0.0,0.0,0.0,0.0,1.95
4308,1.222,0.0,0.0,0.0,0.0,1.95
4309,1.2225,0.5,0.1,0.0,0.0015,1.95
4310,1.2225,0.5,0.1,0.0,0.0015,1.95
4311,1.222,0.0,0.0,0.0,0.0,1.95
4312,1.2225,0.5,0.1,0.0,0.0015,1.95
4313,1.2225,0.5,0.1,0.0,0.0015,1.95
4314,1.2225,0.5,0.1,0.0,0.0015,1.95
4315,1.2225,0.5,0.1,0.0,0.0015,1.95
4316,1.2225,0.5,0.1,0.0,0.0015,1.95
4317,1.2225,0.5,0.1,0.0,0.0015,1.95
4318,1.2225,0.5,0.1,0.0,0.0015,1.95
4319,1.222,0.0,0.0,0.0,0.0,1.95
4320,1.2225,0.5,0.1,0.0,0.0015,1.95
4321,1.2225,0.5,0.1,0.0,0.0015,1.95
4322,1.2225,0.5,0.1,0.0,0.0015,1.95
4323,1.2225,0.5,0.1,0.0,0.0015,1.95
4324,1.2225,0.5,0.1,0.0,0.0015,1.95
4325,1.222,0.0,0.0,0.0,0.0,1.95
4326,1.2225,0.5,0.1,0.0,0.0015,1.95
4327,1.2225,0.5,0.1,0.0,0.0015,1.95
4328,1.2225,0.5,0.1,0.0,0.0015,1.95
4329,1.222,0.0,0.0,0.0,0.0,1.95
4330,1.222,0.0,0.0,0.0,0.0,1.95
4331,1.222,0.0,0.0,0.0,0.0,1.95
4332,1.2225,0.5,0.1,0.0,0.0015,1.95
4333,1.2225,0.5,0.1,0.0,0.0015,1.95
4334,1.2225,0.5,0.1,0.0,0.0015,1.95
4335,1.2225,0.5,0.1,0.0,0.0015,1.95
4336,1.222,0.0,0.0,0.0,0.0,1.95
4337,1.2225,0.5,0.1,0.0,0.0015,1.95
4338,1.2225,0.5,0.1,0.0,0.0015,1.95
4339,1.2225,0.5,0.1,0.0,0.0015,1.95
4340,1.2225,0.5,0.1,0.0,0.0015,1.95
4341,1.2225,0.5,0.1,0.0,0.0015,1.95
4342,1.222,0.0,0.0,0.0,0.0,1.95
4343,1.2225,0.5,0.1,0.0,0.0015,1.95
4344,1.222,0.0,0.0,0.0,0.0,1.95
4345,1.2225,0.5,0.1,0.0,0.0015,1.95
4346,1.222,0.0,0.0,0.0,0.0,1.95
4347,1.222,0.0,0.0,0.0,0.0,1.95
4348,1.2225,0.5,0.1,0.0,0.0015,1.95
4349,1.2225,0.5,0.1,0.0,0.0015,1.95
4350,1.222,0.0,0.0,0.0,0.0,1.95
4351,1.2225,0.5,0.1,0.0,0.0015,1.95
4352,1.222,0.0,0.0,0.0,0.0,1.95
4353,1.2225,0.5,0.1,0.0,0.0015,1.95
4354,1.2225,0.5,0.1,0.0,0.0015,1.95
4355,1.222,0.0,0.0,0.0,0.0,1.95
4356,1.222,0.0,0.0,0.0,0.0,1.95
4357,1.222,0.0,0.0,0.0,0.0,1.95
4358,1.222,0.0,0.0,0.0,0.0,1.95
4359,1.2225,0.5,0.1,0.0,0.0015,1.95
4360,1.222,0.0,0.0,0.0,0.0,1.95
4361,1.222,0.0,0.0,0.0,0.0,1.95
4362,1.2225,0.5,0.1,0.0,0.0015,1.95
4363,1.222,0.0,0.0,0.0,0.0,1.95
4364,1.2225,0.5,0.1,0.0,0.0015,1.95
4365,1.2225,0.5,0.1,0.0,0.0015,1.95
4366,1.222,0.0,0.0,0.0,0.0,1.95
4367,1.222,0.0,0.0,0.0,0.0,1.95
4368,1.2225,0.5,0.1,0.0,0.0015,1.95
4369,1.2225,0.5,0.1,0.0,0.0015,1.95
4370,1.222,0.0,0.0,0.0,0.0,1.95
4371,1.2225,0.5,0.1,0.0,0.0015,1.95
4372,1.222,0.0,0.0,0.0,0.0,1.95
4373,1.2225,0.5,0.1,0.0,0.0015,1.95
4374,1.222,0.0,0.0,0.0,0.0,1.95
4375,1.2225,0.5,0.1,0.0,0.0015,1.95
4376,1.2225,0.5,0.1,0.0,0.0015,1.95
4377,1.2225,0.5,0.1,0.0,0.0015,1.95
4378,1.2225,0.5,0.1,0.0,0.0015,1.95
4379,1.2225,0.5,0.1,0.0,0.0015,1.95
4380,1.2225,0.5,0.1,0.0,0.0015,1.95
4381,1.222,0.0,0.0,0.0,0.0,1.95
4382,1.2225,0.5,0.1,0.0,0.0015,1.95
4383,1.222,0.0,0.0,0.0,0.0,1.95
4384,1.222,0.0,0.0,0.0,0.0,1.95
4385,1.2225,0.5,0.1,0.0,0.0015,1.95
4386,1.2225,0.5,0.1,0.0,0.0015,1.95
4387,1.222,0.0,0.0,0.0,0.0,1.95
4388,1.2225,0.5,0.1,0.0,0.0015,1.95
4389,1.222,0.0,0.0,0.0,0.0,1.95
4390,1.2225,0.5,0.1,0.0,0.0015,1.95
4391,1.2225,0.5,0.1,0.0,0.0015,1.95
4392,1.222,0.0,0.0,0.0,0.0,1.95
4393,1.222,0.0,0.0,0.0,0.0,1.95
4394,1.222,0.0,0.0,0.0,0.0,1.95
4395,1.2225,0.5,0.1,0.0,0.0015,1.95
4396,1.222,0.0,0.0,0.0,0.0,1.95
4397,1.222,0.0,0.0,0.0,0.0,1.95
4398,1.222,0.0,0.0,0.0,0.0,1.95
4399,1.222,0.0,0.0,0.0,0.0,1.95
4400,1.2225,0.5,0.1,0.0,0.0015,1.95
4401,1.2225,0.5,0.1,0.0,0.0015,1.95
4402,1.2225,0.5,0.1,0.0,0.0015,1.95
4403,1.2225,0.5,0.1,0.0,0.0015,1.95
4404,1.2225,0.5,0.1,0.0,0.0015,1.95
4405,1.2225,0.5,0.1,0.0,0.0015,1.95
4406,1.222,0.0,0.0,0.0,0.0,1.95
4407,1.222,0.0,0.0,0.0,0.0,1.95
4408,1.222,0.0,0.0,0.0,0.0,1.95
4409,1.2225,0.5,0.1,0.0,0.0015,1.95
4410,1.222,0.0,0.0,0.0,0.0,1.95
4411,1.222,0.0,0.0,0.0,0.0,1.95
4412,1.222,0.0,0.0,0.0,0.0,1.95
4413,1.222,0.0,0.0,0.0,0.0,1.95
4414,1.222,0.0,0.0,0.0,0.0,1.95
4415,1.2225,0.5,0.1,0.0,0.0015,1.95
4416,1.222,0.0,0.0,0.0,0.0,1.95
4417,1.2225,0.5,0.1,0.0,0.0015,1.95
4418,1.2225,0.5,0.1,0.0,0.0015,1.95
4419,1.2225,0.5,0.1,0.0,0.0015,1.95
4420,1.2225,0.5,0.1,0.0,0.0015,1.95
4421,1.222,0.0,0.0,0.0,0.0,1.95
4422,1.222,0.0,0.0,0.0,0.0,1.95
4423,1.222,0.0,0.0,0.0,0.0,1.95
4424,1.222,0.0,0.0,0.0,0.0,1.95
4425,1.2225,0.5,0.1,0.0,0.0015,1.95
4426,1.222,0.0,0.0,0.0,0.0,1.95
4427,1.2225,0.5,0.1,0.0,0.0015,1.95
4428,1.222,0.0,0.0,0.0,0.0,1.95
4429,1.222,0.0,0.0,0.0,0.0,1.95
4430,1.222,0.0,0.0,0.0,0.0,1.95
4431,1.2225,0.5,0.1,0.0,0.0015,1.95
4432,1.2225,0.5,0.1,0.0,0.0015,1.95
4433,1.2225,0.5,0.1,0.0,0.0015,1.95
4434,1.222,0.0,0.0,0.0,0.0,1.95
4435,1.222,0.0,0.0,0.0,0.0,1.95
4436,1.2225,0.5,0.1,0.0,0.0015,1.95
4437,1.222,0.0,0.0,0.0,0.0,1.95
4438,1.2225,0.5,0.1,0.0,0.0015,1.95
4439,1.2225,0.5,0.1,0.0,0.0015,1.95
4440,1.222,0.0,0.0,0.0,0.0,1.95
4441,1.2225,0.5,0.1,0.0,0.0015,1.95
4442,1.2225,0.5,0.1,0.0,0.0015,1.95
4443,1.2225,0.5,0.1,0.0,0.0015,1.95
4444,1.2225,0.5,0.1,0.0,0.0015,1.95
4445,1.2225,0.5,0.1,0.0,0.0015,1.95
4446,1.222,0.0,0.0,0.0,0.0,1.95
4447,1.222,0.0,0.0,0.0,0.0,1.95
4448,1.222,0.0,0.0,0.0,0.0,1.95
4449,1.2225,0.5,0.1,0.0,0.0015,1.95
4450,1.222,0.0,0.0,0.0,0.0,1.95
4451,1.2225,0.5,0.1,0.0,0.0015,1.95
4452,1.222,0.0,0.0,0.0,0.0,1.95
4453,1.222,0.0,0.0,0.0,0.0,1.95
4454,1.2225,0.5,0.1,0.0,0.0015,1.95
4455,1.2225,0.5,0.1,0.0,0.0015,1.95
4456,1.2225,0.5,0.1,0.0,0.0015,1.95
4457,1.222,0.0,0.0,0.0,0.0,1.95
4458,1.2225,0.5,0.1,0.0,0.0015,1.95
4459,1.222,0.0,0.0,0.0,0.0,1.95
4460,1.222,0.0,0.0,0.0,0.0,1.95
4461,1.2225,0.5,0.1,0.0,0.0015,1.95
4462,1.222,0.0,0.0,0.0,0.0,1.95
4463,1.222,0.0,0.0,0.0,0.0,1.95
4464,1.222,0.0,0.0,0.0,0.0,1.95
4465,1.222,0.0,0.0,0.0,0.0,1.95
4466,1.222,0.0,0.0,0.0,0.0,1.95
4467,1.222,0.0,0.0,0.0,0.0,1.95
4468,1.222,0.0,0.0,0.0,0.0,1.95
4469,1.222,0.0,0.0,0.0,0.0,1.95
4470,1.222,0.0,0.0,0.0,0.0,1.95
4471,1.2225,0.5,0.1,0.0,0.0015,1.95
4472,1.2225,0.5,0.1,0.0,0.0015,1.95
4473,1.2225,0.5,0.1,0.0,0.0015,1.95
4474,1.222,0.0,0.0,0.0,0.0,1.95
4475,1.2225,0.5,0.1,0.0,0.0015,1.95
4476,1.222,0.0,0.0,0.0,0.0,1.95
4477,1.2225,0.5,0.1,0.0,0.0015,1.95
4478,1.2225,0.5,0.1,0.0,0.0015,1.95
4479,1.222,0.0,0.0,0.0,0.0,1.95
4480,1.2225,0.5,0.1,0.0,0.0015,1.95
4481,1.222,0.0,0.0,0.0,0.0,1.95
4482,1.222,0.0,0.0,0.0,0.0,1.95
4483,1.2225,0.5,0.1,0.0,0.0015,1.95
4484,1.222,0.0,0.0,0.0,0.0,1.95
4485,1.2225,0.5,0.1,0.0,0.0015,1.95
4486,1.222,0.0,0.0,0.0,0.0,1.95
4487,1.222,0.0,0.0,0.0,0.0,1.95
4488,1.222,0.0,0.0,0.0,0.0,1.95
4489,1.2225,0.5,0.1,0.0,0.0015,1.95
4490,1.222,0.0,0.0,0.0,0.0,1.95
4491,1.222,0.0,0.0,0.0,0.0,1.95
4492,1.2225,0.5,0.1,0.0,0.0015,1.95
4493,1.2225,0.5,0.1,0.0,0.0015,1.95
4494,1.222,0.0,0.0,0.0,0.0,1.95
4495,1.2225,0.5,0.1,0.0,0.0015,1.95
4496,1.2225,0.5,0.1,0.0,0.0015,1.95
4497,1.222,0.0,0.0,0.0,0.0,1.95
4498,1.222,0.0,0.0,0.0,0.0,1.95
4499,1.2225,0.5,0.1,0.0,0.0015,1.95
4500,1.2225,0.5,0.1,0.0,0.0015,1.95
4501,1.222,0.0,0.0,0.0,0.0,1.95
4502,1.2225,0.5,0.1,0.0,0.0015,1.95
4503,1.2225,0.5,0.1,0.0,0.0015,1.95
4504,1.222,0.0,0.0,0.0,0.0,1.95
4505,1.222,0.0,0.0,0.0,0.0,1.95
4506,1.222,0.0,0.0,0.0,0.0,1.95
4507,1.222,0.0,0.0,0.0,0.0,1.95
4508,1.2225,0.5,0.1,0.0,0.0015,1.95
4509,1.2225,0.5,0.1,0.0,0.0015,1.95
4510,1.2225,0.5,0.1,0.0,0.0015,1.95
4511,1.2225,0.5,0.1,0.0,0.0015,1.95
4512,1.222,0.0,0.0,0.0,0.0,1.95
4513,1.2225,0.5,0.1,0.0,0.0015,1.95
4514,1.222,0.0,0.0,0.0,0.0,1.95
4515,1.2225,0.5,0.1,0.0,0.0015,1.95
4516,1.222,0.0,0.0,0.0,0.0,1.95
4517,1.222,0.0,0.0,0.0,0.0,1.95
4518,1.2225,0.5,0.1,0.0,0.0015,1.95
4519,1.2225,0.5,0.1,0.0,0.0015,1.95
4520,1.222,0.0,0.0,0.0,0.0,1.95
4521,1.222,0.0,0.0,0.0,0.0,1.95
4522,1.222,0.0,0.0,0.0,0.0,1.95
4523,1.222,0.0,0.0,0.0,0.0,1.95
4524,1.2225,0.5,0.1,0.0,0.0015,1.95
4525,1.222,0.0,0.0,0.0,0.0,1.95
4526,1.2225,0.5,0.1,0.0,0.0015,1.95
4527,1.2225,0.5,0.1,0.0,0.0015,1.95
4528,1.222,0.0,0.0,0.0,0.0,1.95
4529,1.222,0.0,0.0,0.0,0.0,1.95
4530,1.2225,0.5,0.1,0.0,0.0015,1.95
4531,1.2225,0.5,0.1,0.0,0.0015,1.95
4532,1.222,0.0,0.0,0.0,0.0,1.95
4533,1.222,0.0,0.0,0.0,0.0,1.95
4534,1.2225,0.5,0.1,0.0,0.0015,1.95
4535,1.2225,0.5,0.1,0.0,0.0015,1.95
4536,1.2225,0.5,0.1,0.0,0.0015,1.95
4537,1.222,0.0,0.0,0.0,0.0,1.95
4538,1.2225,0.5,0.1,0.0,0.0015,1.95
4539,1.222,0.0,0.0,0.0,0.0,1.95
4540,1.2225,0.5,0.1,0.0,0.0015,1.95
4541,1.222,0.0,0.0,0.0,0.0,1.95
4542,1.222,0.0,0.0,0.0,0.0,1.95
4543,1.222,0.0,0.0,0.0,0.0,1.95
4544,1.2225,0.5,0.1,0.0,0.0015,1.95
4545,1.222,0.0,0.0,0.0,0.0,1.95
4546,1.222,0.0,0.0,0.0,0.0,1.95
4547,1.222,0.0,0.0,0.0,0.0,1.95
4548,1.2225,0.5,0.1,0.0,0.0015,1.95
4549,1.2225,0.5,0.1,0.0,0.0015,1.95
4550,1.2225,0.5,0.1,0.0,0.0015,1.95
4551,1.2225,0.5,0.1,0.0,0.0015,1.95
4552,1.2225,0.5,0.1,0.0,0.0015,1.95
4553,1.2225,0.5,0.1,0.0,0.0015,1.95
4554,1.2225,0.5,0.1,0.0,0.0015,1.95
4555,1.222,0.0,0.0,0.0,0.0,1.95
4556,1.2225,0.5,0.1,0.0,0.0015,1.95
4557,1.222,0.0,0.0,0.0,0.0,1.95
4558,1.222,0.0,0.0,0.0,0.0,1.95
4559,1.222,0.0,0.0,0.0,0.0,1.95
4560,1.222,0.0,0.0,0.0,0.0,1.95
4561,1.2225,0.5,0.1,0.0,0.0015,1.95
4562,1.222,0.0,0.0,0.0,0.0,1.95
4563,1.222,0.0,0.0,0.0,0.0,1.95
4564,1.2225,0.5,0.1,0.0,0.0015,1.95
4565,1.2225,0.5,0.1,0.0,0.0015,1.95
4566,1.2225,0.5,0.1,0.0,0.0015,1.95
4567,1.2225,0.5,0.1,0.0,0.0015,1.95
4568,1.2225,0.5,0.1,0.0,0.0015,1.95
4569,1.2225,0.5,0.1,0.0,0.0015,1.95
4570,1.222,0.0,0.0,0.0,0.0,1.95
4571,1.2225,0.5,0.1,0.0,0.0015,1.95
4572,1.2225,0.5,0.1,0.0,0.0015,1.95
4573,1.2225,0.5,0.1,0.0,0.0015,1.95
4574,1.222,0.0,0.0,0.0,0.0,1.95
4575,1.2225,0.5,0.1,0.0,0.0015,1.95
4576,1.222,0.0,0.0,0.0,0.0,1.95
4577,1.2225,0.5,0.1,0.0,0.0015,1.95
4578,1.2225,0.5,0.1,0.0,0.0015,1.95
4579,1.2225,0.5,0.1,0.0,0.0015,1.95
4580,1.2225,0.5,0.1,0.0,0.0015,1.95
4581,1.222,0.0,0.0,0.0,0.0,1.95
4582,1.222,0.0,0.0,0.0,0.0,1.95
4583,1.222,0.0,0.0,0.0,0.0,1.95
4584,1.222,0.0,0.0,0.0,0.0,1.95
4585,1.222,0.0,0.0,0.0,0.0,1.95
4586,1.222,0.0,0.0,0.0,0.0,1.95
4587,1.2225,0.5,0.1,0.0,0.0015,1.95
4588,1.222,0.0,0.0,0.0,0.0,1.95
4589,1.2225,0.5,0.1,0.0,0.0015,1.95
4590,1.222,0.0,0.0,0.0,0.0,1.95
4591,1.2225,0.5,0.1,0.0,0.0015,1.95
4592,1.2225,0.5,0.1,0.0,0.0015,1.95
4593,1.2225,0.5,0.1,0.0,0.0015,1.95
4594,1.222,0.0,0.0,0.0,0.0,1.95
4595,1.222,0.0,0.0,0.0,0.0,1.95
4596,1.222,0.0,0.0,0.0,0.0,1.95
4597,1.2225,0.5,0.1,0.0,0.0015,1.95
4598,1.2225,0.5,0.1,0.0,0.0015,1.95
4599,1.2225,0.5,0.1,0.0,0.0015,1.95
4600,1.222,0.0,0.0,0.0,0.0,1.95
4601,1.2225,0.5,0.1,0.0,0.0015,1.95
4602,1.2225,0.5,0.1,0.0,0.0015,1.95
4603,1.2225,0.5,0.1,0.0,0.0015,1.95
4604,1.2225,0.5,0.1,0.0,0.0015,1.95
4605,1.222,0.0,0.0,0.0,0.0,1.95
4606,1.2225,0.5,0.1,0.0,0.0015,1.95
4607,1.2225,0.5,0.1,0.0,0.0015,1.95
4608,1.222,0.0,0.0,0.0,0.0,1.95
4609,1.222,0.0,0.0,0.0,0.0,1.95
4610,1.222,0.0,0.0,0.0,0.0,1.95
4611,1.2225,0.5,0.1,0.0,0.0015,1.95
4612,1.2225,0.5,0.1,0.0,0.0015,1.95
4613,1.2225,0.5,0.1,0.0,0.0015,1.95
4614,1.2225,0.5,0.1,0.0,0.0015,1.95
4615,1.222,0.0,0.0,0.0,0.0,1.95
4616,1.222,0.0,0.0,0.0,0.0,1.95
4617,1.222,0.0,0.0,0.0,0.0,1.95
4618,1.2225,0.5,0.1,0.0,0.0015,1.95
4619,1.222,0.0,0.0,0.0,0.0,1.95
4620,1.222,0.0,0.0,0.0,0.0,1.95
4621,1.2225,0.5,0.1,0.0,0.0015,1.95
4622,1.2225,0.5,0.1,0.0,0.0015,1.95
4623,1.222,0.0,0.0,0.0,0.0,1.95
4624,1.2225,0.5,0.1,0.0,0.0015,1.95
4625,1.222,0.0,0.0,0.0,0.0,1.95
4626,1.2225,0.5,0.1,0.0,0.0015,1.95
4627,1.222,0.0,0.0,0.0,0.0,1.95
4628,1.2225,0.5,0.1,0.0,0.0015,1.95
4629,1.222,0.0,0.0,0.0,0.0,1.95
4630,1.222,0.0,0.0,0.0,0.0,1.95
4631,1.222,0.0,0.0,0.0,0.0,1.95
4632,1.222,0.0,0.0,0.0,0.0,1.95
4633,1.222,0.0,0.0,0.0,0.0,1.95
4634,1.222,0.0,0.0,0.0,0.0,1.95
4635,1.222,0.0,0.0,0.0,0.0,1.95
4636,1.222,0.0,0.0,0.0,0.0,1.95
4637,1.2225,0.5,0.1,0.0,0.0015,1.95
4638,1.2225,0.5,0.1,0.0,0.0015,1.95
4639,1.2225,0.5,0.1,0.0,0.0015,1.95
4640,1.2225,0.5,0.1,0.0,0.0015,1.95
4641,1.222,0.0,0.0,0.0,0.0,1.95
4642,1.222,0.0,0.0,0.0,0.0,1.95
4643,1.222,0.0,0.0,0.0,0.0,1.95
4644,1.2225,0.5,0.1,0.0,0.0015,1.95
4645,1.2225,0.5,0.1,0.0,0.0015,1.95
4646,1.2225,0.5,0.1,0.0,0.0015,1.95
4647,1.2225,0.5,0.1,0.0,0.0015,1.95
4648,1.2225,0.5,0.1,0.0,0.0015,1.95
4649,1.222,0.0,0.0,0.0,0.0,1.95
4650,1.2225,0.5,0.1,0.0,0.0015,1.95
4651,1.2225,0.5,0.1,0.0,0.0015,1.95
4652,1.2225,0.5,0.1,0.0,0.0015,1.95
4653,1.2225,0.5,0.1,0.0,0.0015,1.95
4654,1.2225,0.5,0.1,0.0,0.0015,1.95
4655,1.222,0.0,0.0,0.0,0.0,1.95
4656,1.222,0.0,0.0,0.0,0.0,1.95
4657,1.222,0.0,0.0,0.0,0.0,1.95
4658,1.222,0.0,0.0,0.0,0.0,1.95
4659,1.2225,0.5,0.1,0.0,0.0015,1.95
4660,1.222,0.0,0.0,0.0,0.0,1.95
4661,1.222,0.0,0.0,0.0,0.0,1.95
4662,1.222,0.0,0.0,0.0,0.0,1.95
4663,1.222,0.0,0.0,0.0,0.0,1.95
4664,1.2225,0.5,0.1,0.0,0.0015,1.95
4665,1.2225,0.5,0.1,0.0,0.0015,1.95
4666,1.222,0.0,0.0,0.0,0.0,1.95
4667,1.222,0.0,0.0,0.0,0.0,1.95
4668,1.222,0.0,0.0,0.0,0.0,1.95
4669,1.222,0.0,0.0,0.0,0.0,1.95
4670,1.2225,0.5,0.1,0.0,0.0015,1.95
4671,1.2225,0.5,0.1,0.0,0.0015,1.95
4672,1.2225,0.5,0.1,0.0,0.0015,1.95
4673,1.2225,0.5,0.1,0.0,0.0015,1.95
4674,1.2225,0.5,0.1,0.0,0.0015,1.95
4675,1.222,0.0,0.0,0.0,0.0,1.95
4676,1.2225,0.5,0.1,0.0,0.0015,1.95
4677,1.2225,0.5,0.1,0.0,0.0015,1.95
4678,1.222,0.0,0.0,0.0,0.0,1.95
4679,1.222,0.0,0.0,0.0,0.0,1.95
4680,1.2225,0.5,0.1,0.0,0.0015,1.95
4681,1.2225,0.5,0.1,0.0,0.0015,1.95
4682,1.222,0.0,0.0,0.0,0.0,1.95
4683,1.2225,0.5,0.1,0.0,0.0015,1.95
4684,1.222,0.0,0.0,0.0,0.0,1.95
4685,1.2225,0.5,0.1,0.0,0.0015,1.95
4686,1.2225,0.5,0.1,0.0,0.0015,1.95
4687,1.222,0.0,0.0,0.0,0.0,1.95
4688,1.2225,0.5,0.1,0.0,0.0015,1.95
4689,1.2225,0.5,0.1,0.0,0.0015,1.95
4690,1.222,0.0,0.0,0.0,0.0,1.95
4691,1.222,0.0,0.0,0.0,0.0,1.95
4692,1.222,0.0,0.0,0.0,0.0,1.95
4693,1.222,0.0,0.0,0.0,0.0,1.95
4694,1.2225,0.5,0.1,0.0,0.0015,1.95
4695,1.222,0.0,0.0,0.0,0.0,1.95
4696,1.222,0.0,0.0,0.0,0.0,1.95
4697,1.2225,0.5,0.1,0.0,0.0015,1.95
4698,1.222,0.0,0.0,0.0,0.0,1.95
4699,1.222,0.0,0.0,0.0,0.0,1.95
4700,1.222,0.0,0.0,0.0,0.0,1.95
4701,1.222,0.0,0.0,0.0,0.0,1.95
4702,1.2225,0.5,0.1,0.0,0.0015,1.95
4703,1.2225,0.5,0.1,0.0,0.0015,1.95
4704,1.2225,0.5,0.1,0.0,0.0015,1.95
4705,1.2225,0.5,0.1,0.0,0.0015,1.95
4706,1.2225,0.5,0.1,0.0,0.0015,1.95
4707,1.2225,0.5,0.1,0.0,0.0015,1.95
4708,1.222,0.0,0.0,0.0,0.0,1.95
4709,1.222,0.0,0.0,0.0,0.0,1.95
4710,1.222,0.0,0.0,0.0,0.0,1.95
4711,1.2225,0.5,0.1,0.0,0.0015,1.95
4712,1.2225,0.5,0.1,0.0,0.0015,1.95
4713,1.222,0.0,0.0,0.0,0.0,1.95
4714,1.2225,0.5,0.1,0.0,0.0015,1.95
4715,1.222,0.0,0.0,0.0,0.0,1.95
4716,1.222,0.0,0.0,0.0,0.0,1.95
4717,1.2225,0.5,0.1,0.0,0.0015,1.95
4718,1.2225,0.5,0.1,0.0,0.0015,1.95
4719,1.222,0.0,0.0,0.0,0.0,1.95
4720,1.222,0.0,0.0,0.0,0.0,1.95
4721,1.2225,0.5,0.1,0.0,0.0015,1.95
4722,1.222,0.0,0.0,0.0,0.0,1.95
4723,1.222,0.0,0.0,0.0,0.0,1.95
4724,1.2225,0.5,0.1,0.0,0.0015,1.95
4725,1.2225,0.5,0.1,0.0,0.0015,1.95
4726,1.222,0.0,0.0,0.0,0.0,1.95
4727,1.2225,0.5,0.1,0.0,0.0015,1.95
4728,1.2225,0.5,0.1,0.0,0.0015,1.95
4729,1.222,0.0,0.0,0.0,0.0,1.95
4730,1.2225,0.5,0.1,0.0,0.0015,1.95
4731,1.2225,0.5,0.1,0.0,0.0015,1.95
4732,1.222,0.0,0.0,0.0,0.0,1.95
4733,1.2225,0.5,0.1,0.0,0.0015,1.95
4734,1.222,0.0,0.0,0.0,0.0,1.95
4735,1.222,0.0,0.0,0.0,0.0,1.95
4736,1.222,0.0,0.0,0.0,0.0,1.95
4737,1.222,0.0,0.0,0.0,0.0,1.95
4738,1.222,0.0,0.0,0.0,0.0,1.95
4739,1.2225,0.5,0.1,0.0,0.0015,1.95
4740,1.222,0.0,0.0,0.0,0.0,1.95
4741,1.222,0.0,0.0,0.0,0.0,1.95
4742,1.2225,0.5,0.1,0.0,0.0015,1.95
4743,1.2225,0.5,0.1,0.0,0.0015,1.95
4744,1.2225,0.5,0.1,0.0,0.0015,1.95
4745,1.2225,0.5,0.1,0.0,0.0015,1.95
4746,1.2225,0.5,0.1,0.0,0.0015,1.95
4747,1.2225,0.5,0.1,0.0,0.0015,1.95
4748,1.222,0.0,0.0,0.0,0.0,1.95
4749,1.2225,0.5,0.1,0.0,0.0015,1.95
4750,1.2225,0.5,0.1,0.0,0.0015,1.95
4751,1.2225,0.5,0.1,0.0,0.0015,1.95
4752,1.2225,0.5,0.1,0.0,0.0015,1.95
4753,1.222,0.0,0.0,0.0,0.0,1.95
4754,1.2225,0.5,0.1,0.0,0.0015,1.95
4755,1.2225,0.5,0.1,0.0,0.0015,1.95
4756,1.2225,0.5,0.1,0.0,0.0015,1.95
4757,1.222,0.0,0.0,0.0,0.0,1.95
4758,1.2225,0.5,0.1,0.0,0.0015,1.95
4759,1.2225,0.5,0.1,0.0,0.0015,1.95
4760,1.222,0.0,0.0,0.0,0.0,1.95
4761,1.2225,0.5,0.1,0.0,0.0015,1.95
4762,1.222,0.0,0.0,0.0,0.0,1.95
4763,1.2225,0.5,0.1,0.0,0.0015,1.95
4764,1.2225,0.5,0.1,0.0,0.0015,1.95
4765,1.2225,0.5,0.1,0.0,0.0015,1.95
4766,1.2225,0.5,0.1,0.0,0.0015,1.95
4767,1.222,0.0,0.0,0.0,0.0,1.95
4768,1.222,0.0,0.0,0.0,0.0,1.95
4769,1.2225,0.5,0.1,0.0,0.0015,1.95
4770,1.2225,0.5,0.1,0.0,0.0015,1.95
4771,1.222,0.0,0.0,0.0,0.0,1.95
4772,1.2225,0.5,0.1,0.0,0.0015,1.95
4773,1.2225,0.5,0.1,0.0,0.0015,1.95
4774,1.2225,0.5,0.1,0.0,0.0015,1.95
4775,1.222,0.0,0.0,0.0,0.0,1.95
4776,1.222,0.0,0.0,0.0,0.0,1.95
4777,1.222,0.0,0.0,0.0,0.0,1.95
4778,1.222,0.0,0.0,0.0,0.0,1.95
4779,1.2225,0.5,0.1,0.0,0.0015,1.95
4780,1.2225,0.5,0.1,0.0,0.0015,1.95
4781,1.222,0.0,0.0,0.0,0.0,1.95
4782,1.222,0.0,0.0,0.0,0.0,1.95
4783,1.222,0.0,0.0,0.0,0.0,1.95
4784,1.222,0.0,0.0,0.0,0.0,1.95
4785,1.222,0.0,0.0,0.0,0.0,1.95
4786,1.222,0.0,0.0,0.0,0.0,1.95
4787,1.2225,0.5,0.1,0.0,0.0015,1.95
4788,1.2225,0.5,0.1,0.0,0.0015,1.95
4789,1.2225,0.5,0.1,0.0,0.0015,1.95
4790,1.2225,0.5,0.1,0.0,0.0015,1.95
4791,1.2225,0.5,0.1,0.0,0.0015,1.95
4792,1.222,0.0,0.0,0.0,0.0,1.95
4793,1.222,0.0,0.0,0.0,0.0,1.95
4794,1.222,0.0,0.0,0.0,0.0,1.95
4795,1.2225,0.5,0.1,0.0,0.0015,1.95
4796,1.2225,0.5,0.1,0.0,0.0015,1.95
4797,1.2225,0.5,0.1,0.0,0.0015,1.95
4798,1.222,0.0,0.0,0.0,0.0,1.95
4799,1.2225,0.5,0.1,0.0,0.0015,1.95
4800,1.2225,0.5,0.1,0.0,0.0015,1.95
4801,1.2225,0.5,0.1,0.0,0.0015,1.95
4802,1.2225,0.5,0.1,0.0,0.0015,1.95
4803,1.222,0.0,0.0,0.0,0.0,1.95
4804,1.222,0.0,0.0,0.0,0.0,1.95
4805,1.222,0.0,0.0,0.0,0.0,1.95
4806,1.2225,0.5,0.1,0.0,0.0015,1.95
4807,1.2225,0.5,0.1,0.0,0.0015,1.95
4808,1.222,0.0,0.0,0.0,0.0,1.95
4809,1.2225,0.5,0.1,0.0,0.0015,1.95
4810,1.222,0.0,0.0,0.0,0.0,1.95
4811,1.2225,0.5,0.1,0.0,0.0015,1.95
4812,1.2225,0.5,0.1,0.0,0.0015,1.95
4813,1.222,0.0,0.0,0.0,0.0,1.95
4814,1.222,0.0,0.0,0.0,0.0,1.95
4815,1.222,0.0,0.0,0.0,0.0,1.95
4816,1.2225,0.5,0.1,0.0,0.0015,1.95
4817,1.2225,0.5,0.1,0.0,0.0015,1.95
4818,1.222,0.0,0.0,0.0,0.0,1.95
4819,1.2225,0.5,0.1,0.0,0.0015,1.95
4820,1.222,0.0,0.0,0.0,0.0,1.95
4821,1.2225,0.5,0.1,0.0,0.0015,1.95
4822,1.2225,0.5,0.1,0.0,0.0015,1.95
4823,1.222,0.0,0.0,0.0,0.0,1.95
4824,1.222,0.0,0.0,0.0,0.0,1.95
4825,1.2225,0.5,0.1,0.0,0.0015,1.95
4826,1.2225,0.5,0.1,0.0,0.0015,1.95
4827,1.2225,0.5,0.1,0.0,0.0015,1.95
4828,1.2225,0.5,0.1,0.0,0.0015,1.95
4829,1.222,0.0,0.0,0.0,0.0,1.95
4830,1.222,0.0,0.0,0.0,0.0,1.95
4831,1.2225,0.5,0.1,0.0,0.0015,1.95
4832,1.2225,0.5,0.1,0.0,0.0015,1.95
4833,1.222,0.0,0.0,0.0,0.0,1.95
4834,1.222,0.0,0.0,0.0,0.0,1.95
4835,1.222,0.0,0.0,0.0,0.0,1.95
4836,1.2225,0.5,0.1,0.0,0.0015,1.95
4837,1.222,0.0,0.0,0.0,0.0,1.95
4838,1.2225,0.5,0.1,0.0,0.0015,1.95
4839,1.2225,0.5,0.1,0.0,0.0015,1.95
4840,1.222,0.0,0.0,0.0,0.0,1.95
4841,1.222,0.0,0.0,0.0,0.0,1.95
4842,1.222,0.0,0.0,0.0,0.0,1.95
4843,1.2225,0.5,0.1,0.0,0.0015,1.95
4844,1.222,0.0,0.0,0.0,0.0,1.95
4845,1.2225,0.5,0.1,0.0,0.0015,1.95
4846,1.2225,0.5,0.1,0.0,0.0015,1.95
4847,1.222,0.0,0.0,0.0,0.0,1.95
4848,1.2225,0.5,0.1,0.0,0.0015,1.95
4849,1.222,0.0,0.0,0.0,0.0,1.95
4850,1.2225,0.5,0.1,0.0,0.0015,1.95
4851,1.2225,0.5,0.1,0.0,0.0015,1.95
4852,1.222,0.0,0.0,0.0,0.0,1.95
4853,1.2225,0.5,0.1,0.0,0.0015,1.95
4854,1.2225,0.5,0.1,0.0,0.0015,1.95
4855,1.2225,0.5,0.1,0.0,0.0015,1.95
4856,1.222,0.0,0.0,0.0,0.0,1.95
4857,1.2225,0.5,0.1,0.0,0.0015,1.95
4858,1.222,0.0,0.0,0.0,0.0,1.95
4859,1.222,0.0,0.0,0.0,0.0,1.95
4860,1.222,0.0,0.0,0.0,0.0,1.95
4861,1.222,0.0,0.0,0.0,0.0,1.95
4862,1.2225,0.5,0.1,0.0,0.0015,1.95
4863,1.222,0.0,0.0,0.0,0.0,1.95
4864,1.222,0.0,0.0,0.0,0.0,1.95
4865,1.222,0.0,0.0,0.0,0.0,1.95
4866,1.2225,0.5,0.1,0.0,0.0015,1.95
4867,1.222,0.0,0.0,0.0,0.0,1.95
4868,1.222,0.0,0.0,0.0,0.0,1.95
4869,1.222,0.0,0.0,0.0,0.0,1.95
4870,1.2225,0.5,0.1,0.0,0.0015,1.95
4871,1.2225,0.5,0.1,0.0,0.0015,1.95
4872,1.2225,0.5,0.1,0.0,0.0015,1.95
4873,1.2225,0.5,0.1,0.0,0.0015,1.95
4874,1.222,0.0,0.0,0.0,0.0,1.95
4875,1.222,0.0,0.0,0.0,0.0,1.95
4876,1.2225,0.5,0.1,0.0,0.0015,1.95
4877,1.222,0.0,0.0,0.0,0.0,1.95
4878,1.2225,0.5,0.1,0.0,0.0015,1.95
4879,1.2225,0.5,0.1,0.0,0.0015,1.95
4880,1.2225,0.5,0.1,0.0,0.0015,1.95
4881,1.2225,0.5,0.1,0.0,0.0015,1.95
4882,1.2225,0.5,0.1,0.0,0.0015,1.95
4883,1.222,0.0,0.0,0.0,0.0,1.95
4884,1.2225,0.5,0.1,0.0,0.0015,1.95
4885,1.2225,0.5,0.1,0.0,0.0015,1.95
4886,1.2225,0.5,0.1,0.0,0.0015,1.95
4887,1.222,0.0,0.0,0.0,0.0,1.95
4888,1.2225,0.5,0.1,0.0,0.0015,1.95
4889,1.2225,0.5,0.1,0.0,0.0015,1.95
4890,1.2225,0.5,0.1,0.0,0.0015,1.95
4891,1.222,0.0,0.0,0.0,0.0,1.95
4892,1.2225,0.5,0.1,0.0,0.0015,1.95
4893,1.2225,0.5,0.1,0.0,0.0015,1.95
4894,1.222,0.0,0.0,0.0,0.0,1.95
4895,1.222,0.0,0.0,0.0,0.0,1.95
4896,1.2225,0.5,0.1,0.0,0.0015,1.95
4897,1.2225,0.5,0.1,0.0,0.0015,1.95
4898,1.222,0.0,0.0,0.0,0.0,1.95
4899,1.2225,0.5,0.1,0.0,0.0015,1.95
4900,1.222,0.0,0.0,0.0,0.0,1.95
4901,1.222,0.0,0.0,0.0,0.0,1.95
4902,1.222,0.0,0.0,0.0,0.0,1.95
4903,1.222,0.0,0.0,0.0,0.0,1.95
4904,1.222,0.0,0.0,0.0,0.0,1.95
4905,1.222,0.0,0.0,0.0,0.0,1.95
4906,1.2225,0.5,0.1,0.0,0.0015,1.95
4907,1.2225,0.5,0.1,0.0,0.0015,1.95
4908,1.222,0.0,0.0,0.0,0.0,1.95
4909,1.222,0.0,0.0,0.0,0.0,1.95
4910,1.222,0.0,0.0,0.0,0.0,1.95
4911,1.222,0.0,0.0,0.0,0.0,1.95
4912,1.222,0.0,0.0,0.0,0.0,1.95
4913,1.2225,0.5,0.1,0.0,0.0015,1.95
4914,1.2225,0.5,0.1,0.0,0.0015,1.95
4915,1.2225,0.5,0.1,0.0,0.0015,1.95
4916,1.2225,0.5,0.1,0.0,0.0015,1.95
4917,1.2225,0.5,0.1,0.0,0.0015,1.95
4918,1.2225,0.5,0.1,0.0,0.0015,1.95
4919,1.222,0.0,0.0,0.0,0.0,1.95
4920,1.222,0.0,0.0,0.0,0.0,1.95
4921,1.2225,0.5,0.1,0.0,0.0015,1.95
4922,1.222,0.0,0.0,0.0,0.0,1.95
4923,1.222,0.0,0.0,0.0,0.0,1.95
4924,1.2225,0.5,0.1,0.0,0.0015,1.95
4925,1.2225,0.5,0.1,0.0,0.0015,1.95
4926,1.2225,0.5,0.1,0.0,0.0015,1.95
4927,1.2225,0.5,0.1,0.0,0.0015,1.95
4928,1.2225,0.5,0.1,0.0,0.0015,1.95
4929,1.2225,0.5,0.1,0.0,0.0015,1.95
4930,1.2225,0.5,0.1,0.0,0.0015,1.95
4931,1.2225,0.5,0.1,0.0,0.0015,1.95
4932,1.222,0.0,0.0,0.0,0.0,1.95
4933,1.222,0.0,0.0,0.0,0.0,1.95
4934,1.2225,0.5,0.1,0.0,0.0015,1.95
4935,1.2225,0.5,0.1,0.0,0.0015,1.95
4936,1.2225,0.5,0.1,0.0,0.0015,1.95
4937,1.222,0.0,0.0,0.0,0.0,1.95
4938,1.2225,0.5,0.1,0.0,0.0015,1.95
4939,1.2225,0.5,0.1,0.0,0.0015,1.95
4940,1.222,0.0,0.0,0.0,0.0,1.95
4941,1.2225,0.5,0.1,0.0,0.0015,1.95
4942,1.2225,0.5,0.1,0.0,0.0015,1.95
4943,1.222,0.0,0.0,0.0,0.0,1.95
4944,1.222,0.0,0.0,0.0,0.0,1.95
4945,1.2225,0.5,0.1,0.0,0.0015,1.95
4946,1.2225,0.5,0.1,0.0,0.0015,1.95
4947,1.222,0.0,0.0,0.0,0.0,1.95
4948,1.222,0.0,0.0,0.0,0.0,1.95
4949,1.2225,0.5,0.1,0.0,0.0015,1.95
4950,1.2225,0.5,0.1,0.0,0.0015,1.95
4951,1.2225,0.5,0.1,0.0,0.0015,1.95
4952,1.222,0.0,0.0,0.0,0.0,1.95
4953,1.222,0.0,0.0,0.0,0.0,1.95
4954,1.222,0.0,0.0,0.0,0.0,1.95
4955,1.2225,0.5,0.1,0.0,0.0015,1.95
4956,1.222,0.0,0.0,0.0,0.0,1.95
4957,1.2225,0.5,0.1,0.0,0.0015,1.95
4958,1.2225,0.5,0.1,0.0,0.0015,1.95
4959,1.2225,0.5,0.1,0.0,0.0015,1.95
4960,1.222,0.0,0.0,0.0,0.0,1.95
4961,1.2225,0.5,0.1,0.0,0.0015,1.95
4962,1.2225,0.5,0.1,0.0,0.0015,1.95
4963,1.222,0.0,0.0,0.0,0.0,1.95
4964,1.2225,0.5,0.1,0.0,0.0015,1.95
4965,1.2225,0.5,0.1,0.0,0.0015,1.95
4966,1.2225,0.5,0.1,0.0,0.0015,1.95
4967,1.2225,0.5,0.1,0.0,0.0015,1.95
4968,1.222,0.0,0.0,0.0,0.0,1.95
4969,1.2225,0.5,0.1,0.0,0.0015,1.95
4970,1.2225,0.5,0.1,0.0,0.0015,1.95
4971,1.222,0.0,0.0,0.0,0.0,1.95
4972,1.2225,0.5,0.1,0.0,0.0015,1.95
4973,1.222,0.0,0.0,0.0,0.0,1.95
4974,1.222,0.0,0.0,0.0,0.0,1.95
4975,1.2225,0.5,0.1,0.0,0.0015,1.95
4976,1.222,0.0,0.0,0.0,0.0,1.95
4977,1.222,0.0,0.0,0.0,0.0,1.95
4978,1.2225,0.5,0.1,0.0,0.0015,1.95
4979,1.2225,0.5,0.1,0.0,0.0015,1.95
4980,1.222,0.0,0.0,0.0,0.0,1.95
4981,1.2225,0.5,0.1,0.0,0.0015,1.95
4982,1.2225,0.5,0.1,0.0,0.0015,1.95
4983,1.2225,0.5,0.1,0.0,0.0015,1.95
4984,1.222,0.0,0.0,0.0,0.0,1.95
4985,1.2225,0.5,0.1,0.0,0.0015,1.95
4986,1.2225,0.5,0.1,0.0,0.0015,1.95
4987,1.222,0.0,0.0,0.0,0.0,1.95
4988,1.2225,0.5,0.1,0.0,0.0015,1.95
4989,1.2225,0.5,0.1,0.0,0.0015,1.95
4990,1.222,0.0,0.0,0.0,0.0,1.95
4991,1.222,0.0,0.0,0.0,0.0,1.95
4992,1.222,0.0,0.0,0.0,0.0,1.95
4993,1.2225,0.5,0.1,0.0,0.0015,1.95
4994,1.222,0.0,0.0,0.0,0.0,1.95
4995,1.222,0.0,0.0,0.0,0.0,1.95
4996,1.222,0.0,0.0,0.0,0.0,1.95
4997,1.222,0.0,0.0,0.0,0.0,1.95
4998,1.2225,0.5,0.1,0.0,0.0015,1.95
4999,1.2225,0.5,0.1,0.0,0.0015,1.95
5000,1.222,0.0,0.0,0.0,0.0,1.95
5001,1.222,0.0,0.0,0.0,0.0,1.95
5002,1.222,0.0,0.0,0.0,0.0,1.95
5003,1.2225,0.5,0.1,0.0,0.0015,1.95
5004,1.2225,0.5,0.1,0.0,0.0015,1.95
5005,1.2225,0.5,0.1,0.0,0.0015,1.95
5006,1.222,0.0,0.0,0.0,0.0,1.95
5007,1.222,0.0,0.0,0.0,0.0,1.95
5008,1.222,0.0,0.0,0.0,0.0,1.95
5009,1.222,0.0,0.0,0.0,0.0,1.95
5010,1.2225,0.5,0.1,0.0,0.0015,1.95
5011,1.222,0.0,0.0,0.0,0.0,1.95
5012,1.222,0.0,0.0,0.0,0.0,1.95
5013,1.2225,0.5,0.1,0.0,0.0015,1.95
5014,1.2225,0.5,0.1,0.0,0.0015,1.95
5015,1.222,0.0,0.0,0.0,0.0,1.95
5016,1.2225,0.5,0.1,0.0,0.0015,1.95
5017,1.222,0.0,0.0,0.0,0.0,1.95
5018,1.2225,0.5,0.1,0.0,0.0015,1.95
5019,1.222,0.0,0.0,0.0,0.0,1.95
5020,1.2225,0.5,0.1,0.0,0.0015,1.95
5021,1.222,0.0,0.0,0.0,0.0,1.95
5022,1.2225,0.5,0.1,0.0,0.0015,1.95
5023,1.222,0.0,0.0,0.0,0.0,1.95
5024,1.222,0.0,0.0,0.0,0.0,1.95
5025,1.222,0.0,0.0,0.0,0.0,1.95
5026,1.222,0.0,0.0,0.0,0.0,1.95
5027,1.222,0.0,0.0,0.0,0.0,1.95
5028,1.2225,0.5,0.1,0.0,0.0015,1.95
5029,1.2225,0.5,0.1,0.0,0.0015,1.95
5030,1.222,0.0,0.0,0.0,0.0,1.95
5031,1.2225,0.5,0.1,0.0,0.0015,1.95
5032,1.2225,0.5,0.1,0.0,0.0015,1.95
5033,1.2225,0.5,0.1,0.0,0.0015,1.95
5034,1.2225,0.5,0.1,0.0,0.0015,1.95
5035,1.222,0.0,0.0,0.0,0.0,1.95
5036,1.2225,0.5,0.1,0.0,0.0015,1.95
5037,1.222,0.0,0.0,0.0,0.0,1.95
5038,1.222,0.0,0.0,0.0,0.0,1.95
5039,1.222,0.0,0.0,0.0,0.0,1.95
5040,1.2225,0.5,0.1,0.0,0.0015,1.95
5041,1.2225,0.5,0.1,0.0,0.0015,1.95
5042,1.222,0.0,0.0,0.0,0.0,1.95
5043,1.222,0.0,0.0,0.0,0.0,1.95
5044,1.2225,0.5,0.1,0.0,0.0015,1.95
5045,1.2225,0.5,0.1,0.0,0.0015,1.95
5046,1.2225,0.5,0.1,0.0,0.0015,1.95
5047,1.222,0.0,0.0,0.0,0.0,1.95
5048,1.2225,0.5,0.1,0.0,0.0015,1.95
5049,1.222,0.0,0.0,0.0,0.0,1.95
5050,1.2225,0.5,0.1,0.0,0.0015,1.95
5051,1.222,0.0,0.0,0.0,0.0,1.95
5052,1.2225,0.5,0.1,0.0,0.0015,1.95
5053,1.2225,0.5,0.1,0.0,0.0015,1.95
5054,1.222,0.0,0.0,0.0,0.0,1.95
5055,1.2225,0.5,0.1,0.0,0.0015,1.95
5056,1.222,0.0,0.0,0.0,0.0,1.95
5057,1.222,0.0,0.0,0.0,0.0,1.95
5058,1.2225,0.5,0.1,0.0,0.0015,1.95
5059,1.2225,0.5,0.1,0.0,0.0015,1.95
5060,1.222,0.0,0.0,0.0,0.0,1.95
5061,1.222,0.0,0.0,0.0,0.0,1.95
5062,1.222,0.0,0.0,0.0,0.0,1.95
5063,1.2225,0.5,0.1,0.0,0.0015,1.95
5064,1.222,0.0,0.0,0.0,0.0,1.95
5065,1.222,0.0,0.0,0.0,0.0,1.95
5066,1.222,0.0,0.0,0.0,0.0,1.95
5067,1.222,0.0,0.0,0.0,0.0,1.95
5068,1.2225,0.5,0.1,0.0,0.0015,1.95
5069,1.2225,0.5,0.1,0.0,0.0015,1.95
5070,1.2225,0.5,0.1,0.0,0.0015,1.95
5071,1.2225,0.5,0.1,0.0,0.0015,1.95
5072,1.2225,0.5,0.1,0.0,0.0015,1.95
5073,1.2225,0.5,0.1,0.0,0.0015,1.95
5074,1.2225,0.5,0.1,0.0,0.0015,1.95
5075,1.222,0.0,0.0,0.0,0.0,1.95
5076,1.2225,0.5,0.1,0.0,0.0015,1.95
5077,1.222,0.0,0.0,0.0,0.0,1.95
5078,1.222,0.0,0.0,0.0,0.0,1.95
5079,1.222,0.0,0.0,0.0,0.0,1.95
5080,1.2225,0.5,0.1,0.0,0.0015,1.95
5081,1.2225,0.5,0.1,0.0,0.0015,1.95
5082,1.222,0.0,0.0,0.0,0.0,1.95
5083,1.2225,0.5,0.1,0.0,0.0015,1.95
5084,1.222,0.0,0.0,0.0,0.0,1.95
5085,1.222,0.0,0.0,0.0,0.0,1.95
5086,1.2225,0.5,0.1,0.0,0.0015,1.95
5087,1.2225,0.5,0.1,0.0,0.0015,1.95
5088,1.222,0.0,0.0,0.0,0.0,1.95
5089,1.222,0.0,0.0,0.0,0.0,1.95
5090,1.2225,0.5,0.1,0.0,0.0015,1.95
5091,1.2225,0.5,0.1,0.0,0.0015,1.95
5092,1.2225,0.5,0.1,0.0,0.0015,1.95
5093,1.222,0.0,0.0,0.0,0.0,1.95
5094,1.222,0.0,0.0,0.0,0.0,1.95
5095,1.2225,0.5,0.1,0.0,0.0015,1.95
5096,1.2225,0.5,0.1,0.0,0.0015,1.95
5097,1.222,0.0,0.0,0.0,0.0,1.95
5098,1.222,0.0,0.0,0.0,0.0,1.95
5099,1.222,0.0,0.0,0.0,0.0,1.95
5100,1.2225,0.5,0.1,0.0,0.0015,1.95
5101,1.2225,0.5,0.1,0.0,0.0015,1.95
5102,1.2225,0.5,0.1,0.0,0.0015,1.95
5103,1.222,0.0,0.0,0.0,0.0,1.95
5104,1.2225,0.5,0.1,0.0,0.0015,1.95
5105,1.2225,0.5,0.1,0.0,0.0015,1.95
5106,1.222,0.0,0.0,0.0,0.0,1.95
5107,1.2225,0.5,0.1,0.0,0.0015,1.95
5108,1.222,0.0,0.0,0.0,0.0,1.95
5109,1.222,0.0,0.0,0.0,0.0,1.95
5110,1.222,0.0,0.0,0.0,0.0,1.95
5111,1.2225,0.5,0.1,0.0,0.0015,1.95
5112,1.222,0.0,0.0,0.0,0.0,1.95
5113,1.222,0.0,0.0,0.0,0.0,1.95
5114,1.222,0.0,0.0,0.0,0.0,1.95
5115,1.222,0.0,0.0,0.0,0.0,1.95
5116,1.222,0.0,0.0,0.0,0.0,1.95
5117,1.222,0.0,0.0,0.0,0.0,1.95
5118,1.2225,0.5,0.1,0.0,0.0015,1.95
5119,1.222,0.0,0.0,0.0,0.0,1.95
5120,1.2225,0.5,0.1,0.0,0.0015,1.95
5121,1.2225,0.5,0.1,0.0,0.0015,1.95
5122,1.222,0.0,0.0,0.0,0.0,1.95
5123,1.222,0.0,0.0,0.0,0.0,1.95
5124,1.222,0.0,0.0,0.0,0.0,1.95
5125,1.2225,0.5,0.1,0.0,0.0015,1.95
5126,1.2225,0.5,0.1,0.0,0.0015,1.95
5127,1.222,0.0,0.0,0.0,0.0,1.95
5128,1.2225,0.5,0.1,0.0,0.0015,1.95
5129,1.2225,0.5,0.1,0.0,0.0015,1.95
5130,1.2225,0.5,0.1,0.0,0.0015,1.95
5131,1.2225,0.5,0.1,0.0,0.0015,1.95
5132,1.222,0.0,0.0,0.0,0.0,1.95
5133,1.222,0.0,0.0,0.0,0.0,1.95
5134,1.222,0.0,0.0,0.0,0.0,1.95
5135,1.222,0.0,0.0,0.0,0.0,1.95
5136,1.2225,0.5,0.1,0.0,0.0015,1.95
5137,1.222,0.0,0.0,0.0,0.0,1.95
5138,1.2225,0.5,0.1,0.0,0.0015,1.95
5139,1.222,0.0,0.0,0.0,0.0,1.95
5140,1.2225,0.5,0.1,0.0,0.0015,1.95
5141,1.2225,0.5,0.1,0.0,0.0015,1.95
5142,1.2225,0.5,0.1,0.0,0.0015,1.95
5143,1.2225,0.5,0.1,0.0,0.0015,1.95
5144,1.222,0.0,0.0,0.0,0.0,1.95
5145,1.2225,0.5,0.1,0.0,0.0015,1.95
5146,1.222,0.0,0.0,0.0,0.0,1.95
5147,1.222,0.0,0.0,0.0,0.0,1.95
5148,1.2225,0.5,0.1,0.0,0.0015,1.95
5149,1.222,0.0,0.0,0.0,0.0,1.95
5150,1.222,0.0,0.0,0.0,0.0,1.95
5151,1.222,0.0,0.0,0.0,0.0,1.95
5152,1.222,0.0,0.0,0.0,0.0,1.95
5153,1.222,0.0,0.0,0.0,0.0,1.95
5154,1.2225,0.5,0.1,0.0,0.0015,1.95
5155,1.2225,0.5,0.1,0.0,0.0015,1.95
5156,1.222,0.0,0.0,0.0,0.0,1.95
5157,1.222,0.0,0.0,0.0,0.0,1.95
5158,1.222,0.0,0.0,0.0,0.0,1.95
5159,1.222,0.0,0.0,0.0,0.0,1.95
5160,1.2225,0.5,0.1,0.0,0.0015,1.95
5161,1.2225,0.5,0.1,0.0,0.0015,1.95
5162,1.222,0.0,0.0,0.0,0.0,1.95
5163,1.222,0.0,0.0,0.0,0.0,1.95
5164,1.2225,0.5,0.1,0.0,0.0015,1.95
5165,1.2225,0.5,0.1,0.0,0.0015,1.95
5166,1.2225,0.5,0.1,0.0,0.0015,1.95
5167,1.222,0.0,0.0,0.0,0.0,1.95
5168,1.2225,0.5,0.1,0.0,0.0015,1.95
5169,1.222,0.0,0.0,0.0,0.0,1.95
5170,1.222,0.0,0.0,0.0,0.0,1.95
5171,1.222,0.0,0.0,0.0,0.0,1.95
5172,1.2225,0.5,0.1,0.0,0.0015,1.95
5173,1.222,0.0,0.0,0.0,0.0,1.95
5174,1.2225,0.5,0.1,0.0,0.0015,1.95
5175,1.222,0.0,0.0,0.0,0.0,1.95
5176,1.222,0.0,0.0,0.0,0.0,1.95
5177,1.222,0.0,0.0,0.0,0.0,1.95
5178,1.222,0.0,0.0,0.0,0.0,1.95
5179,1.2225,0.5,0.1,0.0,0.0015,1.95
5180,1.2225,0.5,0.1,0.0,0.0015,1.95
5181,1.222,0.0,0.0,0.0,0.0,1.95
5182,1.222,0.0,0.0,0.0,0.0,1.95
5183,1.2225,0.5,0.1,0.0,0.0015,1.95
5184,1.222,0.0,0.0,0.0,0.0,1.95
5185,1.222,0.0,0.0,0.0,0.0,1.95
5186,1.222,0.0,0.0,0.0,0.0,1.95
5187,1.222,0.0,0.0,0.0,0.0,1.95
5188,1.2225,0.5,0.1,0.0,0.0015,1.95
5189,1.222,0.0,0.0,0.0,0.0,1.95
5190,1.222,0.0,0.0,0.0,0.0,1.95
5191,1.2225,0.5,0.1,0.0,0.0015,1.95
5192,1.222,0.0,0.0,0.0,0.0,1.95
5193,1.2225,0.5,0.1,0.0,0.0015,1.95
5194,1.2225,0.5,0.1,0.0,0.0015,1.95
5195,1.222,0.0,0.0,0.0,0.0,1.95
5196,1.2225,0.5,0.1,0.0,0.0015,1.95
5197,1.2225,0.5,0.1,0.0,0.0015,1.95
5198,1.2225,0.5,0.1,0.0,0.0015,1.95
5199,1.2225,0.5,0.1,0.0,0.0015,1.95
5200,1.2225,0.5,0.1,0.0,0.0015,1.95
5201,1.2225,0.5,0.1,0.0,0.0015,1.95
5202,1.2225,0.5,0.1,0.0,0.0015,1.95
5203,1.2225,0.5,0.1,0.0,0.0015,1.95
5204,1.2225,0.5,0.1,0.0,0.0015,1.95
5205,1.222,0.0,0.0,0.0,0.0,1.95
5206,1.222,0.0,0.0,0.0,0.0,1.95
5207,1.2225,0.5,0.1,0.0,0.0015,1.95
5208,1.222,0.0,0.0,0.0,0.0,1.95
5209,1.222,0.0,0.0,0.0,0.0,1.95
5210,1.222,0.0,0.0,0.0,0.0,1.95
5211,1.2225,0.5,0.1,0.0,0.0015,1.95
5212,1.222,0.0,0.0,0.0,0.0,1.95
5213,1.222,0.0,0.0,0.0,0.0,1.95
5214,1.222,0.0,0.0,0.0,0.0,1.95
5215,1.2225,0.5,0.1,0.0,0.0015,1.95
5216,1.222,0.0,0.0,0.0,0.0,1.95
5217,1.222,0.0,0.0,0.0,0.0,1.95
5218,1.222,0.0,0.0,0.0,0.0,1.95
5219,1.222,0.0,0.0,0.0,0.0,1.95
5220,1.222,0.0,0.0,0.0,0.0,1.95
5221,1.222,0.0,0.0,0.0,0.0,1.95
5222,1.2225,0.5,0.1,0.0,0.0015,1.95
5223,1.2225,0.5,0.1,0.0,0.0015,1.95
5224,1.2225,0.5,0.1,0.0,0.0015,1.95
5225,1.222,0.0,0.0,0.0,0.0,1.95
5226,1.2225,0.5,0.1,0.0,0.0015,1.95
5227,1.222,0.0,0.0,0.0,0.0,1.95
5228,1.222,0.0,0.0,0.0,0.0,1.95
5229,1.2225,0.5,0.1,0.0,0.0015,1.95
5230,1.2225,0.5,0.1,0.0,0.0015,1.95
5231,1.222,0.0,0.0,0.0,0.0,1.95
5232,1.2225,0.5,0.1,0.0,0.0015,1.95
5233,1.2225,0.5,0.1,0.0,0.0015,1.95
5234,1.2225,0.5,0.1,0.0,0.0015,1.95
5235,1.222,0.0,0.0,0.0,0.0,1.95
5236,1.222,0.0,0.0,0.0,0.0,1.95
5237,1.222,0.0,0.0,0.0,0.0,1.95
5238,1.2225,0.5,0.1,0.0,0.0015,1.95
5239,1.222,0.0,0.0,0.0,0.0,1.95
5240,1.222,0.0,0.0,0.0,0.0,1.95
5241,1.222,0.0,0.0,0.0,0.0,1.95
5242,1.222,0.0,0.0,0.0,0.0,1.95
5243,1.222,0.0,0.0,0.0,0.0,1.95
5244,1.2225,0.5,0.1,0.0,0.0015,1.95
5245,1.222,0.0,0.0,0.0,0.0,1.95
5246,1.222,0.0,0.0,0.0,0.0,1.95
5247,1.222,0.0,0.0,0.0,0.0,1.95
5248,1.222,0.0,0.0,0.0,0.0,1.95
5249,1.2225,0.5,0.1,0.0,0.0015,1.95
5250,1.2225,0.5,0.1,0.0,0.0015,1.95
5251,1.222,0.0,0.0,0.0,0.0,1.95
5252,1.222,0.0,0.0,0.0,0.0,1.95
5253,1.222,0.0,0.0,0.0,0.0,1.95
5254,1.2225,0.5,0.1,0.0,0.0015,1.95
5255,1.222,0.0,0.0,0.0,0.0,1.95
5256,1.2225,0.5,0.1,0.0,0.0015,1.95
5257,1.2225,0.5,0.1,0.0,0.0015,1.95
5258,1.2225,0.5,0.1,0.0,0.0015,1.95
5259,1.2225,0.5,0.1,0.0,0.0015,1.95
5260,1.2225,0.5,0.1,0.0,0.0015,1.95
5261,1.2225,0.5,0.1,0.0,0.0015,1.95
5262,1.2225,0.5,0.1,0.0,0.0015,1.95
5263,1.2225,0.5,0.1,0.0,0.0015,1.95
5264,1.2225,0.5,0.1,0.0,0.0015,1.95
5265,1.2225,0.5,0.1,0.0,0.0015,1.95
5266,1.222,0.0,0.0,0.0,0.0,1.95
5267,1.2225,0.5,0.1,0.0,0.0015,1.95
5268,1.222,0.0,0.0,0.0,0.0,1.95
5269,1.222,0.0,0.0,0.0,0.0,1.95
5270,1.2225,0.5,0.1,0.0,0.0015,1.95
5271,1.222,0.0,0.0,0.0,0.0,1.95
5272,1.222,0.0,0.0,0.0,0.0,1.95
5273,1.2225,0.5,0.1,0.0,0.0015,1.95
5274,1.222,0.0,0.0,0.0,0.0,1.95
5275,1.222,0.0,0.0,0.0,0.0,1.95
5276,1.222,0.0,0.0,0.0,0.0,1.95
5277,1.2225,0.5,0.1,0.0,0.0015,1.95
5278,1.2225,0.5,0.1,0.0,0.0015,1.95
5279,1.222,0.0,0.0,0.0,0.0,1.95
5280,1.222,0.0,0.0,0.0,0.0,1.95
5281,1.222,0.0,0.0,0.0,0.0,1.95
5282,1.2225,0.5,0.1,0.0,0.0015,1.95
5283,1.2225,0.5,0.1,0.0,0.0015,1.95
5284,1.2225,0.5,0.1,0.0,0.0015,1.95
5285,1.2225,0.5,0.1,0.0,0.0015,1.95
5286,1.222,0.0,0.0,0.0,0.0,1.95
5287,1.2225,0.5,0.1,0.0,0.0015,1.95
5288,1.222,0.0,0.0,0.0,0.0,1.95
5289,1.2225,0.5,0.1,0.0,0.0015,1.95
5290,1.222,0.0,0.0,0.0,0.0,1.95
5291,1.2225,0.5,0.1,0.0,0.0015,1.95
5292,1.2225,0.5,0.1,0.0,0.0015,1.95
5293,1.222,0.0,0.0,0.0,0.0,1.95
5294,1.2225,0.5,0.1,0.0,0.0015,1.95
5295,1.2225,0.5,0.1,0.0,0.0015,1.95
5296,1.222,0.0,0.0,0.0,0.0,1.95
5297,1.2225,0.5,0.1,0.0,0.0015,1.95
5298,1.222,0.0,0.0,0.0,0.0,1.95
5299,1.222,0.0,0.0,0.0,0.0,1.95
5300,1.2225,0.5,0.1,0.0,0.0015,1.95
5301,1.222,0.0,0.0,0.0,0.0,1.95
5302,1.2225,0.5,0.1,0.0,0.0015,1.95
5303,1.222,0.0,0.0,0.0,0.0,1.95
5304,1.2225,0.5,0.1,0.0,0.0015,1.95
5305,1.2225,0.5,0.1,0.0,0.0015,1.95
5306,1.2225,0.5,0.1,0.0,0.0015,1.95
5307,1.2225,0.5,0.1,0.0,0.0015,1.95
5308,1.222,0.0,0.0,0.0,0.0,1.95
5309,1.222,0.0,0.0,0.0,0.0,1.95
5310,1.2225,0.5,0.1,0.0,0.0015,1.95
5311,1.222,0.0,0.0,0.0,0.0,1.95
5312,1.2225,0.5,0.1,0.0,0.0015,1.95
5313,1.2225,0.5,0.1,0.0,0.0015,1.95
5314,1.2225,0.5,0.1,0.0,0.0015,1.95
5315,1.2225,0.5,0.1,0.0,0.0015,1.95
5316,1.2225,0.5,0.1,0.0,0.0015,1.95
5317,1.222,0.0,0.0,0.0,0.0,1.95
5318,1.2225,0.5,0.1,0.0,0.0015,1.95
5319,1.222,0.0,0.0,0.0,0.0,1.95
5320,1.222,0.0,0.0,0.0,0.0,1.95
5321,1.2225,0.5,0.1,0.0,0.0015,1.95
5322,1.2225,0.5,0.1,0.0,0.0015,1.95
5323,1.2225,0.5,0.1,0.0,0.0015,1.95
5324,1.2225,0.5,0.1,0.0,0.0015,1.95
5325,1.2225,0.5,0.1,0.0,0.0015,1.95
5326,1.2225,0.5,0.1,0.0,0.0015,1.95
5327,1.2225,0.5,0.1,0.0,0.0015,1.95
5328,1.222,0.0,0.0,0.0,0.0,1.95
5329,1.222,0.0,0.0,0.0,0.0,1.95
5330,1.2225,0.5,0.1,0.0,0.0015,1.95
5331,1.222,0.0,0.0,0.0,0.0,1.95
5332,1.2225,0.5,0.1,0.0,0.0015,1.95
5333,1.2225,0.5,0.1,0.0,0.0015,1.95
5334,1.2225,0.5,0.1,0.0,0.0015,1.95
5335,1.2225,0.5,0.1,0.0,0.0015,1.95
5336,1.2225,0.5,0.1,0.0,0.0015,1.95
5337,1.222,0.0,0.0,0.0,0.0,1.95
5338,1.2225,0.5,0.1,0.0,0.0015,1.95
5339,1.222,0.0,0.0,0.0,0.0,1.95
5340,1.222,0.0,0.0,0.0,0.0,1.95
5341,1.2225,0.5,0.1,0.0,0.0015,1.95
5342,1.222,0.0,0.0,0.0,0.0,1.95
5343,1.2225,0.5,0.1,0.0,0.0015,1.95
5344,1.222,0.0,0.0,0.0,0.0,1.95
5345,1.222,0.0,0.0,0.0,0.0,1.95
5346,1.2225,0.5,0.1,0.0,0.0015,1.95
5347,1.222,0.0,0.0,0.0,0.0,1.95
5348,1.2225,0.5,0.1,0.0,0.0015,1.95
5349,1.222,0.0,0.0,0.0,0.0,1.95
5350,1.2225,0.5,0.1,0.0,0.0015,1.95
5351,1.222,0.0,0.0,0.0,0.0,1.95
5352,1.2225,0.5,0.1,0.0,0.0015,1.95
5353,1.222,0.0,0.0,0.0,0.0,1.95
5354,1.2225,0.5,0.1,0.0,0.0015,1.95
5355,1.2225,0.5,0.1,0.0,0.0015,1.95
5356,1.222,0.0,0.0,0.0,0.0,1.95
5357,1.222,0.0,0.0,0.0,0.0,1.95
5358,1.222,0.0,0.0,0.0,0.0,1.95
5359,1.2225,0.5,0.1,0.0,0.0015,1.95
5360,1.222,0.0,0.0,0.0,0.0,1.95
5361,1.2225,0.5,0.1,0.0,0.0015,1.95
5362,1.222,0.0,0.0,0.0,0.0,1.95
5363,1.2225,0.5,0.1,0.0,0.0015,1.95
5364,1.222,0.0,0.0,0.0,0.0,1.95
5365,1.222,0.0,0.0,0.0,0.0,1.95
5366,1.2225,0.5,0.1,0.0,0.0015,1.95
5367,1.222,0.0,0.0,0.0,0.0,1.95
5368,1.222,0.0,0.0,0.0,0.0,1.95
5369,1.222,0.0,0.0,0.0,0.0,1.95
5370,1.2225,0.5,0.1,0.0,0.0015,1.95
5371,1.2225,0.5,0.1,0.0,0.0015,1.95
5372,1.2225,0.5,0.1,0.0,0.0015,1.95
5373,1.2225,0.5,0.1,0.0,0.0015,1.95
5374,1.222,0.0,0.0,0.0,0.0,1.95
5375,1.222,0.0,0.0,0.0,0.0,1.95
5376,1.222,0.0,0.0,0.0,0.0,1.95
5377,1.222,0.0,0.0,0.0,0.0,1.95
5378,1.222,0.0,0.0,0.0,0.0,1.95
5379,1.2225,0.5,0.1,0.0,0.0015,1.95
5380,1.222,0.0,0.0,0.0,0.0,1.95
5381,1.2225,0.5,0.1,0.0,0.0015,1.95
5382,1.222,0.0,0.0,0.0,0.0,1.95
5383,1.2225,0.5,0.1,0.0,0.0015,1.95
5384,1.2225,0.5,0.1,0.0,0.0015,1.95
5385,1.222,0.0,0.0,0.0,0.0,1.95
5386,1.222,0.0,0.0,0.0,0.0,1.95
5387,1.222,0.0,0.0,0.0,0.0,1.95
5388,1.222,0.0,0.0,0.0,0.0,1.95
5389,1.2225,0.5,0.1,0.0,0.0015,1.95
5390,1.2225,0.5,0.1,0.0,0.0015,1.95
5391,1.2225,0.5,0.1,0.0,0.0015,1.95
5392,1.222,0.0,0.0,0.0,0.0,1.95
5393,1.222,0.0,0.0,0.0,0.0,1.95
5394,1.2225,0.5,0.1,0.0,0.0015,1.95
5395,1.222,0.0,0.0,0.0,0.0,1.95
5396,1.2225,0.5,0.1,0.0,0.0015,1.95
5397,1.2225,0.5,0.1,0.0,0.0015,1.95
5398,1.222,0.0,0.0,0.0,0.0,1.95
5399,1.222,0.0,0.0,0.0,0.0,1.95
5400,1.222,0.0,0.0,0.0,0.0,1.95
5401,1.222,0.0,0.0,0.0,0.0,1.95
5402,1.222,0.0,0.0,0.0,0.0,1.95
5403,1.222,0.0,0.0,0.0,0.0,1.95
5404,1.222,0.0,0.0,0.0,0.0,1.95
5405,1.222,0.0,0.0,0.0,0.0,1.95
5406,1.222,0.0,0.0,0.0,0.0,1.95
5407,1.2225,0.5,0.1,0.0,0.0015,1.95
5408,1.2225,0.5,0.1,0.0,0.0015,1.95
5409,1.2225,0.5,0.1,0.0,0.0015,1.95
5410,1.222,0.0,0.0,0.0,0.0,1.95
5411,1.222,0.0,0.0,0.0,0.0,1.95
5412,1.222,0.0,0.0,0.0,0.0,1.95
5413,1.2225,0.5,0.1,0.0,0.0015,1.95
5414,1.222,0.0,0.0,0.0,0.0,1.95
5415,1.2225,0.5,0.1,0.0,0.0015,1.95
5416,1.2225,0.5,0.1,0.0,0.0015,1.95
5417,1.222,0.0,0.0,0.0,0.0,1.95
5418,1.222,0.0,0.0,0.0,0.0,1.95
5419,1.222,0.0,0.0,0.0,0.0,1.95
5420,1.2225,0.5,0.1,0.0,0.0015,1.95
5421,1.2225,0.5,0.1,0.0,0.0015,1.95
5422,1.2225,0.5,0.1,0.0,0.0015,1.95
5423,1.222,0.0,0.0,0.0,0.0,1.95
5424,1.2225,0.5,0.1,0.0,0.0015,1.95
5425,1.2225,0.5,0.1,0.0,0.0015,1.95
5426,1.222,0.0,0.0,0.0,0.0,1.95
5427,1.2225,0.5,0.1,0.0,0.0015,1.95
5428,1.2225,0.5,0.1,0.0,0.0015,1.95
5429,1.222,0.0,0.0,0.0,0.0,1.95
5430,1.2225,0.5,0.1,0.0,0.0015,1.95
5431,1.222,0.0,0.0,0.0,0.0,1.95
5432,1.2225,0.5,0.1,0.0,0.0015,1.95
5433,1.222,0.0,0.0,0.0,0.0,1.95
5434,1.2225,0.5,0.1,0.0,0.0015,1.95
5435,1.2225,0.5,0.1,0.0,0.0015,1.95
5436,1.222,0.0,0.0,0.0,0.0,1.95
5437,1.222,0.0,0.0,0.0,0.0,1.95
5438,1.222,0.0,0.0,0.0,0.0,1.95
5439,1.222,0.0,0.0,0.0,0.0,1.95
5440,1.222,0.0,0.0,0.0,0.0,1.95
5441,1.222,0.0,0.0,0.0,0.0,1.95
5442,1.2225,0.5,0.1,0.0,0.0015,1.95
5443,1.2225,0.5,0.1,0.0,0.0015,1.95
5444,1.2225,0.5,0.1,0.0,0.0015,1.95
5445,1.222,0.0,0.0,0.0,0.0,1.95
5446,1.2225,0.5,0.1,0.0,0.0015,1.95
5447,1.2225,0.5,0.1,0.0,0.0015,1.95
5448,1.2225,0.5,0.1,0.0,0.0015,1.95
5449,1.2225,0.5,0.1,0.0,0.0015,1.95
5450,1.2225,0.5,0.1,0.0,0.0015,1.95
5451,1.2225,0.5,0.1,0.0,0.0015,1.95
5452,1.222,0.0,0.0,0.0,0.0,1.95
5453,1.222,0.0,0.0,0.0,0.0,1.95
5454,1.2225,0.5,0.1,0.0,0.0015,1.95
5455,1.222,0.0,0.0,0.0,0.0,1.95
5456,1.2225,0.5,0.1,0.0,0.0015,1.95
5457,1.2225,0.5,0.1,0.0,0.0015,1.95
5458,1.2225,0.5,0.1,0.0,0.0015,1.95
5459,1.222,0.0,0.0,0.0,0.0,1.95
5460,1.2225,0.5,0.1,0.0,0.0015,1.95
5461,1.2225,0.5,0.1,0.0,0.0015,1.95
5462,1.2225,0.5,0.1,0.0,0.0015,1.95
5463,1.222,0.0,0.0,0.0,0.0,1.95
5464,1.222,0.0,0.0,0.0,0.0,1.95
5465,1.2225,0.5,0.1,0.0,0.0015,1.95
5466,1.2225,0.5,0.1,0.0,0.0015,1.95
5467,1.2225,0.5,0.1,0.0,0.0015,1.95
5468,1.222,0.0,0.0,0.0,0.0,1.95
5469,1.2225,0.5,0.1,0.0,0.0015,1.95
5470,1.222,0.0,0.0,0.0,0.0,1.95
5471,1.222,0.0,0.0,0.0,0.0,1.95
5472,1.222,0.0,0.0,0.0,0.0,1.95
5473,1.2225,0.5,0.1,0.0,0.0015,1.95
5474,1.2225,0.5,0.1,0.0,0.0015,1.95
5475,1.222,0.0,0.0,0.0,0.0,1.95
5476,1.222,0.0,0.0,0.0,0.0,1.95
5477,1.2225,0.5,0.1,0.0,0.0015,1.95
5478,1.2225,0.5,0.1,0.0,0.0015,1.95
5479,1.222,0.0,0.0,0.0,0.0,1.95
5480,1.2225,0.5,0.1,0.0,0.0015,1.95
5481,1.222,0.0,0.0,0.0,0.0,1.95
5482,1.2225,0.5,0.1,0.0,0.0015,1.95
5483,1.222,0.0,0.0,0.0,0.0,1.95
5484,1.2225,0.5,0.1,0.0,0.0015,1.95
5485,1.222,0.0,0.0,0.0,0.0,1.95
5486,1.222,0.0,0.0,0.0,0.0,1.95
5487,1.2225,0.5,0.1,0.0,0.0015,1.95
5488,1.2225,0.5,0.1,0.0,0.0015,1.95
5489,1.222,0.0,0.0,0.0,0.0,1.95
5490,1.2225,0.5,0.1,0.0,0.0015,1.95
5491,1.222,0.0,0.0,0.0,0.0,1.95
5492,1.2225,0.5,0.1,0.0,0.0015,1.95
5493,1.2225,0.5,0.1,0.0,0.0015,1.95
5494,1.222,0.0,0.0,0.0,0.0,1.95
5495,1.222,0.0,0.0,0.0,0.0,1.95
5496,1.2225,0.5,0.1,0.0,0.0015,1.95
5497,1.222,0.0,0.0,0.0,0.0,1.95
5498,1.2225,0.5,0.1,0.0,0.0015,1.95
5499,1.2225,0.5,0.1,0.0,0.0015,1.95
5500,1.2225,0.5,0.1,0.0,0.0015,1.95
5501,1.2225,0.5,0.1,0.0,0.0015,1.95
5502,1.222,0.0,0.0,0.0,0.0,1.95
5503,1.222,0.0,0.0,0.0,0.0,1.95
5504,1.2225,0.5,0.1,0.0,0.0015,1.95
5505,1.222,0.0,0.0,0.0,0.0,1.95
5506,1.2225,0.5,0.1,0.0,0.0015,1.95
5507,1.2225,0.5,0.1,0.0,0.0015,1.95
5508,1.222,0.0,0.0,0.0,0.0,1.95
5509,1.222,0.0,0.0,0.0,0.0,1.95
5510,1.2225,0.5,0.1,0.0,0.0015,1.95
5511,1.2225,0.5,0.1,0.0,0.0015,1.95
5512,1.2225,0.5,0.1,0.0,0.0015,1.95
5513,1.222,0.0,0.0,0.0,0.0,1.95
5514,1.222,0.0,0.0,0.0,0.0,1.95
5515,1.222,0.0,0.0,0.0,0.0,1.95
5516,1.222,0.0,0.0,0.0,0.0,1.95
5517,1.2225,0.5,0.1,0.0,0.0015,1.95
5518,1.2225,0.5,0.1,0.0,0.0015,1.95
5519,1.222,0.0,0.0,0.0,0.0,1.95
5520,1.2225,0.5,0.1,0.0,0.0015,1.95
5521,1.2225,0.5,0.1,0.0,0.0015,1.95
5522,1.2225,0.5,0.1,0.0,0.0015,1.95
5523,1.2225,0.5,0.1,0.0,0.0015,1.95
5524,1.2225,0.5,0.1,0.0,0.0015,1.95
5525,1.222,0.0,0.0,0.0,0.0,1.95
5526,1.222,0.0,0.0,0.0,0.0,1.95
5527,1.222,0.0,0.0,0.0,0.0,1.95
5528,1.2225,0.5,0.1,0.0,0.0015,1.95
5529,1.2225,0.5,0.1,0.0,0.0015,1.95
5530,1.2225,0.5,0.1,0.0,0.0015,1.95
5531,1.222,0.0,0.0,0.0,0.0,1.95
5532,1.2225,0.5,0.1,0.0,0.0015,1.95
5533,1.222,0.0,0.0,0.0,0.0,1.95
5534,1.2225,0.5,0.1,0.0,0.0015,1.95
5535,1.222,0.0,0.0,0.0,0.0,1.95
5536,1.222,0.0,0.0,0.0,0.0,1.95
5537,1.2225,0.5,0.1,0.0,0.0015,1.95
5538,1.2225,0.5,0.1,0.0,0.0015,1.95
5539,1.2225,0.5,0.1,0.0,0.0015,1.95
5540,1.2225,0.5,0.1,0.0,0.0015,1.95
5541,1.2225,0.5,0.1,0.0,0.0015,1.95
5542,1.222,0.0,0.0,0.0,0.0,1.95
5543,1.2225,0.5,0.1,0.0,0.0015,1.95
5544,1.2225,0.5,0.1,0.0,0.0015,1.95
5545,1.2225,0.5,0.1,0.0,0.0015,1.95
5546,1.222,0.0,0.0,0.0,0.0,1.95
5547,1.222,0.0,0.0,0.0,0.0,1.95
5548,1.222,0.0,0.0,0.0,0.0,1.95
5549,1.222,0.0,0.0,0.0,0.0,1.95
5550,1.222,0.0,0.0,0.0,0.0,1.95
5551,1.2225,0.5,0.1,0.0,0.0015,1.95
5552,1.2225,0.5,0.1,0.0,0.0015,1.95
5553,1.222,0.0,0.0,0.0,0.0,1.95
5554,1.222,0.0,0.0,0.0,0.0,1.95
5555,1.222,0.0,0.0,0.0,0.0,1.95
5556,1.2225,0.5,0.1,0.0,0.0015,1.95
5557,1.2225,0.5,0.1,0.0,0.0015,1.95
5558,1.222,0.0,0.0,0.0,0.0,1.95
5559,1.2225,0.5,0.1,0.0,0.0015,1.95
5560,1.222,0.0,0.0,0.0,0.0,1.95
5561,1.2225,0.5,0.1,0.0,0.0015,1.95
5562,1.2225,0.5,0.1,0.0,0.0015,1.95
5563,1.222,0.0,0.0,0.0,0.0,1.95
5564,1.2225,0.5,0.1,0.0,0.0015,1.95
5565,1.2225,0.5,0.1,0.0,0.0015,1.95
5566,1.2225,0.5,0.1,0.0,0.0015,1.95
5567,1.222,0.0,0.0,0.0,0.0,1.95
5568,1.222,0.0,0.0,0.0,0.0,1.95
5569,1.2225,0.5,0.1,0.0,0.0015,1.95
5570,1.2225,0.5,0.1,0.0,0.0015,1.95
5571,1.2225,0.5,0.1,0.0,0.0015,1.95
5572,1.222,0.0,0.0,0.0,0.0,1.95
5573,1.222,0.0,0.0,0.0,0.0,1.95
5574,1.222,0.0,0.0,0.0,0.0,1.95
5575,1.2225,0.5,0.1,0.0,0.0015,1.95
5576,1.2225,0.5,0.1,0.0,0.0015,1.95
5577,1.2225,0.5,0.1,0.0,0.0015,1.95
5578,1.222,0.0,0.0,0.0,0.0,1.95
5579,1.2225,0.5,0.1,0.0,0.0015,1.95
5580,1.222,0.0,0.0,0.0,0.0,1.95
5581,1.222,0.0,0.0,0.0,0.0,1.95
5582,1.2225,0.5,0.1,0.0,0.0015,1.95
5583,1.222,0.0,0.0,0.0,0.0,1.95
5584,1.222,0.0,0.0,0.0,0.0,1.95
5585,1.2225,0.5,0.1,0.0,0.0015,1.95
5586,1.222,0.0,0.0,0.0,0.0,1.95
5587,1.2225,0.5,0.1,0.0,0.0015,1.95
5588,1.222,0.0,0.0,0.0,0.0,1.95
5589,1.2225,0.5,0.1,0.0,0.0015,1.95
5590,1.222,0.0,0.0,0.0,0.0,1.95
5591,1.222,0.0,0.0,0.0,0.0,1.95
5592,1.222,0.0,0.0,0.0,0.0,1.95
5593,1.222,0.0,0.0,0.0,0.0,1.95
5594,1.2225,0.5,0.1,0.0,0.0015,1.95
5595,1.222,0.0,0.0,0.0,0.0,1.95
5596,1.2225,0.5,0.1,0.0,0.0015,1.95
5597,1.222,0.0,0.0,0.0,0.0,1.95
5598,1.2225,0.5,0.1,0.0,0.0015,1.95
5599,1.2225,0.5,0.1,0.0,0.0015,1.95
5600,1.222,0.0,0.0,0.0,0.0,1.95
5601,1.222,0.0,0.0,0.0,0.0,1.95
5602,1.2225,0.5,0.1,0.0,0.0015,1.95
5603,1.222,0.0,0.0,0.0,0.0,1.95
5604,1.222,0.0,0.0,0.0,0.0,1.95
5605,1.222,0.0,0.0,0.0,0.0,1.95
5606,1.2225,0.5,0.1,0.0,0.0015,1.95
5607,1.222,0.0,0.0,0.0,0.0,1.95
5608,1.222,0.0,0.0,0.0,0.0,1.95
5609,1.2225,0.5,0.1,0.0,0.0015,1.95
5610,1.222,0.0,0.0,0.0,0.0,1.95
5611,1.2225,0.5,0.1,0.0,0.0015,1.95
5612,1.2225,0.5,0.1,0.0,0.0015,1.95
5613,1.222,0.0,0.0,0.0,0.0,1.95
5614,1.222,0.0,0.0,0.0,0.0,1.95
5615,1.2225,0.5,0.1,0.0,0.0015,1.95
5616,1.222,0.0,0.0,0.0,0.0,1.95
5617,1.2225,0.5,0.1,0.0,0.0015,1.95
5618,1.2225,0.5,0.1,0.0,0.0015,1.95
5619,1.222,0.0,0.0,0.0,0.0,1.95
5620,1.222,0.0,0.0,0.0,0.0,1.95
5621,1.2225,0.5,0.1,0.0,0.0015,1.95
5622,1.222,0.0,0.0,0.0,0.0,1.95
5623,1.222,0.0,0.0,0.0,0.0,1.95
5624,1.222,0.0,0.0,0.0,0.0,1.95
5625,1.222,0.0,0.0,0.0,0.0,1.95
5626,1.222,0.0,0.0,0.0,0.0,1.95
5627,1.2225,0.5,0.1,0.0,0.0015,1.95
5628,1.2225,0.5,0.1,0.0,0.0015,1.95
5629,1.222,0.0,0.0,0.0,0.0,1.95
5630,1.2225,0.5,0.1,0.0,0.0015,1.95
5631,1.2225,0.5,0.1,0.0,0.0015,1.95
5632,1.222,0.0,0.0,0.0,0.0,1.95
5633,1.222,0.0,0.0,0.0,0.0,1.95
5634,1.2225,0.5,0.1,0.0,0.0015,1.95
5635,1.2225,0.5,0.1,0.0,0.0015,1.95
5636,1.2225,0.5,0.1,0.0,0.0015,1.95
5637,1.2225,0.5,0.1,0.0,0.0015,1.95
5638,1.2225,0.5,0.1,0.0,0.0015,1.95
5639,1.222,0.0,0.0,0.0,0.0,1.95
5640,1.222,0.0,0.0,0.0,0.0,1.95
5641,1.222,0.0,0.0,0.0,0.0,1.95
5642,1.2225,0.5,0.1,0.0,0.0015,1.95
5643,1.2225,0.5,0.1,0.0,0.0015,1.95
5644,1.2225,0.5,0.1,0.0,0.0015,1.95
5645,1.222,0.0,0.0,0.0,0.0,1.95
5646,1.2225,0.5,0.1,0.0,0.0015,1.95
5647,1.2225,0.5,0.1,0.0,0.0015,1.95
5648,1.222,0.0,0.0,0.0,0.0,1.95
5649,1.2225,0.5,0.1,0.0,0.0015,1.95
5650,1.2225,0.5,0.1,0.0,0.0015,1.95
5651,1.222,0.0,0.0,0.0,0.0,1.95
5652,1.2225,0.5,0.1,0.0,0.0015,1.95
5653,1.2225,0.5,0.1,0.0,0.0015,1.95
5654,1.222,0.0,0.0,0.0,0.0,1.95
5655,1.2225,0.5,0.1,0.0,0.0015,1.95
5656,1.222,0.0,0.0,0.0,0.0,1.95
5657,1.222,0.0,0.0,0.0,0.0,1.95
5658,1.2225,0.5,0.1,0.0,0.0015,1.95
5659,1.2225,0.5,0.1,0.0,0.0015,1.95
5660,1.2225,0.5,0.1,0.0,0.0015,1.95
5661,1.2225,0.5,0.1,0.0,0.0015,1.95
5662,1.2225,0.5,0.1,0.0,0.0015,1.95
5663,1.222,0.0,0.0,0.0,0.0,1.95
5664,1.222,0.0,0.0,0.0,0.0,1.95
5665,1.2225,0.5,0.1,0.0,0.0015,1.95
5666,1.2225,0.5,0.1,0.0,0.0015,1.95
5667,1.222,0.0,0.0,0.0,0.0,1.95
5668,1.2225,0.5,0.1,0.0,0.0015,1.95
5669,1.2225,0.5,0.1,0.0,0.0015,1.95
5670,1.2225,0.5,0.1,0.0,0.0015,1.95
5671,1.2225,0.5,0.1,0.0,0.0015,1.95
5672,1.222,0.0,0.0,0.0,0.0,1.95
5673,1.222,0.0,0.0,0.0,0.0,1.95
5674,1.2225,0.5,0.1,0.0,0.0015,1.95
5675,1.2225,0.5,0.1,0.0,0.0015,1.95
5676,1.222,0.0,0.0,0.0,0.0,1.95
5677,1.222,0.0,0.0,0.0,0.0,1.95
5678,1.2225,0.5,0.1,0.0,0.0015,1.95
5679,1.2225,0.5,0.1,0.0,0.0015,1.95
5680,1.2225,0.5,0.1,0.0,0.0015,1.95
5681,1.222,0.0,0.0,0.0,0.0,1.95
5682,1.222,0.0,0.0,0.0,0.0,1.95
5683,1.2225,0.5,0.1,0.0,0.0015,1.95
5684,1.222,0.0,0.0,0.0,0.0,1.95
5685,1.222,0.0,0.0,0.0,0.0,1.95
5686,1.222,0.0,0.0,0.0,0.0,1.95
5687,1.2225,0.5,0.1,0.0,0.0015,1.95
5688,1.222,0.0,0.0,0.0,0.0,1.95
5689,1.222,0.0,0.0,0.0,0.0,1.95
5690,1.222,0.0,0.0,0.0,0.0,1.95
5691,1.222,0.0,0.0,0.0,0.0,1.95
5692,1.2225,0.5,0.1,0.0,0.0015,1.95
5693,1.2225,0.5,0.1,0.0,0.0015,1.95
5694,1.2225,0.5,0.1,0.0,0.0015,1.95
5695,1.2225,0.5,0.1,0.0,0.0015,1.95
5696,1.222,0.0,0.0,0.0,0.0,1.95
5697,1.2225,0.5,0.1,0.0,0.0015,1.95
5698,1.222,0.0,0.0,0.0,0.0,1.95
5699,1.222,0.0,0.0,0.0,0.0,1.95
5700,1.222,0.0,0.0,0.0,0.0,1.95
5701,1.2225,0.5,0.1,0.0,0.0015,1.95
5702,1.222,0.0,0.0,0.0,0.0,1.95
5703,1.2225,0.5,0.1,0.0,0.0015,1.95
5704,1.2225,0.5,0.1,0.0,0.0015,1.95
5705,1.222,0.0,0.0,0.0,0.0,1.95
5706,1.222,0.0,0.0,0.0,0.0,1.95
5707,1.222,0.0,0.0,0.0,0.0,1.95
5708,1.2225,0.5,0.1,0.0,0.0015,1.95
5709,1.2225,0.5,0.1,0.0,0.0015,1.95
5710,1.222,0.0,0.0,0.0,0.0,1.95
5711,1.2225,0.5,0.1,0.0,0.0015,1.95
5712,1.222,0.0,0.0,0.0,0.0,1.95
5713,1.2225,0.5,0.1,0.0,0.0015,1.95
5714,1.2225,0.5,0.1,0.0,0.0015,1.95
5715,1.222,0.0,0.0,0.0,0.0,1.95
5716,1.2225,0.5,0.1,0.0,0.0015,1.95
5717,1.222,0.0,0.0,0.0,0.0,1.95
5718,1.2225,0.5,0.1,0.0,0.0015,1.95
5719,1.222,0.0,0.0,0.0,0.0,1.95
5720,1.2225,0.5,0.1,0.0,0.0015,1.95
5721,1.2225,0.5,0.1,0.0,0.0015,1.95
5722,1.222,0.0,0.0,0.0,0.0,1.95
5723,1.2225,0.5,0.1,0.0,0.0015,1.95
5724,1.2225,0.5,0.1,0.0,0.0015,1.95
5725,1.222,0.0,0.0,0.0,0.0,1.95
5726,1.222,0.0,0.0,0.0,0.0,1.95
5727,1.222,0.0,0.0,0.0,0.0,1.95
5728,1.2225,0.5,0.1,0.0,0.0015,1.95
5729,1.2225,0.5,0.1,0.0,0.0015,1.95
5730,1.2225,0.5,0.1,0.0,0.0015,1.95
5731,1.2225,0.5,0.1,0.0,0.0015,1.95
5732,1.222,0.0,0.0,0.0,0.0,1.95
5733,1.222,0.0,0.0,0.0,0.0,1.95
5734,1.222,0.0,0.0,0.0,0.0,1.95
5735,1.222,0.0,0.0,0.0,0.0,1.95
5736,1.2225,0.5,0.1,0.0,0.0015,1.95
5737,1.222,0.0,0.0,0.0,0.0,1.95
5738,1.2225,0.5,0.1,0.0,0.0015,1.95
5739,1.2225,0.5,0.1,0.0,0.0015,1.95
5740,1.222,0.0,0.0,0.0,0.0,1.95
5741,1.2225,0.5,0.1,0.0,0.0015,1.95
5742,1.222,0.0,0.0,0.0,0.0,1.95
5743,1.2225,0.5,0.1,0.0,0.0015,1.95
5744,1.222,0.0,0.0,0.0,0.0,1.95
5745,1.222,0.0,0.0,0.0,0.0,1.95
5746,1.2225,0.5,0.1,0.0,0.0015,1.95
5747,1.222,0.0,0.0,0.0,0.0,1.95
5748,1.222,0.0,0.0,0.0,0.0,1.95
5749,1.2225,0.5,0.1,0.0,0.0015,1.95
5750,1.222,0.0,0.0,0.0,0.0,1.95
5751,1.222,0.0,0.0,0.0,0.0,1.95
5752,1.2225,0.5,0.1,0.0,0.0015,1.95
5753,1.222,0.0,0.0,0.0,0.0,1.95
5754,1.222,0.0,0.0,0.0,0.0,1.95
5755,1.2225,0.5,0.1,0.0,0.0015,1.95
5756,1.2225,0.5,0.1,0.0,0.0015,1.95
5757,1.222,0.0,0.0,0.0,0.0,1.95
5758,1.222,0.0,0.0,0.0,0.0,1.95
5759,1.222,0.0,0.0,0.0,0.0,1.95
5760,1.222,0.0,0.0,0.0,0.0,1.95
5761,1.222,0.0,0.0,0.0,0.0,1.95
5762,1.2225,0.5,0.1,0.0,0.0015,1.95
5763,1.222,0.0,0.0,0.0,0.0,1.95
5764,1.222,0.0,0.0,0.0,0.0,1.95
5765,1.2225,0.5,0.1,0.0,0.0015,1.95
5766,1.222,0.0,0.0,0.0,0.0,1.95
5767,1.2225,0.5,0.1,0.0,0.0015,1.95
5768,1.2225,0.5,0.1,0.0,0.0015,1.95
5769,1.222,0.0,0.0,0.0,0.0,1.95
5770,1.222,0.0,0.0,0.0,0.0,1.95
5771,1.2225,0.5,0.1,0.0,0.0015,1.95
5772,1.2225,0.5,0.1,0.0,0.0015,1.95
5773,1.222,0.0,0.0,0.0,0.0,1.95
5774,1.222,0.0,0.0,0.0,0.0,1.95
5775,1.2225,0.5,0.1,0.0,0.0015,1.95
5776,1.2225,0.5,0.1,0.0,0.0015,1.95
5777,1.222,0.0,0.0,0.0,0.0,1.95
5778,1.2225,0.5,0.1,0.0,0.0015,1.95
5779,1.222,0.0,0.0,0.0,0.0,1.95
5780,1.2225,0.5,0.1,0.0,0.0015,1.95
5781,1.222,0.0,0.0,0.0,0.0,1.95
5782,1.2225,0.5,0.1,0.0,0.0015,1.95
5783,1.222,0.0,0.0,0.0,0.0,1.95
5784,1.2225,0.5,0.1,0.0,0.0015,1.95
5785,1.222,0.0,0.0,0.0,0.0,1.95
5786,1.222,0.0,0.0,0.0,0.0,1.95
5787,1.222,0.0,0.0,0.0,0.0,1.95
5788,1.222,0.0,0.0,0.0,0.0,1.95
5789,1.2225,0.5,0.1,0.0,0.0015,1.95
5790,1.2225,0.5,0.1,0.0,0.0015,1.95
5791,1.222,0.0,0.0,0.0,0.0,1.95
5792,1.222,0.0,0.0,0.0,0.0,1.95
5793,1.222,0.0,0.0,0.0,0.0,1.95
5794,1.2225,0.5,0.1,0.0,0.0015,1.95
5795,1.2225,0.5,0.1,0.0,0.0015,1.95
5796,1.222,0.0,0.0,0.0,0.0,1.95
5797,1.222,0.0,0.0,0.0,0.0,1.95
5798,1.2225,0.5,0.1,0.0,0.0015,1.95
5799,1.2225,0.5,0.1,0.0,0.0015,1.95
5800,1.222,0.0,0.0,0.0,0.0,1.95
5801,1.2225,0.5,0.1,0.0,0.0015,1.95
5802,1.2225,0.5,0.1,0.0,0.0015,1.95
5803,1.2225,0.5,0.1,0.0,0.0015,1.95
5804,1.222,0.0,0.0,0.0,0.0,1.95
5805,1.2225,0.5,0.1,0.0,0.0015,1.95
5806,1.2225,0.5,0.1,0.0,0.0015,1.95
5807,1.2225,0.5,0.1,0.0,0.0015,1.95
5808,1.222,0.0,0.0,0.0,0.0,1.95
5809,1.2225,0.5,0.1,0.0,0.0015,1.95
5810,1.2225,0.5,0.1,0.0,0.0015,1.95
5811,1.2225,0.5,0.1,0.0,0.0015,1.95
5812,1.222,0.0,0.0,0.0,0.0,1.95
5813,1.2225,0.5,0.1,0.0,0.0015,1.95
5814,1.2225,0.5,0.1,0.0,0.0015,1.95
5815,1.2225,0.5,0.1,0.0,0.0015,1.95
5816,1.222,0.0,0.0,0.0,0.0,1.95
5817,1.222,0.0,0.0,0.0,0.0,1.95
5818,1.2225,0.5,0.1,0.0,0.0015,1.95
5819,1.222,0.0,0.0,0.0,0.0,1.95
5820,1.2225,0.5,0.1,0.0,0.0015,1.95
5821,1.2225,0.5,0.1,0.0,0.0015,1.95
5822,1.222,0.0,0.0,0.0,0.0,1.95
5823,1.2225,0.5,0.1,0.0,0.0015,1.95
5824,1.2225,0.5,0.1,0.0,0.0015,1.95
5825,1.2225,0.5,0.1,0.0,0.0015,1.95
5826,1.222,0.0,0.0,0.0,0.0,1.95
5827,1.222,0.0,0.0,0.0,0.0,1.95
5828,1.222,0.0,0.0,0.0,0.0,1.95
5829,1.2225,0.5,0.1,0.0,0.0015,1.95
5830,1.2225,0.5,0.1,0.0,0.0015,1.95
5831,1.222,0.0,0.0,0.0,0.0,1.95
5832,1.2225,0.5,0.1,0.0,0.0015,1.95
5833,1.2225,0.5,0.1,0.0,0.0015,1.95
5834,1.2225,0.5,0.1,0.0,0.0015,1.95
5835,1.2225,0.5,0.1,0.0,0.0015,1.95
5836,1.2225,0.5,0.1,0.0,0.0015,1.95
5837,1.2225,0.5,0.1,0.0,0.0015,1.95
5838,1.2225,0.5,0.1,0.0,0.0015,1.95
5839,1.222,0.0,0.0,0.0,0.0,1.95
5840,1.222,0.0,0.0,0.0,0.0,1.95
5841,1.2225,0.5,0.1,0.0,0.0015,1.95
5842,1.2225,0.5,0.1,0.0,0.0015,1.95
5843,1.2225,0.5,0.1,0.0,0.0015,1.95
5844,1.2225,0.5,0.1,0.0,0.0015,1.95
5845,1.2225,0.5,0.1,0.0,0.0015,1.95
5846,1.222,0.0,0.0,0.0,0.0,1.95
5847,1.222,0.0,0.0,0.0,0.0,1.95
5848,1.2225,0.5,0.1,0.0,0.0015,1.95
5849,1.222,0.0,0.0,0.0,0.0,1.95
5850,1.222,0.0,0.0,0.0,0.0,1.95
5851,1.2225,0.5,0.1,0.0,0.0015,1.95
5852,1.2225,0.5,0.1,0.0,0.0015,1.95
5853,1.222,0.0,0.0,0.0,0.0,1.95
5854,1.2225,0.5,0.1,0.0,0.0015,1.95
5855,1.222,0.0,0.0,0.0,0.0,1.95
5856,1.2225,0.5,0.1,0.0,0.0015,1.95
5857,1.2225,0.5,0.1,0.0,0.0015,1.95
5858,1.222,0.0,0.0,0.0,0.0,1.95
5859,1.222,0.0,0.0,0.0,0.0,1.95
5860,1.222,0.0,0.0,0.0,0.0,1.95
5861,1.2225,0.5,0.1,0.0,0.0015,1.95
5862,1.222,0.0,0.0,0.0,0.0,1.95
5863,1.2225,0.5,0.1,0.0,0.0015,1.95
5864,1.2225,0.5,0.1,0.0,0.0015,1.95
5865,1.222,0.0,0.0,0.0,0.0,1.95
5866,1.2225,0.5,0.1,0.0,0.0015,1.95
5867,1.222,0.0,0.0,0.0,0.0,1.95
5868,1.222,0.0,0.0,0.0,0.0,1.95
5869,1.222,0.0,0.0,0.0,0.0,1.95
5870,1.2225,0.5,0.1,0.0,0.0015,1.95
5871,1.2225,0.5,0.1,0.0,0.0015,1.95
5872,1.2225,0.5,0.1,0.0,0.0015,1.95
5873,1.222,0.0,0.0,0.0,0.0,1.95
5874,1.2225,0.5,0.1,0.0,0.0015,1.95
5875,1.222,0.0,0.0,0.0,0.0,1.95
5876,1.2225,0.5,0.1,0.0,0.0015,1.95
5877,1.2225,0.5,0.1,0.0,0.0015,1.95
5878,1.2225,0.5,0.1,0.0,0.0015,1.95
5879,1.2225,0.5,0.1,0.0,0.0015,1.95
5880,1.222,0.0,0.0,0.0,0.0,1.95
5881,1.2225,0.5,0.1,0.0,0.0015,1.95
5882,1.2225,0.5,0.1,0.0,0.0015,1.95
5883,1.222,0.0,0.0,0.0,0.0,1.95
5884,1.2225,0.5,0.1,0.0,0.0015,1.95
5885,1.2225,0.5,0.1,0.0,0.0015,1.95
5886,1.222,0.0,0.0,0.0,0.0,1.95
5887,1.2225,0.5,0.1,0.0,0.0015,1.95
5888,1.222,0.0,0.0,0.0,0.0,1.95
5889,1.2225,0.5,0.1,0.0,0.0015,1.95
5890,1.2225,0.5,0.1,0.0,0.0015,1.95
5891,1.222,0.0,0.0,0.0,0.0,1.95
5892,1.222,0.0,0.0,0.0,0.0,1.95
5893,1.2225,0.5,0.1,0.0,0.0015,1.95
5894,1.2225,0.5,0.1,0.0,0.0015,1.95
5895,1.222,0.0,0.0,0.0,0.0,1.95
5896,1.222,0.0,0.0,0.0,0.0,1.95
5897,1.2225,0.5,0.1,0.0,0.0015,1.95
5898,1.2225,0.5,0.1,0.0,0.0015,1.95
5899,1.222,0.0,0.0,0.0,0.0,1.95
5900,1.222,0.0,0.0,0.0,0.0,1.95
5901,1.222,0.0,0.0,0.0,0.0,1.95
5902,1.222,0.0,0.0,0.0,0.0,1.95
5903,1.2225,0.5,0.1,0.0,0.0015,1.95
5904,1.222,0.0,0.0,0.0,0.0,1.95
5905,1.2225,0.5,0.1,0.0,0.0015,1.95
5906,1.2225,0.5,0.1,0.0,0.0015,1.95
5907,1.2225,0.5,0.1,0.0,0.0015,1.95
5908,1.222,0.0,0.0,0.0,0.0,1.95
5909,1.2225,0.5,0.1,0.0,0.0015,1.95
5910,1.2225,0.5,0.1,0.0,0.0015,1.95
5911,1.2225,0.5,0.1,0.0,0.0015,1.95
5912,1.2225,0.5,0.1,0.0,0.0015,1.95
5913,1.222,0.0,0.0,0.0,0.0,1.95
5914,1.2225,0.5,0.1,0.0,0.0015,1.95
5915,1.2225,0.5,0.1,0.0,0.0015,1.95
5916,1.222,0.0,0.0,0.0,0.0,1.95
5917,1.2225,0.5,0.1,0.0,0.0015,1.95
5918,1.222,0.0,0.0,0.0,0.0,1.95
5919,1.222,0.0,0.0,0.0,0.0,1.95
5920,1.222,0.0,0.0,0.0,0.0,1.95
5921,1.222,0.0,0.0,0.0,0.0,1.95
5922,1.2225,0.5,0.1,0.0,0.0015,1.95
5923,1.2225,0.5,0.1,0.0,0.0015,1.95
5924,1.222,0.0,0.0,0.0,0.0,1.95
5925,1.2225,0.5,0.1,0.0,0.0015,1.95
5926,1.2225,0.5,0.1,0.0,0.0015,1.95
5927,1.222,0.0,0.0,0.0,0.0,1.95
5928,1.222,0.0,0.0,0.0,0.0,1.95
5929,1.2225,0.5,0.1,0.0,0.0015,1.95
5930,1.2225,0.5,0.1,0.0,0.0015,1.95
5931,1.222,0.0,0.0,0.0,0.0,1.95
5932,1.222,0.0,0.0,0.0,0.0,1.95
5933,1.222,0.0,0.0,0.0,0.0,1.95
5934,1.2225,0.5,0.1,0.0,0.0015,1.95
5935,1.222,0.0,0.0,0.0,0.0,1.95
5936,1.2225,0.5,0.1,0.0,0.0015,1.95
5937,1.222,0.0,0.0,0.0,0.0,1.95
5938,1.222,0.0,0.0,0.0,0.0,1.95
5939,1.222,0.0,0.0,0.0,0.0,1.95
5940,1.222,0.0,0.0,0.0,0.0,1.95
5941,1.2225,0.5,0.1,0.0,0.0015,1.95
5942,1.2225,0.5,0.1,0.0,0.0015,1.95
5943,1.222,0.0,0.0,0.0,0.0,1.95
5944,1.222,0.0,0.0,0.0,0.0,1.95
5945,1.222,0.0,0.0,0.0,0.0,1.95
5946,1.222,0.0,0.0,0.0,0.0,1.95
5947,1.2225,0.5,0.1,0.0,0.0015,1.95
5948,1.2225,0.5,0.1,0.0,0.0015,1.95
5949,1.222,0.0,0.0,0.0,0.0,1.95
5950,1.2225,0.5,0.1,0.0,0.0015,1.95
5951,1.222,0.0,0.0,0.0,0.0,1.95
5952,1.2225,0.5,0.1,0.0,0.0015,1.95
5953,1.222,0.0,0.0,0.0,0.0,1.95
5954,1.2225,0.5,0.1,0.0,0.0015,1.95
5955,1.222,0.0,0.0,0.0,0.0,1.95
5956,1.222,0.0,0.0,0.0,0.0,1.95
5957,1.222,0.0,0.0,0.0,0.0,1.95
5958,1.222,0.0,0.0,0.0,0.0,1.95
5959,1.222,0.0,0.0,0.0,0.0,1.95
5960,1.222,0.0,0.0,0.0,0.0,1.95
5961,1.2225,0.5,0.1,0.0,0.0015,1.95
5962,1.2225,0.5,0.1,0.0,0.0015,1.95
5963,1.2225,0.5,0.1,0.0,0.0015,1.95
5964,1.2225,0.5,0.1,0.0,0.0015,1.95
5965,1.222,0.0,0.0,0.0,0.0,1.95
5966,1.222,0.0,0.0,0.0,0.0,1.95
5967,1.222,0.0,0.0,0.0,0.0,1.95
5968,1.2225,0.5,0.1,0.0,0.0015,1.95
5969,1.222,0.0,0.0,0.0,0.0,1.95
5970,1.2225,0.5,0.1,0.0,0.0015,1.95
5971,1.2225,0.5,0.1,0.0,0.0015,1.95
5972,1.222,0.0,0.0,0.0,0.0,1.95
5973,1.2225,0.5,0.1,0.0,0.0015,1.95
5974,1.2225,0.5,0.1,0.0,0.0015,1.95
5975,1.222,0.0,0.0,0.0,0.0,1.95
5976,1.2225,0.5,0.1,0.0,0.0015,1.95
5977,1.222,0.0,0.0,0.0,0.0,1.95
5978,1.2225,0.5,0.1,0.0,0.0015,1.95
5979,1.222,0.0,0.0,0.0,0.0,1.95
5980,1.222,0.0,0.0,0.0,0.0,1.95
5981,1.2225,0.5,0.1,0.0,0.0015,1.95
5982,1.2225,0.5,0.1,0.0,0.0015,1.95
5983,1.222,0.0,0.0,0.0,0.0,1.95
5984,1.222,0.0,0.0,0.0,0.0,1.95
5985,1.2225,0.5,0.1,0.0,0.0015,1.95
5986,1.222,0.0,0.0,0.0,0.0,1.95
5987,1.2225,0.5,0.1,0.0,0.0015,1.95
5988,1.2225,0.5,0.1,0.0,0.0015,1.95
5989,1.2225,0.5,0.1,0.0,0.0015,1.95
5990,1.222,0.0,0.0,0.0,0.0,1.95
5991,1.2225,0.5,0.1,0.0,0.0015,1.95
5992,1.222,0.0,0.0,0.0,0.0,1.95
5993,1.2225,0.5,0.1,0.0,0.0015,1.95
5994,1.2225,0.5,0.1,0.0,0.0015,1.95
5995,1.2225,0.5,0.1,0.0,0.0015,1.95
5996,1.222,0.0,0.0,0.0,0.0,1.95
5997,1.2225,0.5,0.1,0.0,0.0015,1.95
5998,1.2225,0.5,0.1,0.0,0.0015,1.95
5999,1.222,0.0,0.0,0.0,0.0,1.95
6000,1.222,0.0,0.0,0.0,0.0,1.95
6001,1.222,0.0,0.0,0.0,0.0,1.95
6002,1.2225,0.5,0.1,0.0,0.0015,1.95
6003,1.2225,0.5,0.1,0.0,0.0015,1.95
6004,1.2225,0.5,0.1,0.0,0.0015,1.95
6005,1.2225,0.5,0.1,0.0,0.0015,1.95
6006,1.2225,0.5,0.1,0.0,0.0015,1.95
6007,1.222,0.0,0.0,0.0,0.0,1.95
6008,1.222,0.0,0.0,0.0,0.0,1.95
6009,1.222,0.0,0.0,0.0,0.0,1.95
6010,1.2225,0.5,0.1,0.0,0.0015,1.95
6011,1.2225,0.5,0.1,0.0,0.0015,1.95
6012,1.222,0.0,0.0,0.0,0.0,1.95
6013,1.222,0.0,0.0,0.0,0.0,1.95
6014,1.2225,0.5,0.1,0.0,0.0015,1.95
6015,1.222,0.0,0.0,0.0,0.0,1.95
6016,1.222,0.0,0.0,0.0,0.0,1.95
6017,1.222,0.0,0.0,0.0,0.0,1.95
6018,1.2225,0.5,0.1,0.0,0.0015,1.95
6019,1.222,0.0,0.0,0.0,0.0,1.95
6020,1.2225,0.5,0.1,0.0,0.0015,1.95
6021,1.2225,0.5,0.1,0.0,0.0015,1.95
6022,1.2225,0.5,0.1,0.0,0.0015,1.95
6023,1.222,0.0,0.0,0.0,0.0,1.95
6024,1.2225,0.5,0.1,0.0,0.0015,1.95
6025,1.222,0.0,0.0,0.0,0.0,1.95
6026,1.2225,0.5,0.1,0.0,0.0015,1.95
6027,1.2225,0.5,0.1,0.0,0.0015,1.95
6028,1.2225,0.5,0.1,0.0,0.0015,1.95
6029,1.222,0.0,0.0,0.0,0.0,1.95
6030,1.2225,0.5,0.1,0.0,0.0015,1.95
6031,1.222,0.0,0.0,0.0,0.0,1.95
6032,1.2225,0.5,0.1,0.0,0.0015,1.95
6033,1.222,0.0,0.0,0.0,0.0,1.95
6034,1.2225,0.5,0.1,0.0,0.0015,1.95
6035,1.2225,0.5,0.1,0.0,0.0015,1.95
6036,1.222,0.0,0.0,0.0,0.0,1.95
6037,1.2225,0.5,0.1,0.0,0.0015,1.95
6038,1.2225,0.5,0.1,0.0,0.0015,1.95
6039,1.222,0.0,0.0,0.0,0.0,1.95
6040,1.2225,0.5,0.1,0.0,0.0015,1.95
6041,1.222,0.0,0.0,0.0,0.0,1.95
6042,1.222,0.0,0.0,0.0,0.0,1.95
6043,1.222,0.0,0.0,0.0,0.0,1.95
6044,1.222,0.0,0.0,0.0,0.0,1.95
6045,1.222,0.0,0.0,0.0,0.0,1.95
6046,1.2225,0.5,0.1,0.0,0.0015,1.95
6047,1.2225,0.5,0.1,0.0,0.0015,1.95
6048,1.2225,0.5,0.1,0.0,0.0015,1.95
6049,1.2225,0.5,0.1,0.0,0.0015,1.95
6050,1.222,0.0,0.0,0.0,0.0,1.95
6051,1.222,0.0,0.0,0.0,0.0,1.95
6052,1.2225,0.5,0.1,0.0,0.0015,1.95
6053,1.2225,0.5,0.1,0.0,0.0015,1.95
6054,1.222,0.0,0.0,0.0,0.0,1.95
6055,1.222,0.0,0.0,0.0,0.0,1.95
6056,1.222,0.0,0.0,0.0,0.0,1.95
6057,1.222,0.0,0.0,0.0,0.0,1.95
6058,1.222,0.0,0.0,0.0,0.0,1.95
6059,1.222,0.0,0.0,0.0,0.0,1.95
6060,1.2225,0.5,0.1,0.0,0.0015,1.95
6061,1.222,0.0,0.0,0.0,0.0,1.95
6062,1.2225,0.5,0.1,0.0,0.0015,1.95
6063,1.2225,0.5,0.1,0.0,0.0015,1.95
6064,1.222,0.0,0.0,0.0,0.0,1.95
6065,1.222,0.0,0.0,0.0,0.0,1.95
6066,1.222,0.0,0.0,0.0,0.0,1.95
6067,1.2225,0.5,0.1,0.0,0.0015,1.95
6068,1.2225,0.5,0.1,0.0,0.0015,1.95
6069,1.222,0.0,0.0,0.0,0.0,1.95
6070,1.2225,0.5,0.1,0.0,0.0015,1.95
6071,1.2225,0.5,0.1,0.0,0.0015,1.95
6072,1.222,0.0,0.0,0.0,0.0,1.95
6073,1.222,0.0,0.0,0.0,0.0,1.95
6074,1.222,0.0,0.0,0.0,0.0,1.95
6075,1.222,0.0,0.0,0.0,0.0,1.95
6076,1.222,0.0,0.0,0.0,0.0,1.95
6077,1.222,0.0,0.0,0.0,0.0,1.95
6078,1.2225,0.5,0.1,0.0,0.0015,1.95
6079,1.222,0.0,0.0,0.0,0.0,1.95
6080,1.222,0.0,0.0,0.0,0.0,1.95
6081,1.222,0.0,0.0,0.0,0.0,1.95
6082,1.2225,0.5,0.1,0.0,0.0015,1.95
6083,1.2225,0.5,0.1,0.0,0.0015,1.95
6084,1.2225,0.5,0.1,0.0,0.0015,1.95
6085,1.2225,0.5,0.1,0.0,0.0015,1.95
6086,1.2225,0.5,0.1,0.0,0.0015,1.95
6087,1.222,0.0,0.0,0.0,0.0,1.95
6088,1.222,0.0,0.0,0.0,0.0,1.95
6089,1.222,0.0,0.0,0.0,0.0,1.95
6090,1.222,0.0,0.0,0.0,0.0,1.95
6091,1.222,0.0,0.0,0.0,0.0,1.95
6092,1.222,0.0,0.0,0.0,0.0,1.95
6093,1.2225,0.5,0.1,0.0,0.0015,1.95
6094,1.2225,0.5,0.1,0.0,0.0015,1.95
6095,1.2225,0.5,0.1,0.0,0.0015,1.95
6096,1.2225,0.5,0.1,0.0,0.0015,1.95
6097,1.2225,0.5,0.1,0.0,0.0015,1.95
6098,1.2225,0.5,0.1,0.0,0.0015,1.95
6099,1.2225,0.5,0.1,0.0,0.0015,1.95
6100,1.2225,0.5,0.1,0.0,0.0015,1.95
6101,1.2225,0.5,0.1,0.0,0.0015,1.95
6102,1.222,0.0,0.0,0.0,0.0,1.95
6103,1.222,0.0,0.0,0.0,0.0,1.95
6104,1.222,0.0,0.0,0.0,0.0,1.95
6105,1.222,0.0,0.0,0.0,0.0,1.95
6106,1.222,0.0,0.0,0.0,0.0,1.95
6107,1.2225,0.5,0.1,0.0,0.0015,1.95
6108,1.222,0.0,0.0,0.0,0.0,1.95
6109,1.2225,0.5,0.1,0.0,0.0015,1.95
6110,1.222,0.0,0.0,0.0,0.0,1.95
6111,1.2225,0.5,0.1,0.0,0.0015,1.95
6112,1.222,0.0,0.0,0.0,0.0,1.95
6113,1.222,0.0,0.0,0.0,0.0,1.95
6114,1.222,0.0,0.0,0.0,0.0,1.95
6115,1.2225,0.5,0.1,0.0,0.0015,1.95
6116,1.222,0.0,0.0,0.0,0.0,1.95
6117,1.222,0.0,0.0,0.0,0.0,1.95
6118,1.222,0.0,0.0,0.0,0.0,1.95
6119,1.222,0.0,0.0,0.0,0.0,1.95
6120,1.2225,0.5,0.1,0.0,0.0015,1.95
6121,1.222,0.0,0.0,0.0,0.0,1.95
6122,1.222,0.0,0.0,0.0,0.0,1.95
6123,1.222,0.0,0.0,0.0,0.0,1.95
6124,1.222,0.0,0.0,0.0,0.0,1.95
6125,1.2225,0.5,0.1,0.0,0.0015,1.95
6126,1.222,0.0,0.0,0.0,0.0,1.95
6127,1.2225,0.5,0.1,0.0,0.0015,1.95
6128,1.2225,0.5,0.1,0.0,0.0015,1.95
6129,1.222,0.0,0.0,0.0,0.0,1.95
6130,1.2225,0.5,0.1,0.0,0.0015,1.95
6131,1.222,0.0,0.0,0.0,0.0,1.95
6132,1.2225,0.5,0.1,0.0,0.0015,1.95
6133,1.2225,0.5,0.1,0.0,0.0015,1.95
6134,1.2225,0.5,0.1,0.0,0.0015,1.95
6135,1.222,0.0,0.0,0.0,0.0,1.95
6136,1.222,0.0,0.0,0.0,0.0,1.95
6137,1.2225,0.5,0.1,0.0,0.0015,1.95
6138,1.222,0.0,0.0,0.0,0.0,1.95
6139,1.2225,0.5,0.1,0.0,0.0015,1.95
6140,1.222,0.0,0.0,0.0,0.0,1.95
6141,1.222,0.0,0.0,0.0,0.0,1.95
6142,1.2225,0.5,0.1,0.0,0.0015,1.95
6143,1.222,0.0,0.0,0.0,0.0,1.95
6144,1.2225,0.5,0.1,0.0,0.0015,1.95
6145,1.222,0.0,0.0,0.0,0.0,1.95
6146,1.222,0.0,0.0,0.0,0.0,1.95
6147,1.2225,0.5,0.1,0.0,0.0015,1.95
6148,1.222,0.0,0.0,0.0,0.0,1.95
6149,1.2225,0.5,0.1,0.0,0.0015,1.95
6150,1.2225,0.5,0.1,0.0,0.0015,1.95
6151,1.2225,0.5,0.1,0.0,0.0015,1.95
6152,1.222,0.0,0.0,0.0,0.0,1.95
6153,1.222,0.0,0.0,0.0,0.0,1.95
6154,1.2225,0.5,0.1,0.0,0.0015,1.95
6155,1.222,0.0,0.0,0.0,0.0,1.95
6156,1.2225,0.5,0.1,0.0,0.0015,1.95
6157,1.2225,0.5,0.1,0.0,0.0015,1.95
6158,1.222,0.0,0.0,0.0,0.0,1.95
6159,1.222,0.0,0.0,0.0,0.0,1.95
6160,1.222,0.0,0.0,0.0,0.0,1.95
6161,1.222,0.0,0.0,0.0,0.0,1.95
6162,1.222,0.0,0.0,0.0,0.0,1.95
6163,1.222,0.0,0.0,0.0,0.0,1.95
6164,1.222,0.0,0.0,0.0,0.0,1.95
6165,1.2225,0.5,0.1,0.0,0.0015,1.95
6166,1.222,0.0,0.0,0.0,0.0,1.95
6167,1.222,0.0,0.0,0.0,0.0,1.95
6168,1.222,0.0,0.0,0.0,0.0,1.95
6169,1.222,0.0,0.0,0.0,0.0,1.95
6170,1.222,0.0,0.0,0.0,0.0,1.95
6171,1.2225,0.5,0.1,0.0,0.0015,1.95
6172,1.222,0.0,0.0,0.0,0.0,1.95
6173,1.2225,0.5,0.1,0.0,0.0015,1.95
6174,1.2225,0.5,0.1,0.0,0.0015,1.95
6175,1.2225,0.5,0.1,0.0,0.0015,1.95
6176,1.2225,0.5,0.1,0.0,0.0015,1.95
6177,1.2225,0.5,0.1,0.0,0.0015,1.95
6178,1.222,0.0,0.0,0.0,0.0,1.95
6179,1.2225,0.5,0.1,0.0,0.0015,1.95
6180,1.222,0.0,0.0,0.0,0.0,1.95
6181,1.222,0.0,0.0,0.0,0.0,1.95
6182,1.222,0.0,0.0,0.0,0.0,1.95
6183,1.222,0.0,0.0,0.0,0.0,1.95
6184,1.2225,0.5,0.1,0.0,0.0015,1.95
6185,1.2225,0.5,0.1,0.0,0.0015,1.95
6186,1.2225,0.5,0.1,0.0,0.0015,1.95
6187,1.2225,0.5,0.1,0.0,0.0015,1.95
6188,1.222,0.0,0.0,0.0,0.0,1.95
6189,1.222,0.0,0.0,0.0,0.0,1.95
6190,1.222,0.0,0.0,0.0,0.0,1.95
6191,1.222,0.0,0.0,0.0,0.0,1.95
6192,1.222,0.0,0.0,0.0,0.0,1.95
6193,1.2225,0.5,0.1,0.0,0.0015,1.95
6194,1.222,0.0,0.0,0.0,0.0,1.95
6195,1.222,0.0,0.0,0.0,0.0,1.95
6196,1.2225,0.5,0.1,0.0,0.0015,1.95
6197,1.2225,0.5,0.1,0.0,0.0015,1.95
6198,1.2225,0.5,0.1,0.0,0.0015,1.95
6199,1.222,0.0,0.0,0.0,0.0,1.95
6200,1.2225,0.5,0.1,0.0,0.0015,1.95
6201,1.2225,0.5,0.1,0.0,0.0015,1.95
6202,1.2225,0.5,0.1,0.0,0.0015,1.95
6203,1.2225,0.5,0.1,0.0,0.0015,1.95
6204,1.222,0.0,0.0,0.0,0.0,1.95
6205,1.222,0.0,0.0,0.0,0.0,1.95
6206,1.222,0.0,0.0,0.0,0.0,1.95
6207,1.2225,0.5,0.1,0.0,0.0015,1.95
6208,1.222,0.0,0.0,0.0,0.0,1.95
6209,1.222,0.0,0.0,0.0,0.0,1.95
6210,1.222,0.0,0.0,0.0,0.0,1.95
6211,1.2225,0.5,0.1,0.0,0.0015,1.95
6212,1.222,0.0,0.0,0.0,0.0,1.95
6213,1.222,0.0,0.0,0.0,0.0,1.95
6214,1.222,0.0,0.0,0.0,0.0,1.95
6215,1.2225,0.5,0.1,0.0,0.0015,1.95
6216,1.2225,0.5,0.1,0.0,0.0015,1.95
6217,1.2225,0.5,0.1,0.0,0.0015,1.95
6218,1.2225,0.5,0.1,0.0,0.0015,1.95
6219,1.2225,0.5,0.1,0.0,0.0015,1.95
6220,1.222,0.0,0.0,0.0,0.0,1.95
6221,1.2225,0.5,0.1,0.0,0.0015,1.95
6222,1.222,0.0,0.0,0.0,0.0,1.95
6223,1.2225,0.5,0.1,0.0,0.0015,1.95
6224,1.2225,0.5,0.1,0.0,0.0015,1.95
6225,1.222,0.0,0.0,0.0,0.0,1.95
6226,1.2225,0.5,0.1,0.0,0.0015,1.95
6227,1.222,0.0,0.0,0.0,0.0,1.95
6228,1.2225,0.5,0.1,0.0,0.0015,1.95
6229,1.2225,0.5,0.1,0.0,0.0015,1.95
6230,1.2225,0.5,0.1,0.0,0.0015,1.95
6231,1.222,0.0,0.0,0.0,0.0,1.95
6232,1.2225,0.5,0.1,0.0,0.0015,1.95
6233,1.222,0.0,0.0,0.0,0.0,1.95
6234,1.2225,0.5,0.1,0.0,0.0015,1.95
6235,1.222,0.0,0.0,0.0,0.0,1.95
6236,1.2225,0.5,0.1,0.0,0.0015,1.95
6237,1.222,0.0,0.0,0.0,0.0,1.95
6238,1.2225,0.5,0.1,0.0,0.0015,1.95
6239,1.222,0.0,0.0,0.0,0.0,1.95
6240,1.222,0.0,0.0,0.0,0.0,1.95
6241,1.2225,0.5,0.1,0.0,0.0015,1.95
6242,1.222,0.0,0.0,0.0,0.0,1.95
6243,1.222,0.0,0.0,0.0,0.0,1.95
6244,1.222,0.0,0.0,0.0,0.0,1.95
6245,1.222,0.0,0.0,0.0,0.0,1.95
6246,1.222,0.0,0.0,0.0,0.0,1.95
6247,1.222,0.0,0.0,0.0,0.0,1.95
6248,1.222,0.0,0.0,0.0,0.0,1.95
6249,1.222,0.0,0.0,0.0,0.0,1.95
6250,1.222,0.0,0.0,0.0,0.0,1.95
6251,1.2225,0.5,0.1,0.0,0.0015,1.95
6252,1.222,0.0,0.0,0.0,0.0,1.95
6253,1.222,0.0,0.0,0.0,0.0,1.95
6254,1.222,0.0,0.0,0.0,0.0,1.95
6255,1.222,0.0,0.0,0.0,0.0,1.95
6256,1.222,0.0,0.0,0.0,0.0,1.95
6257,1.2225,0.5,0.1,0.0,0.0015,1.95
6258,1.2225,0.5,0.1,0.0,0.0015,1.95
6259,1.222,0.0,0.0,0.0,0.0,1.95
6260,1.2225,0.5,0.1,0.0,0.0015,1.95
6261,1.222,0.0,0.0,0.0,0.0,1.95
6262,1.2225,0.5,0.1,0.0,0.0015,1.95
6263,1.2225,0.5,0.1,0.0,0.0015,1.95
6264,1.222,0.0,0.0,0.0,0.0,1.95
6265,1.222,0.0,0.0,0.0,0.0,1.95
6266,1.2225,0.5,0.1,0.0,0.0015,1.95
6267,1.222,0.0,0.0,0.0,0.0,1.95
6268,1.222,0.0,0.0,0.0,0.0,1.95
6269,1.222,0.0,0.0,0.0,0.0,1.95
6270,1.222,0.0,0.0,0.0,0.0,1.95
6271,1.2225,0.5,0.1,0.0,0.0015,1.95
6272,1.2225,0.5,0.1,0.0,0.0015,1.95
6273,1.222,0.0,0.0,0.0,0.0,1.95
6274,1.222,0.0,0.0,0.0,0.0,1.95
6275,1.2225,0.5,0.1,0.0,0.0015,1.95
6276,1.222,0.0,0.0,0.0,0.0,1.95
6277,1.222,0.0,0.0,0.0,0.0,1.95
6278,1.222,0.0,0.0,0.0,0.0,1.95
6279,1.2225,0.5,0.1,0.0,0.0015,1.95
6280,1.2225,0.5,0.1,0.0,0.0015,1.95
6281,1.2225,0.5,0.1,0.0,0.0015,1.95
6282,1.2225,0.5,0.1,0.0,0.0015,1.95
6283,1.222,0.0,0.0,0.0,0.0,1.95
6284,1.2225,0.5,0.1,0.0,0.0015,1.95
6285,1.222,0.0,0.0,0.0,0.0,1.95
6286,1.222,0.0,0.0,0.0,0.0,1.95
6287,1.2225,0.5,0.1,0.0,0.0015,1.95
6288,1.2225,0.5,0.1,0.0,0.0015,1.95
6289,1.2225,0.5,0.1,0.0,0.0015,1.95
6290,1.222,0.0,0.0,0.0,0.0,1.95
6291,1.2225,0.5,0.1,0.0,0.0015,1.95
6292,1.222,0.0,0.0,0.0,0.0,1.95
6293,1.222,0.0,0.0,0.0,0.0,1.95
6294,1.2225,0.5,0.1,0.0,0.0015,1.95
6295,1.2225,0.5,0.1,0.0,0.0015,1.95
6296,1.2225,0.5,0.1,0.0,0.0015,1.95
6297,1.2225,0.5,0.1,0.0,0.0015,1.95
6298,1.2225,0.5,0.1,0.0,0.0015,1.95
6299,1.2225,0.5,0.1,0.0,0.0015,1.95
6300,1.2225,0.5,0.1,0.0,0.0015,1.95
6301,1.222,0.0,0.0,0.0,0.0,1.95
6302,1.2225,0.5,0.1,0.0,0.0015,1.95
6303,1.222,0.0,0.0,0.0,0.0,1.95
6304,1.2225,0.5,0.1,0.0,0.0015,1.95
6305,1.222,0.0,0.0,0.0,0.0,1.95
6306,1.222,0.0,0.0,0.0,0.0,1.95
6307,1.2225,0.5,0.1,0.0,0.0015,1.95
6308,1.2225,0.5,0.1,0.0,0.0015,1.95
6309,1.222,0.0,0.0,0.0,0.0,1.95
6310,1.222,0.0,0.0,0.0,0.0,1.95
6311,1.222,0.0,0.0,0.0,0.0,1.95
6312,1.2225,0.5,0.1,0.0,0.0015,1.95
6313,1.2225,0.5,0.1,0.0,0.0015,1.95
6314,1.2225,0.5,0.1,0.0,0.0015,1.95
6315,1.222,0.0,0.0,0.0,0.0,1.95
6316,1.2225,0.5,0.1,0.0,0.0015,1.95
6317,1.222,0.0,0.0,0.0,0.0,1.95
6318,1.222,0.0,0.0,0.0,0.0,1.95
6319,1.222,0.0,0.0,0.0,0.0,1.95
6320,1.2225,0.5,0.1,0.0,0.0015,1.95
6321,1.222,0.0,0.0,0.0,0.0,1.95
6322,1.222,0.0,0.0,0.0,0.0,1.95
6323,1.2225,0.5,0.1,0.0,0.0015,1.95
6324,1.2225,0.5,0.1,0.0,0.0015,1.95
6325,1.2225,0.5,0.1,0.0,0.0015,1.95
6326,1.222,0.0,0.0,0.0,0.0,1.95
6327,1.222,0.0,0.0,0.0,0.0,1.95
6328,1.222,0.0,0.0,0.0,0.0,1.95
6329,1.2225,0.5,0.1,0.0,0.0015,1.95
6330,1.222,0.0,0.0,0.0,0.0,1.95
6331,1.2225,0.5,0.1,0.0,0.0015,1.95
6332,1.222,0.0,0.0,0.0,0.0,1.95
6333,1.222,0.0,0.0,0.0,0.0,1.95
6334,1.222,0.0,0.0,0.0,0.0,1.95
6335,1.222,0.0,0.0,0.0,0.0,1.95
6336,1.2225,0.5,0.1,0.0,0.0015,1.95
6337,1.2225,0.5,0.1,0.0,0.0015,1.95
6338,1.222,0.0,0.0,0.0,0.0,1.95
6339,1.222,0.0,0.0,0.0,0.0,1.95
6340,1.222,0.0,0.0,0.0,0.0,1.95
6341,1.2225,0.5,0.1,0.0,0.0015,1.95
6342,1.2225,0.5,0.1,0.0,0.0015,1.95
6343,1.2225,0.5,0.1,0.0,0.0015,1.95
6344,1.222,0.0,0.0,0.0,0.0,1.95
6345,1.2225,0.5,0.1,0.0,0.0015,1.95
6346,1.2225,0.5,0.1,0.0,0.0015,1.95
6347,1.222,0.0,0.0,0.0,0.0,1.95
6348,1.222,0.0,0.0,0.0,0.0,1.95
6349,1.2225,0.5,0.1,0.0,0.0015,1.95
6350,1.222,0.0,0.0,0.0,0.0,1.95
6351,1.222,0.0,0.0,0.0,0.0,1.95
6352,1.222,0.0,0.0,0.0,0.0,1.95
6353,1.222,0.0,0.0,0.0,0.0,1.95
6354,1.2225,0.5,0.1,0.0,0.0015,1.95
6355,1.222,0.0,0.0,0.0,0.0,1.95
6356,1.2225,0.5,0.1,0.0,0.0015,1.95
6357,1.2225,0.5,0.1,0.0,0.0015,1.95
6358,1.222,0.0,0.0,0.0,0.0,1.95
6359,1.2225,0.5,0.1,0.0,0.0015,1.95
6360,1.2225,0.5,0.1,0.0,0.0015,1.95
6361,1.2225,0.5,0.1,0.0,0.0015,1.95
6362,1.222,0.0,0.0,0.0,0.0,1.95
6363,1.2225,0.5,0.1,0.0,0.0015,1.95
6364,1.222,0.0,0.0,0.0,0.0,1.95
6365,1.222,0.0,0.0,0.0,0.0,1.95
6366,1.222,0.0,0.0,0.0,0.0,1.95
6367,1.222,0.0,0.0,0.0,0.0,1.95
6368,1.222,0.0,0.0,0.0,0.0,1.95
6369,1.222,0.0,0.0,0.0,0.0,1.95
6370,1.2225,0.5,0.1,0.0,0.0015,1.95
6371,1.2225,0.5,0.1,0.0,0.0015,1.95
6372,1.222,0.0,0.0,0.0,0.0,1.95
6373,1.222,0.0,0.0,0.0,0.0,1.95
6374,1.222,0.0,0.0,0.0,0.0,1.95
6375,1.2225,0.5,0.1,0.0,0.0015,1.95
6376,1.222,0.0,0.0,0.0,0.0,1.95
6377,1.2225,0.5,0.1,0.0,0.0015,1.95
6378,1.2225,0.5,0.1,0.0,0.0015,1.95
6379,1.222,0.0,0.0,0.0,0.0,1.95
6380,1.222,0.0,0.0,0.0,0.0,1.95
6381,1.2225,0.5,0.1,0.0,0.0015,1.95
6382,1.2225,0.5,0.1,0.0,0.0015,1.95
6383,1.222,0.0,0.0,0.0,0.0,1.95
6384,1.2225,0.5,0.1,0.0,0.0015,1.95
6385,1.2225,0.5,0.1,0.0,0.0015,1.95
6386,1.222,0.0,0.0,0.0,0.0,1.95
6387,1.222,0.0,0.0,0.0,0.0,1.95
6388,1.222,0.0,0.0,0.0,0.0,1.95
6389,1.222,0.0,0.0,0.0,0.0,1.95
6390,1.2225,0.5,0.1,0.0,0.0015,1.95
6391,1.2225,0.5,0.1,0.0,0.0015,1.95
6392,1.2225,0.5,0.1,0.0,0.0015,1.95
6393,1.222,0.0,0.0,0.0,0.0,1.95
6394,1.2225,0.5,0.1,0.0,0.0015,1.95
6395,1.222,0.0,0.0,0.0,0.0,1.95
6396,1.2225,0.5,0.1,0.0,0.0015,1.95
6397,1.2225,0.5,0.1,0.0,0.0015,1.95
6398,1.222,0.0,0.0,0.0,0.0,1.95
6399,1.222,0.0,0.0,0.0,0.0,1.95
6400,1.2225,0.5,0.1,0.0,0.0015,1.95
6401,1.2225,0.5,0.1,0.0,0.0015,1.95
6402,1.2225,0.5,0.1,0.0,0.0015,1.95
6403,1.222,0.0,0.0,0.0,0.0,1.95
6404,1.2225,0.5,0.1,0.0,0.0015,1.95
6405,1.2225,0.5,0.1,0.0,0.0015,1.95
6406,1.222,0.0,0.0,0.0,0.0,1.95
6407,1.222,0.0,0.0,0.0,0.0,1.95
6408,1.2225,0.5,0.1,0.0,0.0015,1.95
6409,1.2225,0.5,0.1,0.0,0.0015,1.95
6410,1.2225,0.5,0.1,0.0,0.0015,1.95
6411,1.222,0.0,0.0,0.0,0.0,1.95
6412,1.222,0.0,0.0,0.0,0.0,1.95
6413,1.222,0.0,0.0,0.0,0.0,1.95
6414,1.222,0.0,0.0,0.0,0.0,1.95
6415,1.222,0.0,0.0,0.0,0.0,1.95
6416,1.2225,0.5,0.1,0.0,0.0015,1.95
6417,1.222,0.0,0.0,0.0,0.0,1.95
6418,1.222,0.0,0.0,0.0,0.0,1.95
6419,1.2225,0.5,0.1,0.0,0.0015,1.95
6420,1.2225,0.5,0.1,0.0,0.0015,1.95
6421,1.2225,0.5,0.1,0.0,0.0015,1.95
6422,1.222,0.0,0.0,0.0,0.0,1.95
6423,1.222,0.0,0.0,0.0,0.0,1.95
6424,1.222,0.0,0.0,0.0,0.0,1.95
6425,1.222,0.0,0.0,0.0,0.0,1.95
6426,1.2225,0.5,0.1,0.0,0.0015,1.95
6427,1.222,0.0,0.0,0.0,0.0,1.95
6428,1.2225,0.5,0.1,0.0,0.0015,1.95
6429,1.2225,0.5,0.1,0.0,0.0015,1.95
6430,1.222,0.0,0.0,0.0,0.0,1.95
6431,1.2225,0.5,0.1,0.0,0.0015,1.95
6432,1.2225,0.5,0.1,0.0,0.0015,1.95
6433,1.2225,0.5,0.1,0.0,0.0015,1.95
6434,1.222,0.0,0.0,0.0,0.0,1.95
6435,1.2225,0.5,0.1,0.0,0.0015,1.95
6436,1.222,0.0,0.0,0.0,0.0,1.95
6437,1.222,0.0,0.0,0.0,0.0,1.95
6438,1.222,0.0,0.0,0.0,0.0,1.95
6439,1.2225,0.5,0.1,0.0,0.0015,1.95
6440,1.222,0.0,0.0,0.0,0.0,1.95
6441,1.222,0.0,0.0,0.0,0.0,1.95
6442,1.222,0.0,0.0,0.0,0.0,1.95
6443,1.222,0.0,0.0,0.0,0.0,1.95
6444,1.2225,0.5,0.1,0.0,0.0015,1.95
6445,1.2225,0.5,0.1,0.0,0.0015,1.95
6446,1.222,0.0,0.0,0.0,0.0,1.95
6447,1.222,0.0,0.0,0.0,0.0,1.95
6448,1.2225,0.5,0.1,0.0,0.0015,1.95
6449,1.2225,0.5,0.1,0.0,0.0015,1.95
6450,1.222,0.0,0.0,0.0,0.0,1.95
6451,1.222,0.0,0.0,0.0,0.0,1.95
6452,1.2225,0.5,0.1,0.0,0.0015,1.95
6453,1.2225,0.5,0.1,0.0,0.0015,1.95
6454,1.222,0.0,0.0,0.0,0.0,1.95
6455,1.2225,0.5,0.1,0.0,0.0015,1.95
6456,1.222,0.0,0.0,0.0,0.0,1.95
6457,1.2225,0.5,0.1,0.0,0.0015,1.95
6458,1.222,0.0,0.0,0.0,0.0,1.95
6459,1.222,0.0,0.0,0.0,0.0,1.95
6460,1.222,0.0,0.0,0.0,0.0,1.95
6461,1.222,0.0,0.0,0.0,0.0,1.95
6462,1.2225,0.5,0.1,0.0,0.0015,1.95
6463,1.222,0.0,0.0,0.0,0.0,1.95
6464,1.222,0.0,0.0,0.0,0.0,1.95
6465,1.222,0.0,0.0,0.0,0.0,1.95
6466,1.2225,0.5,0.1,0.0,0.0015,1.95
6467,1.222,0.0,0.0,0.0,0.0,1.95
6468,1.2225,0.5,0.1,0.0,0.0015,1.95
6469,1.222,0.0,0.0,0.0,0.0,1.95
6470,1.2225,0.5,0.1,0.0,0.0015,1.95
6471,1.222,0.0,0.0,0.0,0.0,1.95
6472,1.2225,0.5,0.1,0.0,0.0015,1.95
6473,1.2225,0.5,0.1,0.0,0.0015,1.95
6474,1.2225,0.5,0.1,0.0,0.0015,1.95
6475,1.222,0.0,0.0,0.0,0.0,1.95
6476,1.2225,0.5,0.1,0.0,0.0015,1.95
6477,1.222,0.0,0.0,0.0,0.0,1.95
6478,1.222,0.0,0.0,0.0,0.0,1.95
6479,1.2225,0.5,0.1,0.0,0.0015,1.95
6480,1.2225,0.5,0.1,0.0,0.0015,1.95
6481,1.222,0.0,0.0,0.0,0.0,1.95
6482,1.222,0.0,0.0,0.0,0.0,1.95
6483,1.2225,0.5,0.1,0.0,0.0015,1.95
6484,1.2225,0.5,0.1,0.0,0.0015,1.95
6485,1.222,0.0,0.0,0.0,0.0,1.95
6486,1.2225,0.5,0.1,0.0,0.0015,1.95
6487,1.2225,0.5,0.1,0.0,0.0015,1.95
6488,1.2225,0.5,0.1,0.0,0.0015,1.95
6489,1.2225,0.5,0.1,0.0,0.0015,1.95
6490,1.2225,0.5,0.1,0.0,0.0015,1.95
6491,1.2225,0.5,0.1,0.0,0.0015,1.95
6492,1.2225,0.5,0.1,0.0,0.0015,1.95
6493,1.222,0.0,0.0,0.0,0.0,1.95
6494,1.222,0.0,0.0,0.0,0.0,1.95
6495,1.2225,0.5,0.1,0.0,0.0015,1.95
6496,1.2225,0.5,0.1,0.0,0.0015,1.95
6497,1.222,0.0,0.0,0.0,0.0,1.95
6498,1.222,0.0,0.0,0.0,0.0,1.95
6499,1.2225,0.5,0.1,0.0,0.0015,1.95
6500,1.222,0.0,0.0,0.0,0.0,1.95
6501,1.222,0.0,0.0,0.0,0.0,1.95
6502,1.2225,0.5,0.1,0.0,0.0015,1.95
6503,1.222,0.0,0.0,0.0,0.0,1.95
6504,1.222,0.0,0.0,0.0,0.0,1.95
6505,1.2225,0.5,0.1,0.0,0.0015,1.95
6506,1.2225,0.5,0.1,0.0,0.0015,1.95
6507,1.2225,0.5,0.1,0.0,0.0015,1.95
6508,1.222,0.0,0.0,0.0,0.0,1.95
6509,1.222,0.0,0.0,0.0,0.0,1.95
6510,1.2225,0.5,0.1,0.0,0.0015,1.95
6511,1.222,0.0,0.0,0.0,0.0,1.95
6512,1.2225,0.5,0.1,0.0,0.0015,1.95
6513,1.2225,0.5,0.1,0.0,0.0015,1.95
6514,1.2225,0.5,0.1,0.0,0.0015,1.95
6515,1.222,0.0,0.0,0.0,0.0,1.95
6516,1.2225,0.5,0.1,0.0,0.0015,1.95
6517,1.2225,0.5,0.1,0.0,0.0015,1.95
6518,1.222,0.0,0.0,0.0,0.0,1.95
6519,1.2225,0.5,0.1,0.0,0.0015,1.95
6520,1.222,0.0,0.0,0.0,0.0,1.95
6521,1.2225,0.5,0.1,0.0,0.0015,1.95
6522,1.2225,0.5,0.1,0.0,0.0015,1.95
6523,1.2225,0.5,0.1,0.0,0.0015,1.95
6524,1.222,0.0,0.0,0.0,0.0,1.95
6525,1.222,0.0,0.0,0.0,0.0,1.95
6526,1.222,0.0,0.0,0.0,0.0,1.95
6527,1.2225,0.5,0.1,0.0,0.0015,1.95
6528,1.2225,0.5,0.1,0.0,0.0015,1.95
6529,1.222,0.0,0.0,0.0,0.0,1.95
6530,1.2225,0.5,0.1,0.0,0.0015,1.95
6531,1.222,0.0,0.0,0.0,0.0,1.95
6532,1.222,0.0,0.0,0.0,0.0,1.95
6533,1.2225,0.5,0.1,0.0,0.0015,1.95
6534,1.2225,0.5,0.1,0.0,0.0015,1.95
6535,1.2225,0.5,0.1,0.0,0.0015,1.95
6536,1.222,0.0,0.0,0.0,0.0,1.95
6537,1.222,0.0,0.0,0.0,0.0,1.95
6538,1.222,0.0,0.0,0.0,0.0,1.95
6539,1.2225,0.5,0.1,0.0,0.0015,1.95
6540,1.222,0.0,0.0,0.0,0.0,1.95
6541,1.222,0.0,0.0,0.0,0.0,1.95
6542,1.222,0.0,0.0,0.0,0.0,1.95
6543,1.2225,0.5,0.1,0.0,0.0015,1.95
6544,1.222,0.0,0.0,0.0,0.0,1.95
6545,1.2225,0.5,0.1,0.0,0.0015,1.95
6546,1.2225,0.5,0.1,0.0,0.0015,1.95
6547,1.2225,0.5,0.1,0.0,0.0015,1.95
6548,1.2225,0.5,0.1,0.0,0.0015,1.95
6549,1.222,0.0,0.0,0.0,0.0,1.95
6550,1.2225,0.5,0.1,0.0,0.0015,1.95
6551,1.2225,0.5,0.1,0.0,0.0015,1.95
6552,1.2225,0.5,0.1,0.0,0.0015,1.95
6553,1.222,0.0,0.0,0.0,0.0,1.95
6554,1.2225,0.5,0.1,0.0,0.0015,1.95
6555,1.2225,0.5,0.1,0.0,0.0015,1.95
6556,1.2225,0.5,0.1,0.0,0.0015,1.95
6557,1.222,0.0,0.0,0.0,0.0,1.95
6558,1.222,0.0,0.0,0.0,0.0,1.95
6559,1.2225,0.5,0.1,0.0,0.0015,1.95
6560,1.2225,0.5,0.1,0.0,0.0015,1.95
6561,1.2225,0.5,0.1,0.0,0.0015,1.95
6562,1.222,0.0,0.0,0.0,0.0,1.95
6563,1.2225,0.5,0.1,0.0,0.0015,1.95
6564,1.222,0.0,0.0,0.0,0.0,1.95
6565,1.2225,0.5,0.1,0.0,0.0015,1.95
6566,1.2225,0.5,0.1,0.0,0.0015,1.95
6567,1.222,0.0,0.0,0.0,0.0,1.95
6568,1.222,0.0,0.0,0.0,0.0,1.95
6569,1.2225,0.5,0.1,0.0,0.0015,1.95
6570,1.222,0.0,0.0,0.0,0.0,1.95
6571,1.2225,0.5,0.1,0.0,0.0015,1.95
6572,1.222,0.0,0.0,0.0,0.0,1.95
6573,1.2225,0.5,0.1,0.0,0.0015,1.95
6574,1.222,0.0,0.0,0.0,0.0,1.95
6575,1.2225,0.5,0.1,0.0,0.0015,1.95
6576,1.222,0.0,0.0,0.0,0.0,1.95
6577,1.222,0.0,0.0,0.0,0.0,1.95
6578,1.222,0.0,0.0,0.0,0.0,1.95
6579,1.2225,0.5,0.1,0.0,0.0015,1.95
6580,1.222,0.0,0.0,0.0,0.0,1.95
6581,1.222,0.0,0.0,0.0,0.0,1.95
6582,1.2225,0.5,0.1,0.0,0.0015,1.95
6583,1.222,0.0,0.0,0.0,0.0,1.95
6584,1.2225,0.5,0.1,0.0,0.0015,1.95
6585,1.2225,0.5,0.1,0.0,0.0015,1.95
6586,1.222,0.0,0.0,0.0,0.0,1.95
6587,1.2225,0.5,0.1,0.0,0.0015,1.95
6588,1.222,0.0,0.0,0.0,0.0,1.95
6589,1.222,0.0,0.0,0.0,0.0,1.95
6590,1.222,0.0,0.0,0.0,0.0,1.95
6591,1.222,0.0,0.0,0.0,0.0,1.95
6592,1.222,0.0,0.0,0.0,0.0,1.95
6593,1.222,0.0,0.0,0.0,0.0,1.95
6594,1.222,0.0,0.0,0.0,0.0,1.95
6595,1.222,0.0,0.0,0.0,0.0,1.95
6596,1.222,0.0,0.0,0.0,0.0,1.95
6597,1.2225,0.5,0.1,0.0,0.0015,1.95
6598,1.222,0.0,0.0,0.0,0.0,1.95
6599,1.222,0.0,0.0,0.0,0.0,1.95
6600,1.222,0.0,0.0,0.0,0.0,1.95
6601,1.2225,0.5,0.1,0.0,0.0015,1.95
6602,1.2225,0.5,0.1,0.0,0.0015,1.95
6603,1.2225,0.5,0.1,0.0,0.0015,1.95
6604,1.2225,0.5,0.1,0.0,0.0015,1.95
6605,1.222,0.0,0.0,0.0,0.0,1.95
6606,1.222,0.0,0.0,0.0,0.0,1.95
6607,1.2225,0.5,0.1,0.0,0.0015,1.95
6608,1.222,0.0,0.0,0.0,0.0,1.95
6609,1.222,0.0,0.0,0.0,0.0,1.95
6610,1.222,0.0,0.0,0.0,0.0,1.95
6611,1.222,0.0,0.0,0.0,0.0,1.95
6612,1.2225,0.5,0.1,0.0,0.0015,1.95
6613,1.222,0.0,0.0,0.0,0.0,1.95
6614,1.222,0.0,0.0,0.0,0.0,1.95
6615,1.2225,0.5,0.1,0.0,0.0015,1.95
6616,1.222,0.0,0.0,0.0,0.0,1.95
6617,1.2225,0.5,0.1,0.0,0.0015,1.95
6618,1.2225,0.5,0.1,0.0,0.0015,1.95
6619,1.2225,0.5,0.1,0.0,0.0015,1.95
6620,1.222,0.0,0.0,0.0,0.0,1.95
6621,1.222,0.0,0.0,0.0,0.0,1.95
6622,1.2225,0.5,0.1,0.0,0.0015,1.95
6623,1.222,0.0,0.0,0.0,0.0,1.95
6624,1.2225,0.5,0.1,0.0,0.0015,1.95
6625,1.222,0.0,0.0,0.0,0.0,1.95
6626,1.2225,0.5,0.1,0.0,0.0015,1.95
6627,1.2225,0.5,0.1,0.0,0.0015,1.95
6628,1.2225,0.5,0.1,0.0,0.0015,1.95
6629,1.2225,0.5,0.1,0.0,0.0015,1.95
6630,1.222,0.0,0.0,0.0,0.0,1.95
6631,1.222,0.0,0.0,0.0,0.0,1.95
6632,1.222,0.0,0.0,0.0,0.0,1.95
6633,1.2225,0.5,0.1,0.0,0.0015,1.95
6634,1.222,0.0,0.0,0.0,0.0,1.95
6635,1.222,0.0,0.0,0.0,0.0,1.95
6636,1.2225,0.5,0.1,0.0,0.0015,1.95
6637,1.222,0.0,0.0,0.0,0.0,1.95
6638,1.2225,0.5,0.1,0.0,0.0015,1.95
6639,1.222,0.0,0.0,0.0,0.0,1.95
6640,1.222,0.0,0.0,0.0,0.0,1.95
6641,1.222,0.0,0.0,0.0,0.0,1.95
6642,1.222,0.0,0.0,0.0,0.0,1.95
6643,1.2225,0.5,0.1,0.0,0.0015,1.95
6644,1.2225,0.5,0.1,0.0,0.0015,1.95
6645,1.2225,0.5,0.1,0.0,0.0015,1.95
6646,1.222,0.0,0.0,0.0,0.0,1.95
6647,1.222,0.0,0.0,0.0,0.0,1.95
6648,1.222,0.0,0.0,0.0,0.0,1.95
6649,1.222,0.0,0.0,0.0,0.0,1.95
6650,1.222,0.0,0.0,0.0,0.0,1.95
6651,1.222,0.0,0.0,0.0,0.0,1.95
6652,1.222,0.0,0.0,0.0,0.0,1.95
6653,1.2225,0.5,0.1,0.0,0.0015,1.95
6654,1.222,0.0,0.0,0.0,0.0,1.95
6655,1.2225,0.5,0.1,0.0,0.0015,1.95
6656,1.2225,0.5,0.1,0.0,0.0015,1.95
6657,1.2225,0.5,0.1,0.0,0.0015,1.95
6658,1.222,0.0,0.0,0.0,0.0,1.95
6659,1.2225,0.5,0.1,0.0,0.0015,1.95
6660,1.222,0.0,0.0,0.0,0.0,1.95
6661,1.2225,0.5,0.1,0.0,0.0015,1.95
6662,1.222,0.0,0.0,0.0,0.0,1.95
6663,1.222,0.0,0.0,0.0,0.0,1.95
6664,1.2225,0.5,0.1,0.0,0.0015,1.95
6665,1.2225,0.5,0.1,0.0,0.0015,1.95
6666,1.2225,0.5,0.1,0.0,0.0015,1.95
6667,1.2225,0.5,0.1,0.0,0.0015,1.95
6668,1.2225,0.5,0.1,0.0,0.0015,1.95
6669,1.222,0.0,0.0,0.0,0.0,1.95
6670,1.222,0.0,0.0,0.0,0.0,1.95
6671,1.2225,0.5,0.1,0.0,0.0015,1.95
6672,1.2225,0.5,0.1,0.0,0.0015,1.95
6673,1.2225,0.5,0.1,0.0,0.0015,1.95
6674,1.2225,0.5,0.1,0.0,0.0015,1.95
6675,1.222,0.0,0.0,0.0,0.0,1.95
6676,1.222,0.0,0.0,0.0,0.0,1.95
6677,1.2225,0.5,0.1,0.0,0.0015,1.95
6678,1.2225,0.5,0.1,0.0,0.0015,1.95
6679,1.2225,0.5,0.1,0.0,0.0015,1.95
6680,1.2225,0.5,0.1,0.0,0.0015,1.95
6681,1.2225,0.5,0.1,0.0,0.0015,1.95
6682,1.222,0.0,0.0,0.0,0.0,1.95
6683,1.2225,0.5,0.1,0.0,0.0015,1.95
6684,1.2225,0.5,0.1,0.0,0.0015,1.95
6685,1.222,0.0,0.0,0.0,0.0,1.95
6686,1.222,0.0,0.0,0.0,0.0,1.95
6687,1.222,0.0,0.0,0.0,0.0,1.95
6688,1.222,0.0,0.0,0.0,0.0,1.95
6689,1.222,0.0,0.0,0.0,0.0,1.95
6690,1.2225,0.5,0.1,0.0,0.0015,1.95
6691,1.2225,0.5,0.1,0.0,0.0015,1.95
6692,1.222,0.0,0.0,0.0,0.0,1.95
6693,1.222,0.0,0.0,0.0,0.0,1.95
6694,1.222,0.0,0.0,0.0,0.0,1.95
6695,1.2225,0.5,0.1,0.0,0.0015,1.95
6696,1.222,0.0,0.0,0.0,0.0,1.95
6697,1.2225,0.5,0.1,0.0,0.0015,1.95
